'LA-A23-LAGTFS-Dimanche-01',8001,72000,4,'',0,60700,,'',0,10400,4,'',0,10100,,'',0,10500,4,'',0,1500,,'',0,10500,4,'',0,5500,,'',0,10500,4,'',0,1500,,'',0,10400,4,'',0,18400,0,'Pte-Calumet',0
'LA-A23-LAGTFS-Fête-1-01',8001,72000,4,'',0,9200,,'',0,10300,4,'',0,1700,,'',0,10500,4,'',0,1500,,'',0,10500,4,'',0,17000,,'',0,10400,4,'',0,10100,,'',0,10500,4,'',0,1500,,'',0,10500,4,'',0,5500,,'',0,10500,4,'',0,1500,,'',0,10400,4,'',0,18400,0,'Pte-Calumet',0
'LA-A23-LAGTFS-Fête-2-51',8001,80000,,'',0,10300,4,'',0,700,,'',0,10400,4,'',0,4100,,'',0,10400,4,'',0,15600,,'',0,10400,4,'',0,11600,,'',0,10500,4,'',0,500,,'',0,10500,4,'',0,500,,'',0,14500,4,'',0,4000,,'',0,10400,4,'',0,16600,,'',0,10200,4,'',0
'LA-A23-LAGTFS-Samedi-01',8001,72000,4,'',0,9200,,'',0,10300,4,'',0,1700,,'',0,10500,4,'',0,1500,,'',0,10500,4,'',0,17000,,'',0,10400,4,'',0,10100,,'',0,10500,4,'',0,1500,,'',0,10500,4,'',0,5500,,'',0,10500,4,'',0,1500,,'',0,10400,4,'',0,18400,0,'Pte-Calumet',0
'LA-A23-LAGTFS-Semaine-01',8001,60300,,'',0,3800,4,'',0,600,,'',0,7000,,'',0,8500,4,'',0,200,,'',0,3000,4,'',0,1100,,'',0,7600,4,'',0,1500,,'',0,6500,4,'',0,5100,4,'',0,4800,,'',0,11000,,'',0,700,4,'',0,11000,4,'',0,800,,'',0,11700,4,'',0,700,,'',0,7500,,'',0,8100,,'',0,200,4,'',0,3700,4,'',0,4700,,'',0,3300,4,'',0,400,,'',0,7900,,'',0,300,4,'',0,3500,4,'',0,4800,,'',0,2800,4,'',0,8500,4,'',0,1900,,'',0,11100,4,'',0,5400,,'',0,11100,4,'',0,700,0,'Pte-Calumet',0
'LA-A23-LAGTFS-Dimanche-01',8101,73200,,'',0,10400,4,'',0,1600,,'',0,10500,4,'',0,5500,,'',0,10500,4,'',0,9000,,'',0,10500,4,'',0,74000,,'',0,10300,4,'',0
'LA-A23-LAGTFS-Fête-1-01',8101,73200,,'',0,10400,4,'',0,1600,,'',0,10500,4,'',0,5500,,'',0,10500,4,'',0,9000,,'',0,10500,4,'',0,13500,,'',0,10500,4,'',0,6000,,'',0,10300,4,'',0,1700,,'',0,10300,4,'',0,1200,,'',0,10300,4,'',0,10200,,'',0,10300,4,'',0
'LA-A23-LAGTFS-Fête-2-51',8101,55700,,'',0,14400,4,'',0,2400,,'',0,10400,4,'',0,600,,'',0,10500,4,'',0,500,,'',0,10500,4,'',0,15500,,'',0,10500,4,'',0,11500,,'',0,10500,4,'',0,8000,,'',0,10300,4,'',0,700,,'',0,10300,4,'',0,700,,'',0,10300,4,'',0,12200,,'',0,10300,4,'',0
'LA-A23-LAGTFS-Samedi-01',8101,73200,,'',0,10400,4,'',0,1600,,'',0,10500,4,'',0,5500,,'',0,10500,4,'',0,9000,,'',0,10500,4,'',0,13500,,'',0,10500,4,'',0,6000,,'',0,10300,4,'',0,1700,,'',0,10300,4,'',0,1200,,'',0,10300,4,'',0,10200,,'',0,10300,4,'',0
'LA-A23-LAGTFS-Semaine-01',8101,54400,4,'',0,400,,'',0,6700,4,'',0,400,,'',0,8200,,'',0,400,4,'',0,3100,4,'',0,700,,'',0,7500,,'',0,300,4,'',0,7900,,'',0,400,4,'',0,3400,4,'',0,8100,,'',0,100,4,'',0,11800,,'',0,200,4,'',0,11900,4,'',0,4700,,'',0,11700,,'',0,300,4,'',0,8800,,'',0,3000,4,'',0,600,,'',0,8100,,'',0,500,4,'',0,7600,4,'',0,500,,'',0,3500,4,'',0,600,,'',0,7500,,'',0,500,4,'',0,7800,4,'',0,3300,4,'',0,300,,'',0,15500,4,'',0
