'LA-H24-LAGTFS-Dimanche-02',10000,82900,,'',0,10000,,'',0,10000,,'',0,10000,,'',0,10000,,'',0,10000,,'',0,10000,,'',0,10000,,'',0,10000,,'',0,10000,,'',0,10000,,'',0,10000,,'',0,10000,,'',0,10000,,'',0,10000,,'',0
'LA-H24-LAGTFS-Dimanche-02',10001,82400,4,'',0,10000,4,'',0,10000,4,'',0,10000,4,'',0,10000,4,'',0,10000,4,'',0,10000,4,'',0,10000,4,'',0,10000,4,'',0,10000,4,'',0,10000,4,'',0,10000,4,'',0,10000,4,'',0,10000,4,'',0,10000,4,'',0
'LA-H24-LAGTFS-Dimanche-03',10000,82900,,'',0,10000,,'',0,10000,,'',0,10000,,'',0,10000,,'',0,10000,,'',0,10000,,'',0,10000,,'',0,10000,,'',0,10000,,'',0,10000,,'',0,10000,,'',0,10000,,'',0,10000,,'',0,10000,,'',0
'LA-H24-LAGTFS-Dimanche-03',10001,82400,4,'',0,10000,4,'',0,10000,4,'',0,10000,4,'',0,10000,4,'',0,10000,4,'',0,10000,4,'',0,10000,4,'',0,10000,4,'',0,10000,4,'',0,10000,4,'',0,10000,4,'',0,10000,4,'',0,10000,4,'',0,10000,4,'',0
'LA-H24-LAGTFS-Fête-1-01',10000,82900,,'',0,10000,,'',0,10000,,'',0,10000,,'',0,10000,,'',0,10000,,'',0,10000,,'',0,10000,,'',0,10000,,'',0,10000,,'',0,10000,,'',0,10000,,'',0,10000,,'',0,10000,,'',0,10000,,'',0
'LA-H24-LAGTFS-Fête-1-01',10001,82400,4,'',0,10000,4,'',0,10000,4,'',0,10000,4,'',0,10000,4,'',0,10000,4,'',0,10000,4,'',0,10000,4,'',0,10000,4,'',0,10000,4,'',0,10000,4,'',0,10000,4,'',0,10000,4,'',0,10000,4,'',0,10000,4,'',0
'LA-H24-LAGTFS-Fête-1-02',10000,82900,,'',0,10000,,'',0,10000,,'',0,10000,,'',0,10000,,'',0,10000,,'',0,10000,,'',0,10000,,'',0,10000,,'',0,10000,,'',0,10000,,'',0,10000,,'',0,10000,,'',0,10000,,'',0,10000,,'',0
'LA-H24-LAGTFS-Fête-1-02',10001,82400,4,'',0,10000,4,'',0,10000,4,'',0,10000,4,'',0,10000,4,'',0,10000,4,'',0,10000,4,'',0,10000,4,'',0,10000,4,'',0,10000,4,'',0,10000,4,'',0,10000,4,'',0,10000,4,'',0,10000,4,'',0,10000,4,'',0
'LA-H24-LAGTFS-Samedi-02',10000,82900,,'',0,10000,,'',0,10000,,'',0,10000,,'',0,10000,,'',0,10000,,'',0,10000,,'',0,10000,,'',0,10000,,'',0,10000,,'',0,10000,,'',0,10000,,'',0,10000,,'',0,10000,,'',0,10000,,'',0
'LA-H24-LAGTFS-Samedi-02',10001,82400,4,'',0,10000,4,'',0,10000,4,'',0,10000,4,'',0,10000,4,'',0,10000,4,'',0,10000,4,'',0,10000,4,'',0,10000,4,'',0,10000,4,'',0,10000,4,'',0,10000,4,'',0,10000,4,'',0,10000,4,'',0,10000,4,'',0
'LA-H24-LAGTFS-Samedi-03',10000,82900,,'',0,10000,,'',0,10000,,'',0,10000,,'',0,10000,,'',0,10000,,'',0,10000,,'',0,10000,,'',0,10000,,'',0,10000,,'',0,10000,,'',0,10000,,'',0,10000,,'',0,10000,,'',0,10000,,'',0
'LA-H24-LAGTFS-Samedi-03',10001,82400,4,'',0,10000,4,'',0,10000,4,'',0,10000,4,'',0,10000,4,'',0,10000,4,'',0,10000,4,'',0,10000,4,'',0,10000,4,'',0,10000,4,'',0,10000,4,'',0,10000,4,'',0,10000,4,'',0,10000,4,'',0,10000,4,'',0
'LA-H24-LAGTFS-Semaine-02',10000,61200,,'',0,2500,,'',0,7500,,'',0,2000,,'',0,7600,,'',0,2800,,'',0,9400,,'',0,10000,,'',0,10000,,'',0,10000,,'',0,10000,,'',0,10000,,'',0,10000,,'',0,7500,,'',0,3800,,'',0,7400,,'',0,2300,,'',0,7500,,'',0,2600,,'',0,7500,,'',0,9900,,'',0,10000,,'',0,10000,,'',0
'LA-H24-LAGTFS-Semaine-02',10001,60300,4,'',0,2700,4,'',0,7300,4,'',0,2000,4,'',0,7700,4,'',0,3100,4,'',0,9400,4,'',0,9300,4,'',0,10000,4,'',0,10200,4,'',0,10000,4,'',0,10500,4,'',0,10000,4,'',0,7500,4,'',0,3600,4,'',0,7600,4,'',0,2300,4,'',0,7500,4,'',0,2500,4,'',0,7500,4,'',0,10000,4,'',0,10000,4,'',0,10000,4,'',0
'LA-H24-LAGTFS-Semaine-03',10000,61200,,'',0,2500,,'',0,7500,,'',0,2000,,'',0,7600,,'',0,2800,,'',0,9400,,'',0,10000,,'',0,10000,,'',0,10000,,'',0,10000,,'',0,10000,,'',0,10000,,'',0,7500,,'',0,3800,,'',0,7400,,'',0,2300,,'',0,7500,,'',0,2600,,'',0,7500,,'',0,9900,,'',0,10000,,'',0,10000,,'',0
'LA-H24-LAGTFS-Semaine-03',10001,60300,4,'',0,2700,4,'',0,7300,4,'',0,2000,4,'',0,7700,4,'',0,3100,4,'',0,9400,4,'',0,9300,4,'',0,10000,4,'',0,10200,4,'',0,10000,4,'',0,10500,4,'',0,10000,4,'',0,7500,4,'',0,3600,4,'',0,7600,4,'',0,2300,4,'',0,7500,4,'',0,2500,4,'',0,7500,4,'',0,10000,4,'',0,10000,4,'',0,10000,4,'',0
