'LA-H23-LAGTFS-Dimanche-02',800,81000,,'',0,10000,,'',0,11000,,'',0,11000,,'',0,11000,,'',0,11000,,'',0,15000,,'',0,11000,,'',0,11000,,'',0,11000,,'',0,11000,,'',0,11000,,'',0,15000,,'',0,10500,,'',0,11000,,'',0
'LA-H23-LAGTFS-Dimanche-02',801,80500,4,'',0,9700,4,'',0,11000,4,'',0,11100,4,'',0,11000,4,'',0,11000,4,'',0,11000,4,'',0,15000,4,'',0,11000,4,'',0,11000,4,'',0,11000,4,'',0,10900,4,'',0,11000,4,'',0,15000,4,'',0,11000,4,'',0
'LA-H23-LAGTFS-Fête-1-02',800,72500,,'',0,7500,,'',0,3500,,'',0,7500,,'',0,3500,,'',0,7500,,'',0,11000,,'',0,11000,,'',0,11000,,'',0,15000,,'',0,11000,,'',0,3500,,'',0,7500,,'',0,3500,,'',0,7500,,'',0,11000,,'',0,11000,,'',0,15000,,'',0,10500,,'',0,11000,,'',0,11000,,'',0
'LA-H23-LAGTFS-Fête-1-02',801,71700,4,'',0,3500,4,'',0,7500,4,'',0,7500,4,'',0,3500,4,'',0,7500,4,'',0,11100,4,'',0,11000,4,'',0,11000,4,'',0,11000,4,'',0,15000,4,'',0,3500,4,'',0,7500,4,'',0,3500,4,'',0,7500,4,'',0,11000,4,'',0,10900,4,'',0,11000,4,'',0,15000,4,'',0,11000,4,'',0,11000,4,'',0
'LA-H23-LAGTFS-Samedi-02',800,72500,,'',0,7500,,'',0,3500,,'',0,7500,,'',0,3500,,'',0,7500,,'',0,11000,,'',0,11000,,'',0,11000,,'',0,15000,,'',0,11000,,'',0,3500,,'',0,7500,,'',0,3500,,'',0,7500,,'',0,11000,,'',0,11000,,'',0,15000,,'',0,10500,,'',0,11000,,'',0,11000,,'',0
'LA-H23-LAGTFS-Samedi-02',801,71700,4,'',0,3500,4,'',0,7500,4,'',0,7500,4,'',0,3500,4,'',0,7500,4,'',0,11100,4,'',0,11000,4,'',0,11000,4,'',0,11000,4,'',0,15000,4,'',0,3500,4,'',0,7500,4,'',0,3500,4,'',0,7500,4,'',0,11000,4,'',0,10900,4,'',0,11000,4,'',0,15000,4,'',0,11000,4,'',0,11000,4,'',0
'LA-H23-LAGTFS-Semaine-04',800,52500,,'',0,2900,,'',0,7000,,'',0,2400,,'',0,5500,,'',0,1500,,'',0,1500,,'',0,1000,,'',0,700,,'',0,6000,,'',0,1000,,'',0,1500,,'',0,1400,,'',0,5800,,'',0,4100,,'',0,8000,,'',0,8000,,'',0,3800,,'',0,8100,,'',0,7600,,'',0,4500,,'',0,7300,,'',0,3100,,'',0,5300,,'',0,2800,,'',0,900,,'',0,400,,'',0,1100,,'',0,6000,,'',0,900,,'',0,500,,'',0,1500,,'',0,900,,'',0,5200,,'',0,1500,,'',0,1800,,'',0,1000,,'',0,6300,,'',0,1800,,'',0,900,,'',0,7300,,'',0,4000,,'',0,7900,,'',0,8100,,'',0,3700,,'',0,7200,,'',0,10800,,'',0,10000,,'',0
'LA-H23-LAGTFS-Semaine-04',801,51200,4,'',0,3800,4,'',0,6700,4,'',0,500,4,'',0,2000,4,'',0,1600,4,'',0,5000,4,'',0,600,4,'',0,1800,4,'',0,1000,4,'',0,900,4,'',0,4900,4,'',0,1300,4,'',0,1100,4,'',0,2300,4,'',0,900,4,'',0,7700,4,'',0,7000,4,'',0,4100,4,'',0,7900,4,'',0,8000,4,'',0,4000,4,'',0,8200,4,'',0,7700,4,'',0,4800,4,'',0,7700,4,'',0,2300,4,'',0,5900,4,'',0,1000,4,'',0,1600,4,'',0,1100,4,'',0,5400,4,'',0,900,4,'',0,2400,4,'',0,1100,4,'',0,900,4,'',0,6400,4,'',0,1100,4,'',0,7800,4,'',0,3400,4,'',0,8000,4,'',0,8300,4,'',0,3700,4,'',0,7700,4,'',0,10800,4,'',0,10000,4,'',0
'LA-H23-LAGTFS-Semaine-04-0000100',800,253000,,'',0
'LA-H23-LAGTFS-Semaine-04-0000100',801,252500,4,'',0
'LA-H23-LAGTFS-Semaine-04',5900,60400,,'',0,5300,,'',0,6800,,'',0,78500,,'',0,2800,,'',0,8300,,'',0,8200,,'',0,4200,,'',0,8200,,'',0
'LA-H23-LAGTFS-Semaine-04',5901,55900,4,'',0,7600,4,'',0,8300,4,'',0,2700,4,'',0,6400,4,'',0,2700,4,'',0,77600,4,'',0,3200,4,'',0,8900,4,'',0,7600,4,'',0
