'LA-H24-LAGTFS-Dimanche-01',9300,95700,4,'',0,16000,4,'',0,12000,4,'',0,12000,4,'',0,16000,4,'',0,12000,4,'',0,12000,4,'',0,16000,4,'',0,12000,4,'',0
'LA-H24-LAGTFS-Dimanche-01',9301,84700,,'',0,16000,,'',0,12000,,'',0,12000,,'',0,16000,,'',0,12000,,'',0,12000,,'',0,16000,,'',0,12000,,'',0,12000,,'',0
'LA-H24-LAGTFS-Dimanche-02',9300,95700,4,'',0,16000,4,'',0,12000,4,'',0,12000,4,'',0,16000,4,'',0,12000,4,'',0,12000,4,'',0,16000,4,'',0,12000,4,'',0
'LA-H24-LAGTFS-Dimanche-02',9301,84700,,'',0,16000,,'',0,12000,,'',0,12000,,'',0,16000,,'',0,12000,,'',0,12000,,'',0,16000,,'',0,12000,,'',0,12000,,'',0
'LA-H24-LAGTFS-Fête-1-01',9300,83700,4,'',0,12000,4,'',0,16000,4,'',0,12000,4,'',0,12000,4,'',0,16000,4,'',0,12000,4,'',0,12000,4,'',0,16000,4,'',0,12000,4,'',0,12200,4,'',0
'LA-H24-LAGTFS-Fête-1-01',9301,72700,,'',0,12000,,'',0,16000,,'',0,12000,,'',0,12000,,'',0,16000,,'',0,12000,,'',0,12000,,'',0,16000,,'',0,12000,,'',0,12000,,'',0,17300,,'',0
'LA-H24-LAGTFS-Samedi-01',9300,83700,4,'',0,12000,4,'',0,16000,4,'',0,12000,4,'',0,12000,4,'',0,16000,4,'',0,12000,4,'',0,12000,4,'',0,16000,4,'',0,12000,4,'',0,12200,4,'',0
'LA-H24-LAGTFS-Samedi-01',9301,72700,,'',0,12000,,'',0,16000,,'',0,12000,,'',0,12000,,'',0,16000,,'',0,12000,,'',0,12000,,'',0,16000,,'',0,12000,,'',0,12000,,'',0,17300,,'',0
'LA-H24-LAGTFS-Samedi-02',9300,83700,4,'',0,12000,4,'',0,16000,4,'',0,12000,4,'',0,12000,4,'',0,16000,4,'',0,12000,4,'',0,12000,4,'',0,16000,4,'',0,12000,4,'',0,12200,4,'',0
'LA-H24-LAGTFS-Samedi-02',9301,72700,,'',0,12000,,'',0,16000,,'',0,12000,,'',0,12000,,'',0,16000,,'',0,12000,,'',0,12000,,'',0,16000,,'',0,12000,,'',0,12000,,'',0,17300,,'',0
'LA-H24-LAGTFS-Semaine-01',9300,64100,4,'',0,6900,4,'',0,9300,4,'',0,4300,4,'',0,8300,4,'',0,11900,4,'',0,15800,4,'',0,12000,4,'',0,12400,4,'',0,8600,4,'',0,7700,4,'',0,8900,4,'',0,4200,4,'',0,7200,4,'',0,2900,4,'',0,6500,4,'',0,3400,4,'',0,7800,4,'',0,12300,4,'',0
'LA-H24-LAGTFS-Semaine-01',9301,52800,,'',0,3000,,'',0,9500,,'',0,7200,,'',0,9200,,'',0,12500,,'',0,15800,,'',0,12000,,'',0,11400,,'',0,9100,,'',0,2800,,'',0,9900,,'',0,8300,,'',0,7200,,'',0,3000,,'',0,10200,,'',0,7800,,'',0,11500,,'',0,11900,,'',0
'LA-H24-LAGTFS-Semaine-02',9300,64100,4,'',0,6900,4,'',0,9300,4,'',0,4300,4,'',0,8300,4,'',0,11900,4,'',0,15800,4,'',0,12000,4,'',0,12400,4,'',0,8600,4,'',0,7700,4,'',0,8900,4,'',0,4200,4,'',0,7200,4,'',0,2900,4,'',0,6500,4,'',0,3400,4,'',0,7800,4,'',0,12300,4,'',0
'LA-H24-LAGTFS-Semaine-02',9301,52800,,'',0,3000,,'',0,9500,,'',0,7200,,'',0,9200,,'',0,12500,,'',0,15800,,'',0,12000,,'',0,11400,,'',0,9100,,'',0,2800,,'',0,9900,,'',0,8300,,'',0,7200,,'',0,3000,,'',0,10200,,'',0,7800,,'',0,11500,,'',0,11900,,'',0
