'LA-H23-LAGTFS-Dimanche-02',800,83200,4,'',0,10000,4,'',0,11100,4,'',0,11000,4,'',0,15100,4,'',0,11000,4,'',0,11000,4,'',0,10900,4,'',0,11000,4,'',0,11000,4,'',0,15000,4,'',0,11000,4,'',0,11000,4,'',0,10500,4,'',0,10900,4,'',0
'LA-H23-LAGTFS-Dimanche-02',801,74000,,'',0,9700,,'',0,11000,,'',0,11000,,'',0,15000,,'',0,11000,,'',0,11000,,'',0,11000,,'',0,11000,,'',0,11000,,'',0,15000,,'',0,11000,,'',0,11000,,'',0,11000,,'',0,11000,,'',0
'LA-H23-LAGTFS-Fête-1-02',800,74700,4,'',0,7500,4,'',0,3500,4,'',0,7500,4,'',0,7500,4,'',0,3600,4,'',0,11000,4,'',0,15100,4,'',0,11000,4,'',0,11000,4,'',0,10900,4,'',0,7500,4,'',0,3500,4,'',0,7500,4,'',0,3500,4,'',0,15000,4,'',0,11000,4,'',0,11000,4,'',0,10500,4,'',0,10900,4,'',0,11000,4,'',0
'LA-H23-LAGTFS-Fête-1-02',801,65200,,'',0,7500,,'',0,7500,,'',0,3500,,'',0,7500,,'',0,3500,,'',0,11000,,'',0,15000,,'',0,11000,,'',0,11000,,'',0,11000,,'',0,7500,,'',0,3500,,'',0,7500,,'',0,3500,,'',0,15000,,'',0,11000,,'',0,11000,,'',0,11000,,'',0,11000,,'',0,11000,,'',0
'LA-H23-LAGTFS-Samedi-02',800,74700,4,'',0,7500,4,'',0,3500,4,'',0,7500,4,'',0,7500,4,'',0,3600,4,'',0,11000,4,'',0,15100,4,'',0,11000,4,'',0,11000,4,'',0,10900,4,'',0,7500,4,'',0,3500,4,'',0,7500,4,'',0,3500,4,'',0,15000,4,'',0,11000,4,'',0,11000,4,'',0,10500,4,'',0,10900,4,'',0,11000,4,'',0
'LA-H23-LAGTFS-Samedi-02',801,65200,,'',0,7500,,'',0,7500,,'',0,3500,,'',0,7500,,'',0,3500,,'',0,11000,,'',0,15000,,'',0,11000,,'',0,11000,,'',0,11000,,'',0,7500,,'',0,3500,,'',0,7500,,'',0,3500,,'',0,15000,,'',0,11000,,'',0,11000,,'',0,11000,,'',0,11000,,'',0,11000,,'',0
'LA-H23-LAGTFS-Semaine-04',800,54900,4,'',0,6900,4,'',0,3000,4,'',0,6400,4,'',0,1600,4,'',0,1500,4,'',0,1500,4,'',0,5000,4,'',0,700,4,'',0,2000,4,'',0,1000,4,'',0,5500,4,'',0,1400,4,'',0,1800,4,'',0,8100,4,'',0,4000,4,'',0,8000,4,'',0,7800,4,'',0,4100,4,'',0,7600,4,'',0,8500,4,'',0,3500,4,'',0,7900,4,'',0,1600,4,'',0,6200,4,'',0,1000,4,'',0,1300,4,'',0,1100,4,'',0,1500,4,'',0,5400,4,'',0,600,4,'',0,900,4,'',0,1400,4,'',0,1000,4,'',0,1100,4,'',0,5400,4,'',0,1400,4,'',0,1700,4,'',0,6300,4,'',0,900,4,'',0,2300,4,'',0,8700,4,'',0,7900,4,'',0,4100,4,'',0,7700,4,'',0,3200,4,'',0,9900,4,'',0,10000,4,'',0
'LA-H23-LAGTFS-Semaine-04',801,45000,,'',0,6900,,'',0,2100,,'',0,1200,,'',0,5200,,'',0,1600,,'',0,1000,,'',0,1000,,'',0,1200,,'',0,5000,,'',0,1300,,'',0,900,,'',0,1100,,'',0,1100,,'',0,6300,,'',0,900,,'',0,3900,,'',0,8100,,'',0,8100,,'',0,3900,,'',0,8000,,'',0,8000,,'',0,8200,,'',0,3700,,'',0,8800,,'',0,7700,,'',0,2300,,'',0,1800,,'',0,1000,,'',0,5600,,'',0,1100,,'',0,1400,,'',0,900,,'',0,6400,,'',0,1100,,'',0,900,,'',0,2400,,'',0,5100,,'',0,4000,,'',0,7500,,'',0,4000,,'',0,8300,,'',0,7700,,'',0,3700,,'',0,14800,,'',0,10000,,'',0
'LA-H23-LAGTFS-Semaine-04-0000100',800,255300,4,'',0
'LA-H23-LAGTFS-Semaine-04-0000100',801,250200,,'',0
