'LA-A23-LAGTFS-Dimanche-05',900,55800,,'',0,7000,,'',0,3000,,'',0,7000,,'',0,3000,,'',0,7000,,'',0,3000,,'',0,7000,,'',0,2900,,'',0,7000,,'',0,3000,,'',0,7000,,'',0,3000,,'',0,7000,,'',0,3000,,'',0,7000,,'',0,3000,,'',0,7000,,'',0,3000,,'',0,7000,,'',0,3000,,'',0,7000,,'',0,3000,,'',0,7000,,'',0,3000,,'',0,7000,,'',0,3000,,'',0,7000,,'',0,3000,,'',0,7000,,'',0,3000,,'',0,7000,,'',0,3000,,'',0,7000,,'',0,3000,,'',0,7000,,'',0,3000,,'',0,7000,,'',0,3000,,'',0
'LA-A23-LAGTFS-Dimanche-05',901,63000,4,'',0,7000,4,'',0,3000,4,'',0,7000,4,'',0,3000,4,'',0,7000,4,'',0,3000,4,'',0,7000,4,'',0,3000,4,'',0,7100,4,'',0,3000,4,'',0,7000,4,'',0,3000,4,'',0,7000,4,'',0,3000,4,'',0,7000,4,'',0,3000,4,'',0,7000,4,'',0,3100,4,'',0,7000,4,'',0,2900,4,'',0,7000,4,'',0,3000,4,'',0,7000,4,'',0,3000,4,'',0,7000,4,'',0,3000,4,'',0,7000,4,'',0,3000,4,'',0,7000,4,'',0,3000,4,'',0,7000,4,'',0,3000,4,'',0,7000,4,'',0,3000,4,'',0,7000,4,'',0,3000,4,'',0
'LA-A23-LAGTFS-Fête-1-05',900,55800,,'',0,7000,,'',0,3000,,'',0,7000,,'',0,3000,,'',0,7000,,'',0,3000,,'',0,7000,,'',0,2900,,'',0,7000,,'',0,3000,,'',0,7000,,'',0,3000,,'',0,7000,,'',0,3000,,'',0,7000,,'',0,3000,,'',0,7000,,'',0,3000,,'',0,7000,,'',0,3000,,'',0,7000,,'',0,3000,,'',0,7000,,'',0,3000,,'',0,7000,,'',0,3000,,'',0,7000,,'',0,3000,,'',0,7000,,'',0,3000,,'',0,7000,,'',0,3000,,'',0,7000,,'',0,3000,,'',0,7000,,'',0,3000,,'',0,7000,,'',0,3000,,'',0
'LA-A23-LAGTFS-Fête-1-05',901,63000,4,'',0,7000,4,'',0,3000,4,'',0,7000,4,'',0,3000,4,'',0,7000,4,'',0,3000,4,'',0,7000,4,'',0,3000,4,'',0,7100,4,'',0,3000,4,'',0,7000,4,'',0,3000,4,'',0,7000,4,'',0,3000,4,'',0,7000,4,'',0,3000,4,'',0,7000,4,'',0,3100,4,'',0,7000,4,'',0,2900,4,'',0,7000,4,'',0,3000,4,'',0,7000,4,'',0,3000,4,'',0,7000,4,'',0,3000,4,'',0,7000,4,'',0,3000,4,'',0,7000,4,'',0,3000,4,'',0,7000,4,'',0,3000,4,'',0,7000,4,'',0,3000,4,'',0,7000,4,'',0,3000,4,'',0
'LA-A23-LAGTFS-Samedi-05',900,55800,,'',0,7000,,'',0,3000,,'',0,7000,,'',0,3000,,'',0,7000,,'',0,3000,,'',0,7000,,'',0,2900,,'',0,7000,,'',0,3000,,'',0,7000,,'',0,3000,,'',0,7000,,'',0,3000,,'',0,7000,,'',0,3000,,'',0,7000,,'',0,3000,,'',0,7000,,'',0,3000,,'',0,7000,,'',0,3000,,'',0,7000,,'',0,3000,,'',0,7000,,'',0,3000,,'',0,7000,,'',0,3000,,'',0,7000,,'',0,3000,,'',0,7000,,'',0,3000,,'',0,7000,,'',0,3000,,'',0,7000,,'',0,3000,,'',0,7000,,'',0,3000,,'',0
'LA-A23-LAGTFS-Samedi-05',901,63000,4,'',0,7000,4,'',0,3000,4,'',0,7000,4,'',0,3000,4,'',0,7000,4,'',0,3000,4,'',0,7000,4,'',0,3000,4,'',0,7100,4,'',0,3000,4,'',0,7000,4,'',0,3000,4,'',0,7000,4,'',0,3000,4,'',0,7000,4,'',0,3000,4,'',0,7000,4,'',0,3100,4,'',0,7000,4,'',0,2900,4,'',0,7000,4,'',0,3000,4,'',0,7000,4,'',0,3000,4,'',0,7000,4,'',0,3000,4,'',0,7000,4,'',0,3000,4,'',0,7000,4,'',0,3000,4,'',0,7000,4,'',0,3000,4,'',0,7000,4,'',0,3000,4,'',0,7000,4,'',0,3000,4,'',0
'LA-A23-LAGTFS-Semaine-06',900,52400,,'',0,2100,,'',0,6800,,'',0,900,,'',0,1900,,'',0,1100,,'',0,5200,,'',0,300,0,'St-Jérôme',0,700,,'',0,1000,,'',0,1000,,'',0,800,,'',0,1100,,'',0,6300,,'',0,1000,,'',0,1200,,'',0,1700,,'',0,6700,,'',0,1800,,'',0,1500,,'',0,5200,,'',0,1800,,'',0,3000,,'',0,5200,,'',0,1700,,'',0,2800,,'',0,6600,,'',0,1400,,'',0,2300,,'',0,6300,,'',0,3600,,'',0,6900,,'',0,2900,,'',0,5500,,'',0,1400,,'',0,1700,,'',0,1600,,'',0,4800,,'',0,1600,,'',0,1500,,'',0,900,,'',0,5800,,'',0,1800,,'',0,1100,,'',0,1100,,'',0,1000,,'',0,5100,,'',0,1900,,'',0,1900,,'',0,1900,,'',0,7300,,'',0,2700,,'',0,5500,,'',0,2200,,'',0,2200,,'',0,5900,,'',0,2100,,'',0,1500,,'',0,6900,,'',0,3600,,'',0,7600,,'',0,7800,,'',0,11300,,'',0
'LA-A23-LAGTFS-Semaine-06',901,51400,4,'',0,8600,4,'',0,1100,4,'',0,2100,4,'',0,1300,4,'',0,1000,4,'',0,4800,4,'',0,1000,4,'',0,1400,4,'',0,1300,4,'',0,1500,4,'',0,5000,4,'',0,1100,4,'',0,1100,4,'',0,700,4,'',0,900,4,'',0,600,4,'',0,700,4,'',0,4600,4,'',0,600,4,'',0,1000,4,'',0,1000,4,'',0,2200,4,'',0,6300,4,'',0,1200,4,'',0,2400,4,'',0,6400,4,'',0,1500,4,'',0,3000,4,'',0,5500,4,'',0,1500,4,'',0,2000,4,'',0,1000,4,'',0,5000,4,'',0,2000,4,'',0,3000,4,'',0,7000,4,'',0,7200,4,'',0,2000,4,'',0,2000,4,'',0,6100,4,'',0,2200,4,'',0,2300,4,'',0,500,4,'',0,5700,4,'',0,1100,4,'',0,1500,4,'',0,1100,4,'',0,700,4,'',0,5000,4,'',0,900,4,'',0,1800,4,'',0,1000,4,'',0,500,4,'',0,700,4,'',0,5000,4,'',0,2500,4,'',0,1300,4,'',0,1400,4,'',0,6700,4,'',0,3200,4,'',0,5800,4,'',0,1200,4,'',0,2700,4,'',0,8000,4,'',0,10000,4,'',0,2600,4,'',0,10400,4,'',0
'LA-A23-LAGTFS-Semaine-55',900,53000,,'',0,2800,,'',0,5500,,'',0,1500,,'',0,1700,,'',0,1300,,'',0,5700,,'',0,1300,,'',0,1700,,'',0,1300,,'',0,5700,,'',0,1300,,'',0,1700,,'',0,1300,,'',0,5900,,'',0,1100,,'',0,2900,,'',0,7000,,'',0,3000,,'',0,7000,,'',0,3000,,'',0,7000,,'',0,3000,,'',0,7000,,'',0,3000,,'',0,7000,,'',0,3000,,'',0,5500,,'',0,1500,,'',0,1800,,'',0,1200,,'',0,5800,,'',0,1200,,'',0,1800,,'',0,1200,,'',0,5800,,'',0,1200,,'',0,1800,,'',0,1200,,'',0,5800,,'',0,1200,,'',0,3000,,'',0,7000,,'',0,3000,,'',0,7000,,'',0,3000,,'',0,7000,,'',0,3000,,'',0,7000,,'',0,3000,,'',0,7000,,'',0,3000,,'',0,7000,,'',0,3000,,'',0
'LA-A23-LAGTFS-Semaine-55',901,60600,4,'',0,1200,4,'',0,1200,4,'',0,1200,4,'',0,5800,4,'',0,1200,4,'',0,1800,4,'',0,1300,4,'',0,5700,4,'',0,1300,4,'',0,1700,4,'',0,1300,4,'',0,5700,4,'',0,1500,4,'',0,1500,4,'',0,1100,4,'',0,5900,4,'',0,3000,4,'',0,7100,4,'',0,3000,4,'',0,7000,4,'',0,3000,4,'',0,7000,4,'',0,3000,4,'',0,7000,4,'',0,3000,4,'',0,7000,4,'',0,1600,4,'',0,1500,4,'',0,1500,4,'',0,5500,4,'',0,1400,4,'',0,1500,4,'',0,1500,4,'',0,5500,4,'',0,1500,4,'',0,1500,4,'',0,1500,4,'',0,5500,4,'',0,1200,4,'',0,1800,4,'',0,1300,4,'',0,5700,4,'',0,1100,4,'',0,1900,4,'',0,7000,4,'',0,3000,4,'',0,7000,4,'',0,3000,4,'',0,7000,4,'',0,3000,4,'',0,7000,4,'',0,3000,4,'',0,7000,4,'',0,3000,4,'',0
