'LA-A23-LAGTFS-Dimanche-05',10100,80300,,'',0,10000,,'',0,10000,,'',0,10000,,'',0,10000,,'',0,10000,,'',0,10000,,'',0,10000,,'',0,10000,,'',0,10000,,'',0,10000,,'',0,10000,,'',0,10000,,'',0,10000,,'',0,10000,,'',0
'LA-A23-LAGTFS-Dimanche-05',10101,85100,4,'',0,10000,4,'',0,10000,4,'',0,10000,4,'',0,10000,4,'',0,10000,4,'',0,10000,4,'',0,10000,4,'',0,10000,4,'',0,10000,4,'',0,10000,4,'',0,10000,4,'',0,10000,4,'',0,10000,4,'',0,10000,4,'',0
'LA-A23-LAGTFS-Fête-1-05',10100,80300,,'',0,10000,,'',0,10000,,'',0,10000,,'',0,10000,,'',0,10000,,'',0,10000,,'',0,10000,,'',0,10000,,'',0,10000,,'',0,10000,,'',0,10000,,'',0,10000,,'',0,10000,,'',0,10000,,'',0
'LA-A23-LAGTFS-Fête-1-05',10101,85100,4,'',0,10000,4,'',0,10000,4,'',0,10000,4,'',0,10000,4,'',0,10000,4,'',0,10000,4,'',0,10000,4,'',0,10000,4,'',0,10000,4,'',0,10000,4,'',0,10000,4,'',0,10000,4,'',0,10000,4,'',0,10000,4,'',0
'LA-A23-LAGTFS-Samedi-05',10100,80300,,'',0,10000,,'',0,10000,,'',0,10000,,'',0,10000,,'',0,10000,,'',0,10000,,'',0,10000,,'',0,10000,,'',0,10000,,'',0,10000,,'',0,10000,,'',0,10000,,'',0,10000,,'',0,10000,,'',0
'LA-A23-LAGTFS-Samedi-05',10101,85100,4,'',0,10000,4,'',0,10000,4,'',0,10000,4,'',0,10000,4,'',0,10000,4,'',0,10000,4,'',0,10000,4,'',0,10000,4,'',0,10000,4,'',0,10000,4,'',0,10000,4,'',0,10000,4,'',0,10000,4,'',0,10000,4,'',0
'LA-A23-LAGTFS-Semaine-06',10100,54100,,'',0,6500,,'',0,3600,,'',0,6000,,'',0,3600,,'',0,7000,,'',0,9600,,'',0,5100,,'',0,10000,,'',0,10200,,'',0,10000,,'',0,14500,,'',0,10000,,'',0,3500,,'',0,7600,,'',0,3600,,'',0,6500,,'',0,3300,,'',0,6500,,'',0,3600,,'',0,10000,,'',0,10000,,'',0,10000,,'',0
'LA-A23-LAGTFS-Semaine-06',10101,63400,4,'',0,2300,4,'',0,7400,4,'',0,2400,4,'',0,7600,4,'',0,2600,4,'',0,9600,4,'',0,10000,4,'',0,10000,4,'',0,10000,4,'',0,10000,4,'',0,10000,4,'',0,10000,4,'',0,7600,4,'',0,7800,4,'',0,3300,4,'',0,6400,4,'',0,3500,4,'',0,6600,4,'',0,3500,4,'',0,9800,4,'',0,10000,4,'',0,10000,4,'',0
'LA-A23-LAGTFS-Semaine-55',10100,60900,,'',0,9500,,'',0,9900,,'',0,10000,,'',0,10000,,'',0,10000,,'',0,10000,,'',0,10000,,'',0,10000,,'',0,10000,,'',0,10000,,'',0,10000,,'',0,10000,,'',0,10000,,'',0,10000,,'',0,10000,,'',0,10000,,'',0
'LA-A23-LAGTFS-Semaine-55',10101,65700,4,'',0,9500,4,'',0,9900,4,'',0,10000,4,'',0,10000,4,'',0,10000,4,'',0,10000,4,'',0,10000,4,'',0,10000,4,'',0,10000,4,'',0,10000,4,'',0,10000,4,'',0,10000,4,'',0,10000,4,'',0,10000,4,'',0,10000,4,'',0,10000,4,'',0
'LA-A23-LAGTFS-Semaine-06',2000010100,102700,,'',0
'LA-A23-LAGTFS-Semaine-06',2000010101,132500,4,'',0
'LA-A23-LAGTFS-Semaine-55',2000010100,102700,,'',0
'LA-A23-LAGTFS-Semaine-55',2000010101,132500,4,'',0
