'LA-A23-LAGTFS-Dimanche-05',40400,83000,,'',0,20000,,'',0,20000,,'',0,30000,,'',0,20000,,'',0,20000,,'',0,20000,,'',0,20000,,'',0
'LA-A23-LAGTFS-Dimanche-05',40401,81600,4,'',0,19000,4,'',0,20000,4,'',0,20000,4,'',0,30100,4,'',0,20300,4,'',0,19600,4,'',0,20000,4,'',0
'LA-A23-LAGTFS-Fête-1-05',40400,73000,,'',0,10000,,'',0,10000,,'',0,10000,,'',0,10000,,'',0,10000,,'',0,10000,,'',0,10000,,'',0,10000,,'',0,10000,,'',0,10000,,'',0,10000,,'',0,10000,,'',0,10000,,'',0,10000,,'',0,10000,,'',0,10000,,'',0,10000,,'',0
'LA-A23-LAGTFS-Fête-1-05',40401,71600,4,'',0,10000,4,'',0,9000,4,'',0,10000,4,'',0,10000,4,'',0,10000,4,'',0,10100,4,'',0,9900,4,'',0,10000,4,'',0,11100,4,'',0,9000,4,'',0,10400,4,'',0,9900,4,'',0,9600,4,'',0,10000,4,'',0,10000,4,'',0,10000,4,'',0,10000,4,'',0
'LA-A23-LAGTFS-Samedi-05',40400,73000,,'',0,10000,,'',0,10000,,'',0,10000,,'',0,10000,,'',0,10000,,'',0,10000,,'',0,10000,,'',0,10000,,'',0,10000,,'',0,10000,,'',0,10000,,'',0,10000,,'',0,10000,,'',0,10000,,'',0,10000,,'',0,10000,,'',0,10000,,'',0
'LA-A23-LAGTFS-Samedi-05',40401,71600,4,'',0,10000,4,'',0,9000,4,'',0,10000,4,'',0,10000,4,'',0,10000,4,'',0,10100,4,'',0,9900,4,'',0,10000,4,'',0,11100,4,'',0,9000,4,'',0,10400,4,'',0,9900,4,'',0,9600,4,'',0,10000,4,'',0,10000,4,'',0,10000,4,'',0,10000,4,'',0
'LA-A23-LAGTFS-Semaine-06',40400,70000,,'',0,20000,,'',0,10000,,'',0,10000,,'',0,10000,,'',0,10000,,'',0,10000,,'',0,10000,,'',0,1500,,'',0,1500,,'',0,1500,,'',0,5500,,'',0,1000,,'',0,1000,,'',0,1000,,'',0,1000,,'',0,1000,,'',0,5000,,'',0,1000,,'',0,1000,,'',0,1000,,'',0,1000,,'',0,1000,,'',0,5000,,'',0,1000,,'',0,1000,,'',0,1000,,'',0,7000,,'',0,3000,,'',0,7000,,'',0,3000,,'',0,7000,,'',0,3000,,'',0,10000,,'',0,10000,,'',0
'LA-A23-LAGTFS-Semaine-06',40401,53300,4,'',0,1500,4,'',0,6100,4,'',0,1500,4,'',0,1000,4,'',0,1900,4,'',0,5700,4,'',0,1000,4,'',0,1500,4,'',0,1500,4,'',0,5000,4,'',0,1000,4,'',0,1000,4,'',0,1000,4,'',0,1000,4,'',0,1000,4,'',0,5000,4,'',0,1000,4,'',0,500,4,'',0,1000,4,'',0,1000,4,'',0,500,4,'',0,1000,4,'',0,6000,4,'',0,4000,4,'',0,8000,4,'',0,8500,4,'',0,8500,4,'',0,4500,4,'',0,9000,4,'',0,8500,4,'',0,12500,4,'',0,10500,4,'',0,9500,4,'',0,9000,4,'',0,10000,4,'',0,9000,4,'',0,8500,4,'',0,9000,4,'',0
'LA-A23-LAGTFS-Semaine-55',40400,70000,,'',0,20000,,'',0,10000,,'',0,10000,,'',0,10000,,'',0,10000,,'',0,10000,,'',0,10000,,'',0,1500,,'',0,1500,,'',0,1500,,'',0,5500,,'',0,1000,,'',0,1000,,'',0,1000,,'',0,1000,,'',0,1000,,'',0,5000,,'',0,1000,,'',0,1000,,'',0,1000,,'',0,1000,,'',0,1000,,'',0,5000,,'',0,1000,,'',0,1000,,'',0,1000,,'',0,7000,,'',0,3000,,'',0,7000,,'',0,3000,,'',0,7000,,'',0,3000,,'',0,10000,,'',0,10000,,'',0
'LA-A23-LAGTFS-Semaine-55',40401,53300,4,'',0,1500,4,'',0,6100,4,'',0,1500,4,'',0,1000,4,'',0,1900,4,'',0,5700,4,'',0,1000,4,'',0,1500,4,'',0,1500,4,'',0,5000,4,'',0,1000,4,'',0,1000,4,'',0,1000,4,'',0,1000,4,'',0,1000,4,'',0,5000,4,'',0,1000,4,'',0,500,4,'',0,1000,4,'',0,1000,4,'',0,500,4,'',0,1000,4,'',0,6000,4,'',0,4000,4,'',0,8000,4,'',0,8500,4,'',0,8500,4,'',0,4500,4,'',0,9000,4,'',0,8500,4,'',0,12500,4,'',0,10500,4,'',0,9500,4,'',0,9000,4,'',0,10000,4,'',0,9000,4,'',0,8500,4,'',0,9000,4,'',0
