'LA-A23-LAGTFS-Dimanche-05',10100,82400,4,'',0,10000,4,'',0,10000,4,'',0,10000,4,'',0,10000,4,'',0,10000,4,'',0,10000,4,'',0,10000,4,'',0,10000,4,'',0,10000,4,'',0,10000,4,'',0,10000,4,'',0,10000,4,'',0,10000,4,'',0,10000,4,'',0
'LA-A23-LAGTFS-Dimanche-05',10101,82900,,'',0,10000,,'',0,10000,,'',0,10000,,'',0,10000,,'',0,10000,,'',0,10000,,'',0,10000,,'',0,10000,,'',0,10000,,'',0,10000,,'',0,10000,,'',0,10000,,'',0,10000,,'',0,10000,,'',0
'LA-A23-LAGTFS-Fête-1-05',10100,82400,4,'',0,10000,4,'',0,10000,4,'',0,10000,4,'',0,10000,4,'',0,10000,4,'',0,10000,4,'',0,10000,4,'',0,10000,4,'',0,10000,4,'',0,10000,4,'',0,10000,4,'',0,10000,4,'',0,10000,4,'',0,10000,4,'',0
'LA-A23-LAGTFS-Fête-1-05',10101,82900,,'',0,10000,,'',0,10000,,'',0,10000,,'',0,10000,,'',0,10000,,'',0,10000,,'',0,10000,,'',0,10000,,'',0,10000,,'',0,10000,,'',0,10000,,'',0,10000,,'',0,10000,,'',0,10000,,'',0
'LA-A23-LAGTFS-Samedi-05',10100,82400,4,'',0,10000,4,'',0,10000,4,'',0,10000,4,'',0,10000,4,'',0,10000,4,'',0,10000,4,'',0,10000,4,'',0,10000,4,'',0,10000,4,'',0,10000,4,'',0,10000,4,'',0,10000,4,'',0,10000,4,'',0,10000,4,'',0
'LA-A23-LAGTFS-Samedi-05',10101,82900,,'',0,10000,,'',0,10000,,'',0,10000,,'',0,10000,,'',0,10000,,'',0,10000,,'',0,10000,,'',0,10000,,'',0,10000,,'',0,10000,,'',0,10000,,'',0,10000,,'',0,10000,,'',0,10000,,'',0
'LA-A23-LAGTFS-Semaine-06',10100,60400,4,'',0,2500,4,'',0,7600,4,'',0,2000,4,'',0,7600,4,'',0,3000,4,'',0,9600,4,'',0,9100,4,'',0,10000,4,'',0,10200,4,'',0,10000,4,'',0,10500,4,'',0,10000,4,'',0,7500,4,'',0,3600,4,'',0,7600,4,'',0,2500,4,'',0,7300,4,'',0,2500,4,'',0,7500,4,'',0,10000,4,'',0,10000,4,'',0,10000,4,'',0
'LA-A23-LAGTFS-Semaine-06',10101,61100,,'',0,2300,,'',0,7400,,'',0,2400,,'',0,7600,,'',0,2600,,'',0,9600,,'',0,10000,,'',0,10000,,'',0,10000,,'',0,10000,,'',0,10000,,'',0,10000,,'',0,7500,,'',0,3800,,'',0,7300,,'',0,2400,,'',0,7500,,'',0,2600,,'',0,7500,,'',0,9900,,'',0,10000,,'',0,10000,,'',0
'LA-A23-LAGTFS-Semaine-55',10100,63000,4,'',0,9500,4,'',0,9900,4,'',0,10000,4,'',0,10000,4,'',0,10000,4,'',0,10000,4,'',0,10000,4,'',0,10000,4,'',0,10000,4,'',0,10000,4,'',0,10000,4,'',0,10000,4,'',0,10000,4,'',0,10000,4,'',0,10000,4,'',0,10000,4,'',0
'LA-A23-LAGTFS-Semaine-55',10101,63500,,'',0,9500,,'',0,9900,,'',0,10000,,'',0,10000,,'',0,10000,,'',0,10000,,'',0,10000,,'',0,10000,,'',0,10000,,'',0,10000,,'',0,10000,,'',0,10000,,'',0,10000,,'',0,10000,,'',0,10000,,'',0,10000,,'',0
