'LA-H23-LAGTFS-Dimanche-01',2700,81500,,'',0,10000,,'',0,10000,,'',0,10000,,'',0,10000,,'',0,10000,,'',0,10000,,'',0,9900,,'',0,10000,,'',0,10000,,'',0,10100,,'',0,10000,,'',0,10000,,'',0,10000,,'',0,10000,,'',0,10000,,'',0
'LA-H23-LAGTFS-Dimanche-01',2701,81000,4,'',0,10000,4,'',0,10000,4,'',0,10000,4,'',0,10000,4,'',0,10000,4,'',0,10000,4,'',0,10000,4,'',0,10000,4,'',0,10000,4,'',0,10000,4,'',0,10000,4,'',0,10000,4,'',0,10000,4,'',0,10000,4,'',0,10000,4,'',0
'LA-H23-LAGTFS-Dimanche-02',2700,81500,,'',0,10000,,'',0,10000,,'',0,10000,,'',0,10000,,'',0,10000,,'',0,10000,,'',0,9900,,'',0,10000,,'',0,10000,,'',0,10100,,'',0,10000,,'',0,10000,,'',0,10000,,'',0,10000,,'',0,10000,,'',0
'LA-H23-LAGTFS-Dimanche-02',2701,81000,4,'',0,10000,4,'',0,10000,4,'',0,10000,4,'',0,10000,4,'',0,10000,4,'',0,10000,4,'',0,10000,4,'',0,10000,4,'',0,10000,4,'',0,10000,4,'',0,10000,4,'',0,10000,4,'',0,10000,4,'',0,10000,4,'',0,10000,4,'',0
'LA-H23-LAGTFS-Fête-1-02',2700,81500,,'',0,10000,,'',0,10000,,'',0,10000,,'',0,10000,,'',0,10000,,'',0,10000,,'',0,9900,,'',0,10000,,'',0,10000,,'',0,10100,,'',0,10000,,'',0,10000,,'',0,10000,,'',0,10000,,'',0,10000,,'',0
'LA-H23-LAGTFS-Fête-1-02',2701,81000,4,'',0,10000,4,'',0,10000,4,'',0,10000,4,'',0,10000,4,'',0,10000,4,'',0,10000,4,'',0,10000,4,'',0,10000,4,'',0,10000,4,'',0,10000,4,'',0,10000,4,'',0,10000,4,'',0,10000,4,'',0,10000,4,'',0,10000,4,'',0
'LA-H23-LAGTFS-Samedi-01',2700,81500,,'',0,10000,,'',0,10000,,'',0,10000,,'',0,10000,,'',0,10000,,'',0,10000,,'',0,9900,,'',0,10000,,'',0,10000,,'',0,10100,,'',0,10000,,'',0,10000,,'',0,10000,,'',0,10000,,'',0,10000,,'',0
'LA-H23-LAGTFS-Samedi-01',2701,81000,4,'',0,10000,4,'',0,10000,4,'',0,10000,4,'',0,10000,4,'',0,10000,4,'',0,10000,4,'',0,10000,4,'',0,10000,4,'',0,10000,4,'',0,10000,4,'',0,10000,4,'',0,10000,4,'',0,10000,4,'',0,10000,4,'',0,10000,4,'',0
'LA-H23-LAGTFS-Samedi-02',2700,81500,,'',0,10000,,'',0,10000,,'',0,10000,,'',0,10000,,'',0,10000,,'',0,10000,,'',0,9900,,'',0,10000,,'',0,10000,,'',0,10100,,'',0,10000,,'',0,10000,,'',0,10000,,'',0,10000,,'',0,10000,,'',0
'LA-H23-LAGTFS-Samedi-02',2701,81000,4,'',0,10000,4,'',0,10000,4,'',0,10000,4,'',0,10000,4,'',0,10000,4,'',0,10000,4,'',0,10000,4,'',0,10000,4,'',0,10000,4,'',0,10000,4,'',0,10000,4,'',0,10000,4,'',0,10000,4,'',0,10000,4,'',0,10000,4,'',0
'LA-H23-LAGTFS-Semaine-03',2700,63300,,'',0,2000,,'',0,8100,,'',0,2000,,'',0,8100,,'',0,2400,,'',0,15600,,'',0,10000,,'',0,10000,,'',0,9900,,'',0,10000,,'',0,10000,,'',0,3100,,'',0,7200,,'',0,9400,,'',0,3000,,'',0,7500,,'',0,3500,,'',0,6400,,'',0,3500,,'',0,7000,,'',0,9500,,'',0,10000,,'',0,10000,,'',0
'LA-H23-LAGTFS-Semaine-03',2701,62900,4,'',0,2200,4,'',0,7800,4,'',0,2000,4,'',0,8100,4,'',0,2400,4,'',0,15600,4,'',0,10000,4,'',0,10000,4,'',0,10000,4,'',0,10000,4,'',0,10100,4,'',0,2900,4,'',0,7300,4,'',0,9200,4,'',0,3100,4,'',0,7600,4,'',0,3400,4,'',0,6600,4,'',0,3400,4,'',0,6900,4,'',0,9500,4,'',0,10000,4,'',0,10000,4,'',0
'LA-H23-LAGTFS-Semaine-04',2700,63300,,'',0,2000,,'',0,8100,,'',0,2000,,'',0,8100,,'',0,2400,,'',0,15600,,'',0,10000,,'',0,10000,,'',0,9900,,'',0,10000,,'',0,10000,,'',0,3100,,'',0,7200,,'',0,9400,,'',0,3000,,'',0,7500,,'',0,3500,,'',0,6400,,'',0,3500,,'',0,7000,,'',0,9500,,'',0,10000,,'',0,10000,,'',0
'LA-H23-LAGTFS-Semaine-04',2701,62900,4,'',0,2200,4,'',0,7800,4,'',0,2000,4,'',0,8100,4,'',0,2400,4,'',0,15600,4,'',0,10000,4,'',0,10000,4,'',0,10000,4,'',0,10000,4,'',0,10100,4,'',0,2900,4,'',0,7300,4,'',0,9200,4,'',0,3100,4,'',0,7600,4,'',0,3400,4,'',0,6600,4,'',0,3400,4,'',0,6900,4,'',0,9500,4,'',0,10000,4,'',0,10000,4,'',0
