'LA-H23-LAGTFS-Dimanche-01',8800,72700,,'',0,10800,,'',0,11000,,'',0,11000,,'',0,15000,,'',0,11000,,'',0,11000,,'',0,11000,,'',0,11000,,'',0,11200,,'',0,15000,,'',0
'LA-H23-LAGTFS-Dimanche-01',8801,83000,4,'',0,11000,4,'',0,11100,4,'',0,15100,4,'',0,11000,4,'',0,11000,4,'',0,11000,4,'',0,11000,4,'',0,10900,4,'',0,14900,4,'',0,11000,4,'',0
'LA-H23-LAGTFS-Dimanche-02',8800,72700,,'',0,10800,,'',0,11000,,'',0,11000,,'',0,15000,,'',0,11000,,'',0,11000,,'',0,11000,,'',0,11000,,'',0,11200,,'',0,15000,,'',0
'LA-H23-LAGTFS-Dimanche-02',8801,83000,4,'',0,11000,4,'',0,11100,4,'',0,15100,4,'',0,11000,4,'',0,11000,4,'',0,11000,4,'',0,11000,4,'',0,10900,4,'',0,14900,4,'',0,11000,4,'',0
'LA-H23-LAGTFS-Fête-1-02',8800,72700,,'',0,7300,,'',0,3500,,'',0,7500,,'',0,3500,,'',0,11000,,'',0,15000,,'',0,11000,,'',0,11000,,'',0,11000,,'',0,7500,,'',0,3500,,'',0,7700,,'',0,3500,,'',0,15000,,'',0,11000,,'',0,11000,,'',0,11000,,'',0
'LA-H23-LAGTFS-Fête-1-02',8801,83000,4,'',0,7500,4,'',0,3500,4,'',0,7500,4,'',0,3600,4,'',0,15100,4,'',0,11000,4,'',0,11000,4,'',0,11000,4,'',0,11000,4,'',0,7500,4,'',0,3400,4,'',0,7500,4,'',0,7400,4,'',0,11000,4,'',0,11000,4,'',0,11000,4,'',0,11000,4,'',0
'LA-H23-LAGTFS-Samedi-01',8800,72700,,'',0,7300,,'',0,3500,,'',0,7500,,'',0,3500,,'',0,11000,,'',0,15000,,'',0,11000,,'',0,11000,,'',0,11000,,'',0,7500,,'',0,3500,,'',0,7700,,'',0,3500,,'',0,15000,,'',0,11000,,'',0,11000,,'',0,11000,,'',0
'LA-H23-LAGTFS-Samedi-01',8801,83000,4,'',0,7500,4,'',0,3500,4,'',0,7500,4,'',0,3600,4,'',0,15100,4,'',0,11000,4,'',0,11000,4,'',0,11000,4,'',0,11000,4,'',0,7500,4,'',0,3400,4,'',0,7500,4,'',0,7400,4,'',0,11000,4,'',0,11000,4,'',0,11000,4,'',0,11000,4,'',0
'LA-H23-LAGTFS-Samedi-02',8800,72700,,'',0,7300,,'',0,3500,,'',0,7500,,'',0,3500,,'',0,11000,,'',0,15000,,'',0,11000,,'',0,11000,,'',0,11000,,'',0,7500,,'',0,3500,,'',0,7700,,'',0,3500,,'',0,15000,,'',0,11000,,'',0,11000,,'',0,11000,,'',0
'LA-H23-LAGTFS-Samedi-02',8801,83000,4,'',0,7500,4,'',0,3500,4,'',0,7500,4,'',0,3600,4,'',0,15100,4,'',0,11000,4,'',0,11000,4,'',0,11000,4,'',0,11000,4,'',0,7500,4,'',0,3400,4,'',0,7500,4,'',0,7400,4,'',0,11000,4,'',0,11000,4,'',0,11000,4,'',0,11000,4,'',0
'LA-H23-LAGTFS-Semaine-03',8800,53700,,'',0,1400,,'',0,5500,,'',0,2000,,'',0,2100,,'',0,500,,'',0,5400,,'',0,1200,,'',0,1700,,'',0,1200,,'',0,6400,,'',0,3500,,'',0,5500,,'',0,3500,,'',0,8300,,'',0,3900,,'',0,8000,,'',0,7800,,'',0,8400,,'',0,3600,,'',0,8900,,'',0,1500,,'',0,1800,,'',0,4400,,'',0,4400,,'',0,500,,'',0,5300,,'',0,2900,,'',0,7900,,'',0,700,,'',0,2500,,'',0,1500,,'',0,7600,,'',0,8100,,'',0,12400,,'',0,11000,,'',0
'LA-H23-LAGTFS-Semaine-03',8801,64800,4,'',0,6200,4,'',0,800,4,'',0,1700,4,'',0,7000,4,'',0,2600,4,'',0,1600,4,'',0,5500,4,'',0,3000,4,'',0,6800,4,'',0,1300,4,'',0,4000,4,'',0,8000,4,'',0,7800,4,'',0,4100,4,'',0,7700,4,'',0,8800,4,'',0,3100,4,'',0,500,4,'',0,8800,4,'',0,700,4,'',0,5200,4,'',0,2400,4,'',0,2300,4,'',0,5900,4,'',0,2400,4,'',0,1400,4,'',0,900,4,'',0,7800,4,'',0,500,4,'',0,7600,4,'',0,3500,4,'',0,7800,4,'',0,12000,4,'',0,10900,4,'',0
'LA-H23-LAGTFS-Semaine-04',8800,53700,,'',0,1400,,'',0,5500,,'',0,2000,,'',0,2100,,'',0,500,,'',0,5400,,'',0,1200,,'',0,1700,,'',0,1200,,'',0,6400,,'',0,3500,,'',0,5500,,'',0,3500,,'',0,8300,,'',0,3900,,'',0,8000,,'',0,7800,,'',0,8400,,'',0,3600,,'',0,8900,,'',0,1500,,'',0,1800,,'',0,4400,,'',0,4400,,'',0,500,,'',0,5300,,'',0,2900,,'',0,7900,,'',0,700,,'',0,2500,,'',0,1500,,'',0,7600,,'',0,8100,,'',0,12400,,'',0,11000,,'',0
'LA-H23-LAGTFS-Semaine-04',8801,64800,4,'',0,6200,4,'',0,800,4,'',0,1700,4,'',0,7000,4,'',0,2600,4,'',0,1600,4,'',0,5500,4,'',0,3000,4,'',0,6800,4,'',0,1300,4,'',0,4000,4,'',0,8000,4,'',0,7800,4,'',0,4100,4,'',0,7700,4,'',0,8800,4,'',0,3100,4,'',0,500,4,'',0,8800,4,'',0,700,4,'',0,5200,4,'',0,2400,4,'',0,2300,4,'',0,5900,4,'',0,2400,4,'',0,1400,4,'',0,900,4,'',0,7800,4,'',0,500,4,'',0,7600,4,'',0,3500,4,'',0,7800,4,'',0,12000,4,'',0,10900,4,'',0
