'LA-A23-LAGTFS-Semaine-06',1701,50300,,'',0,9700,,'',0,2200,,'',0,3400,,'',0,5700,,'',0
'LA-A23-LAGTFS-Semaine-55',1701,50300,,'',0,9700,,'',0,2200,,'',0,3400,,'',0,5700,,'',0
'LA-A23-LAGTFS-Dimanche-05',2200,83900,4,'',0,10000,4,'',0,10200,4,'',0,10000,4,'',0,10000,4,'',0,10000,4,'',0,10100,4,'',0,9900,4,'',0,10000,4,'',0,10100,4,'',0,9700,4,'',0,10000,4,'',0,10000,4,'',0,10000,4,'',0,10000,4,'',0,9900,4,'',0
'LA-A23-LAGTFS-Dimanche-05',2201,74400,,'',0,10000,,'',0,9900,,'',0,10000,,'',0,10000,,'',0,10000,,'',0,10000,,'',0,10000,,'',0,10100,,'',0,10000,,'',0,10000,,'',0,10100,,'',0,10000,,'',0,10000,,'',0,10000,,'',0,10000,,'',0
'LA-A23-LAGTFS-Fête-1-05',2200,83900,4,'',0,10000,4,'',0,10200,4,'',0,10000,4,'',0,10000,4,'',0,10000,4,'',0,10100,4,'',0,9900,4,'',0,10000,4,'',0,10100,4,'',0,9700,4,'',0,10000,4,'',0,10000,4,'',0,10000,4,'',0,10000,4,'',0,9900,4,'',0
'LA-A23-LAGTFS-Fête-1-05',2201,74400,,'',0,10000,,'',0,9900,,'',0,10000,,'',0,10000,,'',0,10000,,'',0,10000,,'',0,10000,,'',0,10100,,'',0,10000,,'',0,10000,,'',0,10100,,'',0,10000,,'',0,10000,,'',0,10000,,'',0,10000,,'',0
'LA-A23-LAGTFS-Samedi-05',2200,83900,4,'',0,10000,4,'',0,10200,4,'',0,10000,4,'',0,10000,4,'',0,10000,4,'',0,10100,4,'',0,9900,4,'',0,10000,4,'',0,10100,4,'',0,9700,4,'',0,10000,4,'',0,10000,4,'',0,10000,4,'',0,10000,4,'',0,9900,4,'',0
'LA-A23-LAGTFS-Samedi-05',2201,74400,,'',0,10000,,'',0,9900,,'',0,10000,,'',0,10000,,'',0,10000,,'',0,10000,,'',0,10000,,'',0,10100,,'',0,10000,,'',0,10000,,'',0,10100,,'',0,10000,,'',0,10000,,'',0,10000,,'',0,10000,,'',0
'LA-A23-LAGTFS-Semaine-06',2200,70600,4,'',0,2000,4,'',0,7900,4,'',0,1900,4,'',0,7700,4,'',0,2300,4,'',0,11600,4,'',0,10100,4,'',0,10000,4,'',0,10000,4,'',0,10000,4,'',0,10100,4,'',0,7900,4,'',0,3600,4,'',0,9300,4,'',0,6400,4,'',0,2800,4,'',0,7500,4,'',0,2300,4,'',0,7400,4,'',0,3000,4,'',0,9500,4,'',0,10000,4,'',0,9900,4,'',0
'LA-A23-LAGTFS-Semaine-06',2201,55700,,'',0,6100,,'',0,3700,,'',0,5800,,'',0,4300,,'',0,7000,,'',0,11600,,'',0,10000,,'',0,10100,,'',0,10000,,'',0,10000,,'',0,10100,,'',0,6700,,'',0,3300,,'',0,8200,,'',0,7400,,'',0,3700,,'',0,7500,,'',0,3300,,'',0,7500,,'',0,3100,,'',0,9500,,'',0,10000,,'',0,10000,,'',0
'LA-A23-LAGTFS-Semaine-55',2200,71900,4,'',0,12000,4,'',0,10000,4,'',0,10200,4,'',0,10000,4,'',0,10000,4,'',0,10000,4,'',0,10100,4,'',0,10000,4,'',0,10000,4,'',0,10000,4,'',0,9700,4,'',0,10000,4,'',0,10000,4,'',0,10000,4,'',0,10000,4,'',0,9900,4,'',0
'LA-A23-LAGTFS-Semaine-55',2201,62600,,'',0,9500,,'',0,12300,,'',0,9900,,'',0,10000,,'',0,10000,,'',0,10000,,'',0,10000,,'',0,10000,,'',0,10100,,'',0,10000,,'',0,10000,,'',0,10100,,'',0,10000,,'',0,10000,,'',0,10000,,'',0,10000,,'',0
'LA-A23-LAGTFS-Semaine-06',2000001701,103400,,'',0
'LA-A23-LAGTFS-Semaine-55',2000001701,103400,,'',0
