'LA-A23-LAGTFS-Dimanche-05',10300,82900,,'',0,10000,,'',0,10000,,'',0,10000,,'',0,10000,,'',0,10000,,'',0,10000,,'',0,10000,,'',0,10000,,'',0,10000,,'',0,10000,,'',0,10000,,'',0,10000,,'',0,10000,,'',0,10000,,'',0
'LA-A23-LAGTFS-Dimanche-05',10301,82400,4,'',0,10000,4,'',0,10000,4,'',0,10000,4,'',0,10000,4,'',0,10000,4,'',0,10000,4,'',0,10000,4,'',0,10000,4,'',0,10000,4,'',0,10000,4,'',0,10000,4,'',0,10000,4,'',0,10000,4,'',0,10000,4,'',0
'LA-A23-LAGTFS-Fête-1-05',10300,82900,,'',0,10000,,'',0,10000,,'',0,10000,,'',0,10000,,'',0,10000,,'',0,10000,,'',0,10000,,'',0,10000,,'',0,10000,,'',0,10000,,'',0,10000,,'',0,10000,,'',0,10000,,'',0,10000,,'',0
'LA-A23-LAGTFS-Fête-1-05',10301,82400,4,'',0,10000,4,'',0,10000,4,'',0,10000,4,'',0,10000,4,'',0,10000,4,'',0,10000,4,'',0,10000,4,'',0,10000,4,'',0,10000,4,'',0,10000,4,'',0,10000,4,'',0,10000,4,'',0,10000,4,'',0,10000,4,'',0
'LA-A23-LAGTFS-Samedi-05',10300,82900,,'',0,10000,,'',0,10000,,'',0,10000,,'',0,10000,,'',0,10000,,'',0,10000,,'',0,10000,,'',0,10000,,'',0,10000,,'',0,10000,,'',0,10000,,'',0,10000,,'',0,10000,,'',0,10000,,'',0
'LA-A23-LAGTFS-Samedi-05',10301,82400,4,'',0,10000,4,'',0,10000,4,'',0,10000,4,'',0,10000,4,'',0,10000,4,'',0,10000,4,'',0,10000,4,'',0,10000,4,'',0,10000,4,'',0,10000,4,'',0,10000,4,'',0,10000,4,'',0,10000,4,'',0,10000,4,'',0
'LA-A23-LAGTFS-Semaine-06',10300,61200,,'',0,2500,,'',0,7500,,'',0,2000,,'',0,7600,,'',0,2800,,'',0,9400,,'',0,10000,,'',0,10000,,'',0,10000,,'',0,10000,,'',0,10000,,'',0,10000,,'',0,7500,,'',0,3800,,'',0,7400,,'',0,2300,,'',0,7500,,'',0,2600,,'',0,7500,,'',0,9900,,'',0,10000,,'',0,10000,,'',0
'LA-A23-LAGTFS-Semaine-06',10301,60500,4,'',0,2500,4,'',0,7500,4,'',0,2000,4,'',0,7600,4,'',0,3000,4,'',0,9400,4,'',0,9300,4,'',0,10000,4,'',0,10200,4,'',0,10000,4,'',0,10500,4,'',0,10000,4,'',0,7500,4,'',0,3600,4,'',0,7600,4,'',0,2300,4,'',0,7500,4,'',0,2500,4,'',0,7500,4,'',0,10000,4,'',0,10000,4,'',0,10000,4,'',0
'LA-A23-LAGTFS-Semaine-55',10300,63400,,'',0,9500,,'',0,10000,,'',0,10000,,'',0,10000,,'',0,10000,,'',0,10000,,'',0,10000,,'',0,10000,,'',0,10000,,'',0,10000,,'',0,10000,,'',0,10000,,'',0,10000,,'',0,10000,,'',0,10000,,'',0,10000,,'',0
'LA-A23-LAGTFS-Semaine-55',10301,63000,4,'',0,9500,4,'',0,9900,4,'',0,10000,4,'',0,10000,4,'',0,10000,4,'',0,10000,4,'',0,10000,4,'',0,10000,4,'',0,10000,4,'',0,10000,4,'',0,10000,4,'',0,10000,4,'',0,10000,4,'',0,10000,4,'',0,10000,4,'',0,10000,4,'',0
