'LA-H23-LAGTFS-Dimanche-01',8001,71000,4,'',0,12500,,'',0,10500,4,'',0,11500,,'',0,14600,4,'',0,11400,,'',0,10600,4,'',0,11400,,'',0,10700,4,'',0,11300,,'',0,14700,4,'',0,11300,,'',0,10600,4,'',0,11900,,'',0,10400,4,'',0
'LA-H23-LAGTFS-Dimanche-02',8001,71000,4,'',0,12500,,'',0,10500,4,'',0,11500,,'',0,14600,4,'',0,11400,,'',0,10600,4,'',0,11400,,'',0,10700,4,'',0,11300,,'',0,14700,4,'',0,11300,,'',0,10600,4,'',0,11900,,'',0,10400,4,'',0
'LA-H23-LAGTFS-Fête-1-02',8001,71000,4,'',0,9000,,'',0,10500,4,'',0,500,,'',0,10600,4,'',0,3900,,'',0,14600,4,'',0,11400,,'',0,10600,4,'',0,11400,,'',0,10700,4,'',0,300,,'',0,10700,4,'',0,300,,'',0,14700,4,'',0,3800,,'',0,10600,4,'',0,16400,0,'Pte-Calumet',0
'LA-H23-LAGTFS-Samedi-01',8001,71000,4,'',0,9000,,'',0,10500,4,'',0,500,,'',0,10600,4,'',0,3900,,'',0,14600,4,'',0,11400,,'',0,10600,4,'',0,11400,,'',0,10700,4,'',0,300,,'',0,10700,4,'',0,300,,'',0,14700,4,'',0,3800,,'',0,10600,4,'',0,16400,0,'Pte-Calumet',0
'LA-H23-LAGTFS-Samedi-02',8001,71000,4,'',0,9000,,'',0,10500,4,'',0,500,,'',0,10600,4,'',0,3900,,'',0,14600,4,'',0,11400,,'',0,10600,4,'',0,11400,,'',0,10700,4,'',0,300,,'',0,10700,4,'',0,300,,'',0,14700,4,'',0,3800,,'',0,10600,4,'',0,16400,0,'Pte-Calumet',0
'LA-H23-LAGTFS-Semaine-03',8001,60300,,'',0,3800,4,'',0,600,,'',0,7000,,'',0,200,4,'',0,8500,4,'',0,3200,4,'',0,900,,'',0,7800,4,'',0,1300,,'',0,6700,4,'',0,5100,4,'',0,4600,,'',0,11000,,'',0,900,4,'',0,11000,4,'',0,600,,'',0,11900,4,'',0,500,,'',0,7500,,'',0,8100,,'',0,400,4,'',0,3700,4,'',0,4500,,'',0,3500,4,'',0,200,,'',0,7900,,'',0,500,4,'',0,3500,4,'',0,4600,,'',0,3000,4,'',0,8500,4,'',0,1700,,'',0,11300,4,'',0,5200,,'',0,11300,4,'',0,500,0,'Pte-Calumet',0
'LA-H23-LAGTFS-Semaine-04',8001,60300,,'',0,3800,4,'',0,600,,'',0,7000,,'',0,200,4,'',0,8500,4,'',0,3200,4,'',0,900,,'',0,7800,4,'',0,1300,,'',0,6700,4,'',0,5100,4,'',0,4600,,'',0,11000,,'',0,900,4,'',0,11000,4,'',0,600,,'',0,11900,4,'',0,500,,'',0,7500,,'',0,8100,,'',0,400,4,'',0,3700,4,'',0,4500,,'',0,3500,4,'',0,200,,'',0,7900,,'',0,500,4,'',0,3500,4,'',0,4600,,'',0,3000,4,'',0,8500,4,'',0,1700,,'',0,11300,4,'',0,5200,,'',0,11300,4,'',0,500,0,'Pte-Calumet',0
'LA-H23-LAGTFS-Dimanche-01',8101,72100,,'',0,10600,4,'',0,11800,,'',0,10700,4,'',0,15300,,'',0,10700,4,'',0,11300,,'',0,10700,4,'',0,11300,,'',0,10500,4,'',0,15500,,'',0,10500,4,'',0,11500,,'',0,10500,4,'',0
'LA-H23-LAGTFS-Dimanche-02',8101,72100,,'',0,10600,4,'',0,11800,,'',0,10700,4,'',0,15300,,'',0,10700,4,'',0,11300,,'',0,10700,4,'',0,11300,,'',0,10500,4,'',0,15500,,'',0,10500,4,'',0,11500,,'',0,10500,4,'',0
'LA-H23-LAGTFS-Fête-1-02',8101,72500,,'',0,10600,4,'',0,400,,'',0,10700,4,'',0,300,,'',0,10700,4,'',0,15300,,'',0,10700,4,'',0,11300,,'',0,10700,4,'',0,7800,,'',0,10500,4,'',0,500,,'',0,10500,4,'',0,500,,'',0,10500,4,'',0,12000,,'',0,14500,4,'',0
'LA-H23-LAGTFS-Samedi-01',8101,72500,,'',0,10600,4,'',0,400,,'',0,10700,4,'',0,300,,'',0,10700,4,'',0,15300,,'',0,10700,4,'',0,11300,,'',0,10700,4,'',0,7800,,'',0,10500,4,'',0,500,,'',0,10500,4,'',0,500,,'',0,10500,4,'',0,12000,,'',0,14500,4,'',0
'LA-H23-LAGTFS-Samedi-02',8101,72500,,'',0,10600,4,'',0,400,,'',0,10700,4,'',0,300,,'',0,10700,4,'',0,15300,,'',0,10700,4,'',0,11300,,'',0,10700,4,'',0,7800,,'',0,10500,4,'',0,500,,'',0,10500,4,'',0,500,,'',0,10500,4,'',0,12000,,'',0,14500,4,'',0
'LA-H23-LAGTFS-Semaine-03',8101,54400,4,'',0,400,,'',0,6700,4,'',0,400,,'',0,8200,,'',0,600,4,'',0,3100,4,'',0,500,,'',0,7500,,'',0,500,4,'',0,7700,,'',0,600,4,'',0,3400,4,'',0,7900,,'',0,300,4,'',0,11600,,'',0,400,4,'',0,15900,4,'',0,500,,'',0,11700,,'',0,500,4,'',0,8600,,'',0,3200,4,'',0,400,,'',0,8100,,'',0,700,4,'',0,7500,4,'',0,400,,'',0,3700,4,'',0,400,,'',0,7500,,'',0,700,4,'',0,7800,4,'',0,3300,4,'',0,100,,'',0,15700,4,'',0
'LA-H23-LAGTFS-Semaine-04',8101,54400,4,'',0,400,,'',0,6700,4,'',0,400,,'',0,8200,,'',0,600,4,'',0,3100,4,'',0,500,,'',0,7500,,'',0,500,4,'',0,7700,,'',0,600,4,'',0,3400,4,'',0,7900,,'',0,300,4,'',0,11600,,'',0,400,4,'',0,15900,4,'',0,500,,'',0,11700,,'',0,500,4,'',0,8600,,'',0,3200,4,'',0,400,,'',0,8100,,'',0,700,4,'',0,7500,4,'',0,400,,'',0,3700,4,'',0,400,,'',0,7500,,'',0,700,4,'',0,7800,4,'',0,3300,4,'',0,100,,'',0,15700,4,'',0
