'LA-H24-LAGTFS-Dimanche-01',10200,85200,4,'',0,10000,4,'',0,10000,4,'',0,10100,4,'',0,10000,4,'',0,10000,4,'',0,10000,4,'',0,9800,4,'',0,10000,4,'',0,10000,4,'',0,10000,4,'',0,10000,4,'',0,10000,4,'',0,10000,4,'',0,10000,4,'',0
'LA-H24-LAGTFS-Dimanche-01',10201,80300,,'',0,10000,,'',0,10000,,'',0,10000,,'',0,9900,,'',0,10000,,'',0,10000,,'',0,10000,,'',0,10000,,'',0,10000,,'',0,10000,,'',0,10100,,'',0,10000,,'',0,10000,,'',0,10000,,'',0
'LA-H24-LAGTFS-Dimanche-02',10200,85200,4,'',0,10000,4,'',0,10000,4,'',0,10100,4,'',0,10000,4,'',0,10000,4,'',0,10000,4,'',0,9800,4,'',0,10000,4,'',0,10000,4,'',0,10000,4,'',0,10000,4,'',0,10000,4,'',0,10000,4,'',0,10000,4,'',0
'LA-H24-LAGTFS-Dimanche-02',10201,80300,,'',0,10000,,'',0,10000,,'',0,10000,,'',0,9900,,'',0,10000,,'',0,10000,,'',0,10000,,'',0,10000,,'',0,10000,,'',0,10000,,'',0,10100,,'',0,10000,,'',0,10000,,'',0,10000,,'',0
'LA-H24-LAGTFS-Fête-1-01',10200,85200,4,'',0,10000,4,'',0,10000,4,'',0,10100,4,'',0,10000,4,'',0,10000,4,'',0,10000,4,'',0,9800,4,'',0,10000,4,'',0,10000,4,'',0,10000,4,'',0,10000,4,'',0,10000,4,'',0,10000,4,'',0,10000,4,'',0
'LA-H24-LAGTFS-Fête-1-01',10201,80300,,'',0,10000,,'',0,10000,,'',0,10000,,'',0,9900,,'',0,10000,,'',0,10000,,'',0,10000,,'',0,10000,,'',0,10000,,'',0,10000,,'',0,10100,,'',0,10000,,'',0,10000,,'',0,10000,,'',0
'LA-H24-LAGTFS-Samedi-01',10200,85200,4,'',0,10000,4,'',0,10000,4,'',0,10100,4,'',0,10000,4,'',0,10000,4,'',0,10000,4,'',0,9800,4,'',0,10000,4,'',0,10000,4,'',0,10000,4,'',0,10000,4,'',0,10000,4,'',0,10000,4,'',0,10000,4,'',0
'LA-H24-LAGTFS-Samedi-01',10201,80300,,'',0,10000,,'',0,10000,,'',0,10000,,'',0,9900,,'',0,10000,,'',0,10000,,'',0,10000,,'',0,10000,,'',0,10000,,'',0,10000,,'',0,10100,,'',0,10000,,'',0,10000,,'',0,10000,,'',0
'LA-H24-LAGTFS-Samedi-02',10200,85200,4,'',0,10000,4,'',0,10000,4,'',0,10100,4,'',0,10000,4,'',0,10000,4,'',0,10000,4,'',0,9800,4,'',0,10000,4,'',0,10000,4,'',0,10000,4,'',0,10000,4,'',0,10000,4,'',0,10000,4,'',0,10000,4,'',0
'LA-H24-LAGTFS-Samedi-02',10201,80300,,'',0,10000,,'',0,10000,,'',0,10000,,'',0,9900,,'',0,10000,,'',0,10000,,'',0,10000,,'',0,10000,,'',0,10000,,'',0,10000,,'',0,10100,,'',0,10000,,'',0,10000,,'',0,10000,,'',0
'LA-H24-LAGTFS-Semaine-01',10200,63500,4,'',0,2100,4,'',0,8000,4,'',0,2000,4,'',0,7600,4,'',0,2700,4,'',0,9500,4,'',0,10000,4,'',0,10000,4,'',0,10000,4,'',0,10000,4,'',0,10000,4,'',0,10000,4,'',0,8200,4,'',0,7400,4,'',0,3300,4,'',0,6300,4,'',0,3500,4,'',0,6600,4,'',0,3200,4,'',0,9900,4,'',0,10000,4,'',0,10000,4,'',0
'LA-H24-LAGTFS-Semaine-01',10201,54000,,'',0,6700,,'',0,3300,,'',0,1800,,'',0,8000,,'',0,6800,,'',0,9500,,'',0,5500,,'',0,10000,,'',0,10000,,'',0,10000,,'',0,14500,,'',0,9900,,'',0,3500,,'',0,7400,,'',0,3700,,'',0,6600,,'',0,3300,,'',0,6500,,'',0,3800,,'',0,10000,,'',0,10100,,'',0,10000,,'',0
'LA-H24-LAGTFS-Semaine-02',10200,63500,4,'',0,2100,4,'',0,8000,4,'',0,2000,4,'',0,7600,4,'',0,2700,4,'',0,9500,4,'',0,10000,4,'',0,10000,4,'',0,10000,4,'',0,10000,4,'',0,10000,4,'',0,10000,4,'',0,8200,4,'',0,7400,4,'',0,3300,4,'',0,6300,4,'',0,3500,4,'',0,6600,4,'',0,3200,4,'',0,9900,4,'',0,10000,4,'',0,10000,4,'',0
'LA-H24-LAGTFS-Semaine-02',10201,54000,,'',0,6700,,'',0,3300,,'',0,1800,,'',0,8000,,'',0,6800,,'',0,9500,,'',0,5500,,'',0,10000,,'',0,10000,,'',0,10000,,'',0,14500,,'',0,9900,,'',0,3500,,'',0,7400,,'',0,3700,,'',0,6600,,'',0,3300,,'',0,6500,,'',0,3800,,'',0,10000,,'',0,10100,,'',0,10000,,'',0
'LA-H24-LAGTFS-Semaine-01',2000010200,133100,4,'',0
'LA-H24-LAGTFS-Semaine-01',2000010201,102800,,'',0
'LA-H24-LAGTFS-Semaine-02',2000010200,133100,4,'',0
'LA-H24-LAGTFS-Semaine-02',2000010201,102800,,'',0
