'LA-E23-LAGTFS-Dimanche-01',10300,85200,4,'',0,10000,4,'',0,10000,4,'',0,10000,4,'',0,10000,4,'',0,10000,4,'',0,10000,4,'',0,10000,4,'',0,10000,4,'',0,10000,4,'',0,10000,4,'',0,10000,4,'',0,10000,4,'',0,10000,4,'',0,10000,4,'',0
'LA-E23-LAGTFS-Dimanche-01',10301,80500,,'',0,10000,,'',0,10000,,'',0,10000,,'',0,10000,,'',0,10000,,'',0,10000,,'',0,10000,,'',0,10000,,'',0,10000,,'',0,10000,,'',0,10000,,'',0,10000,,'',0,10000,,'',0,10000,,'',0
'LA-E23-LAGTFS-Fête-1-01',10300,85200,4,'',0,10000,4,'',0,10000,4,'',0,10000,4,'',0,10000,4,'',0,10000,4,'',0,10000,4,'',0,10000,4,'',0,10000,4,'',0,10000,4,'',0,10000,4,'',0,10000,4,'',0,10000,4,'',0,10000,4,'',0,10000,4,'',0
'LA-E23-LAGTFS-Fête-1-01',10301,80500,,'',0,10000,,'',0,10000,,'',0,10000,,'',0,10000,,'',0,10000,,'',0,10000,,'',0,10000,,'',0,10000,,'',0,10000,,'',0,10000,,'',0,10000,,'',0,10000,,'',0,10000,,'',0,10000,,'',0
'LA-E23-LAGTFS-Samedi-01',10300,85200,4,'',0,10000,4,'',0,10000,4,'',0,10000,4,'',0,10000,4,'',0,10000,4,'',0,10000,4,'',0,10000,4,'',0,10000,4,'',0,10000,4,'',0,10000,4,'',0,10000,4,'',0,10000,4,'',0,10000,4,'',0,10000,4,'',0
'LA-E23-LAGTFS-Samedi-01',10301,80500,,'',0,10000,,'',0,10000,,'',0,10000,,'',0,10000,,'',0,10000,,'',0,10000,,'',0,10000,,'',0,10000,,'',0,10000,,'',0,10000,,'',0,10000,,'',0,10000,,'',0,10000,,'',0,10000,,'',0
'LA-E23-LAGTFS-Semaine-01',10300,63600,4,'',0,6500,4,'',0,3500,4,'',0,2000,4,'',0,7600,4,'',0,6800,4,'',0,5300,4,'',0,10000,4,'',0,10100,4,'',0,10000,4,'',0,10000,4,'',0,10000,4,'',0,10000,4,'',0,7500,4,'',0,7800,4,'',0,3400,4,'',0,6300,4,'',0,3500,4,'',0,6600,4,'',0,3400,4,'',0,9900,4,'',0,10000,4,'',0,10000,4,'',0
'LA-E23-LAGTFS-Semaine-01',10301,54700,,'',0,6500,,'',0,3500,,'',0,6000,,'',0,3600,,'',0,7000,,'',0,9500,,'',0,9300,,'',0,10000,,'',0,10200,,'',0,10000,,'',0,10500,,'',0,9900,,'',0,3300,,'',0,7600,,'',0,3600,,'',0,6300,,'',0,3600,,'',0,6500,,'',0,3500,,'',0,10100,,'',0,10000,,'',0,10000,,'',0
'LA-E23-LAGTFS-Semaine-01',2000010300,132600,4,'',0
'LA-E23-LAGTFS-Semaine-01',2000010301,103300,,'',0
