800,82098,1,0
800,80015,2,0
800,81031,3,0
800,82377,4,0
800,82380,5,0
800,82382,6,0
800,82384,7,0
800,82386,8,0
800,82388,9,0
800,82390,10,0
800,82392,11,0
800,82393,12,0
800,82395,13,0
800,80997,14,1
801,80997,1,0
801,82829,2,0
801,82402,3,0
801,82403,4,0
801,81225,5,0
801,82406,6,0
801,82408,7,0
801,82410,8,0
801,82412,9,0
801,82414,10,0
801,82417,11,0
801,80016,12,1
801,82098,13,1
900,82097,1,0
900,82515,2,0
900,82338,3,0
900,82987,4,0
900,83727,5,0
900,82072,6,0
900,82073,7,0
900,82074,8,0
900,82075,9,0
900,82076,10,0
900,82077,11,0
900,82078,12,0
900,82079,13,0
900,82080,14,0
900,82081,15,0
900,82480,16,0
900,82481,17,0
900,82482,18,0
900,82483,19,0
900,82484,20,0
900,82485,21,0
900,82486,22,0
900,82487,23,0
900,82488,24,0
900,82489,25,0
900,82490,26,0
900,82491,27,0
900,82492,28,0
900,82493,29,0
900,82494,30,0
900,82495,31,0
900,82496,32,0
900,82497,33,0
900,82498,34,0
900,82499,35,0
900,82500,36,0
900,82501,37,0
900,82502,38,0
900,82518,39,0
900,82503,40,0
900,82504,41,0
900,82505,42,0
900,82506,43,0
900,82507,44,0
900,82508,45,0
900,82509,46,0
900,82510,47,0
900,82511,48,0
900,83228,49,0
900,82512,50,0
900,82520,51,0
900,80436,52,0
900,80435,53,0
900,80975,54,0
900,80976,55,0
900,82516,56,0
900,80978,57,0
900,80979,58,0
900,80944,59,0
900,80409,60,0
900,80310,61,0
900,80440,62,0
900,80943,63,0
900,82759,64,0
900,80796,65,0
900,80414,66,0
900,80415,67,0
900,80416,68,0
900,80417,69,0
900,80418,70,0
900,80419,71,0
900,80484,72,0
900,80485,73,0
900,80795,74,0
900,80422,75,0
900,80423,76,0
900,80424,77,0
900,80425,78,0
900,80426,79,1
901,80426,1,0
901,80400,2,0
901,80401,3,0
901,80402,4,0
901,80403,5,0
901,80876,6,0
901,80404,7,0
901,80405,8,0
901,80406,9,0
901,80878,10,0
901,80407,11,0
901,80879,12,0
901,80408,13,0
901,80797,14,0
901,80409,15,0
901,80410,16,0
901,80411,17,0
901,80311,18,0
901,80588,19,0
901,80980,20,0
901,80981,21,0
901,80987,22,0
901,80974,23,0
901,82526,24,0
901,82527,25,0
901,82528,26,0
901,82521,27,0
901,82529,28,0
901,83227,29,0
901,82530,30,0
901,82531,31,0
901,82532,32,0
901,82533,33,0
901,82534,34,0
901,82535,35,0
901,82536,36,0
901,82537,37,0
901,82538,38,0
901,83151,39,0
901,82539,40,0
901,82810,41,0
901,82540,42,0
901,82541,43,0
901,82542,44,0
901,82543,45,0
901,82544,46,0
901,82545,47,0
901,82546,48,0
901,82547,49,0
901,82548,50,0
901,82549,51,0
901,82553,52,0
901,82551,53,0
901,82552,54,0
901,82554,55,0
901,82555,56,0
901,82556,57,0
901,82557,58,0
901,82558,59,0
901,82559,60,0
901,82116,61,0
901,82117,62,0
901,82118,63,0
901,82119,64,0
901,82120,65,0
901,82121,66,0
901,82122,67,0
901,82123,68,0
901,82124,69,0
901,82125,70,0
901,83723,71,0
901,82263,72,0
901,82264,73,0
901,82759,74,0
901,82097,75,1
1100,82562,1,0
1100,82587,2,0
1100,82588,3,0
1100,82589,4,0
1100,82590,5,0
1100,88788,6,0
1100,82853,7,0
1100,82029,8,0
1100,82030,9,0
1100,82606,10,0
1100,82597,11,0
1100,83083,12,0
1100,82819,13,0
1100,82260,14,0
1100,82525,15,0
1100,82862,16,0
1100,82261,17,0
1100,82262,18,0
1100,83729,19,1
1101,83729,1,0
1101,82830,2,0
1101,82209,3,0
1101,82284,4,0
1101,82210,5,0
1101,82211,6,0
1101,82603,7,0
1101,82604,8,0
1101,82597,9,0
1101,82605,10,0
1101,82039,11,0
1101,82040,12,0
1101,82041,13,0
1101,82368,14,0
1101,82611,15,1
1101,82612,16,1
1101,82613,17,1
1101,82614,18,1
1101,82615,19,1
1101,82616,20,1
1200,81830,1,0
1200,82025,2,1
1200,82902,3,1
1200,82903,4,1
1200,82904,5,1
1200,83012,6,1
1200,83013,7,1
1200,83014,8,1
1200,83015,9,1
1200,82457,10,1
1200,82458,11,1
1200,82459,12,1
1200,82460,13,1
1200,82461,14,1
1200,82462,15,1
1200,82463,16,1
1200,82464,17,1
1200,82618,18,1
1200,82619,19,1
1200,82514,20,1
1200,82471,21,1
1200,83144,22,1
1200,83145,23,1
1200,83146,24,1
1200,83147,25,1
1200,82476,26,1
1200,82477,27,1
1200,82478,28,1
1200,82479,29,1
1200,83016,30,1
1200,83019,31,1
1200,83367,32,1
1201,81602,1,0
1201,81603,2,0
1201,80039,3,0
1201,82134,4,0
1201,82425,5,0
1201,82426,6,0
1201,82427,7,0
1201,82428,8,0
1201,82429,9,0
1201,83141,10,0
1201,83142,11,0
1201,83143,12,0
1201,82433,13,0
1201,82434,14,0
1201,82620,15,0
1201,83154,16,0
1201,80864,17,0
1201,82628,18,0
1201,82629,19,0
1201,82630,20,0
1201,82445,21,0
1201,82446,22,0
1201,82447,23,0
1201,82448,24,0
1201,82449,25,0
1201,82450,26,0
1201,82451,27,0
1201,80877,28,0
1201,80861,29,0
1201,80945,30,0
1201,80946,31,0
1201,80947,32,0
1201,80862,33,0
1201,80949,34,0
1201,83011,35,0
1201,83018,36,0
1201,82046,37,1
1500,82895,1,0
1500,82896,2,0
1500,82897,3,0
1500,82898,4,0
1500,82899,5,0
1500,82900,6,0
1500,82901,7,0
1500,82908,8,0
1500,82853,9,0
1500,82042,10,0
1500,83106,11,0
1500,82043,12,0
1500,82044,13,0
1500,82045,14,0
1500,81831,15,1
1501,81831,1,0
1501,82025,2,1
1501,82026,3,1
1501,82027,4,1
1501,83107,5,1
1501,82028,6,1
1501,82368,7,1
1501,82369,8,1
1501,82911,9,1
1501,82912,10,1
1501,82913,11,1
1501,82914,12,1
1501,82915,13,1
1501,82916,14,1
1501,82917,15,1
1700,81832,1,0
1700,82780,2,1
1700,82781,3,1
1700,82782,4,1
1700,82783,5,1
1700,82784,6,1
1700,82785,7,1
1700,82786,8,1
1700,82787,9,1
1700,82788,10,1
1700,82789,11,1
1700,82790,12,1
1700,82791,13,1
1700,82792,14,1
1700,82618,15,1
1700,82869,16,1
1700,83393,17,1
1700,82870,18,1
1700,82871,19,1
1700,82872,20,1
1700,82873,21,1
1700,82874,22,1
1700,82875,23,1
1700,82876,24,1
1700,82877,25,1
1700,82878,26,1
1700,82467,27,1
1700,82057,28,1
1700,83152,29,1
1700,82440,30,1
1700,82058,31,1
1700,82059,32,1
1700,82060,33,1
1700,82061,34,1
1700,82062,35,1
1700,82007,36,1
1700,82065,37,1
1700,82066,38,1
1700,82067,39,1
1700,82068,40,1
1700,82069,41,1
1700,82854,42,1
1700,84967,43,1
1700,82867,44,1
1700,84966,45,1
1701,82000,1,0
1701,82001,2,0
1701,82868,3,0
1701,82855,4,0
1701,82002,5,0
1701,82003,6,0
1701,82004,7,0
1701,82005,8,0
1701,82006,9,0
1701,82064,10,0
1701,82009,11,0
1701,82010,12,0
1701,82011,13,0
1701,82012,14,0
1701,82013,15,0
1701,82439,16,0
1701,83153,17,0
1701,82014,18,0
1701,82441,19,0
1701,82442,20,0
1701,82879,21,0
1701,83148,22,0
1701,82880,23,0
1701,82881,24,0
1701,82882,25,0
1701,82883,26,0
1701,82884,27,0
1701,82885,28,0
1701,82886,29,0
1701,82887,30,0
1701,81835,31,0
1701,82630,32,0
1701,82768,33,0
1701,82769,34,0
1701,82770,35,0
1701,82771,36,0
1701,82772,37,0
1701,82773,38,0
1701,82774,39,0
1701,82775,40,0
1701,82776,41,0
1701,82777,42,0
1701,82778,43,0
1701,83272,44,0
1701,80128,45,0
1701,80671,46,0
1701,82024,47,1
2000,81833,1,0
2000,82047,2,1
2000,82048,3,1
2000,82049,4,1
2000,82050,5,1
2000,82051,6,1
2000,82052,7,1
2000,82053,8,1
2000,82054,9,1
2000,82055,10,1
2000,82056,11,1
2000,82057,12,1
2000,83152,13,1
2000,82440,14,1
2000,82058,15,1
2000,82468,16,1
2000,82720,17,1
2000,82761,18,1
2000,82762,19,1
2000,82721,20,1
2000,82722,21,1
2000,82763,22,1
2000,82764,23,1
2000,82765,24,1
2000,82471,25,1
2000,82472,26,1
2000,82747,27,1
2000,82748,28,1
2000,82749,29,1
2000,82750,30,1
2000,82751,31,1
2000,82752,32,1
2000,82753,33,1
2000,82848,34,1
2000,82754,35,1
2000,82755,36,1
2000,83135,37,1
2000,83163,38,1
2000,83140,39,1
2000,83051,40,1
2000,83414,41,1
2000,81315,42,1
2000,81316,43,1
2000,85530,44,1
2000,85503,45,1
2000,85504,46,1
2000,85505,47,1
2000,85778,48,1
2000,85506,49,1
2001,85551,1,0
2001,85779,2,0
2001,85514,3,0
2001,85515,4,0
2001,85516,5,0
2001,85529,6,0
2001,85517,7,0
2001,80948,8,0
2001,84313,9,0
2001,83137,10,0
2001,83138,11,0
2001,83139,12,0
2001,82737,13,0
2001,82738,14,0
2001,82847,15,0
2001,82739,16,0
2001,82740,17,0
2001,82741,18,0
2001,82742,19,0
2001,82743,20,0
2001,82744,21,0
2001,82745,22,0
2001,82746,23,0
2001,82433,24,0
2001,82434,25,0
2001,82435,26,0
2001,81916,27,0
2001,83050,28,0
2001,81915,29,0
2001,81914,30,0
2001,81979,31,0
2001,81978,32,0
2001,81977,33,0
2001,82438,34,0
2001,82439,35,0
2001,83153,36,0
2001,82014,37,0
2001,82766,38,0
2001,82015,39,0
2001,82016,40,0
2001,82712,41,0
2001,82017,42,0
2001,82018,43,0
2001,82019,44,0
2001,82020,45,0
2001,82021,46,0
2001,82022,47,0
2001,82023,48,0
2001,82024,49,1
2200,83722,1,0
2200,82843,2,0
2200,82036,3,0
2200,82037,4,0
2200,82038,5,0
2200,82039,6,0
2200,82040,7,0
2200,82041,8,0
2200,82042,9,0
2200,83106,10,0
2200,82043,11,0
2200,82044,12,0
2200,82045,13,0
2200,82046,14,0
2200,82047,15,0
2200,82048,16,0
2200,82049,17,0
2200,82050,18,0
2200,82051,19,0
2200,82052,20,0
2200,82053,21,0
2200,82054,22,0
2200,82055,23,0
2200,82056,24,0
2200,82057,25,0
2200,83152,26,0
2200,82440,27,0
2200,82058,28,0
2200,82059,29,0
2200,82060,30,0
2200,82061,31,0
2200,82062,32,0
2200,82007,33,0
2200,82065,34,0
2200,82066,35,0
2200,82067,36,0
2200,82068,37,0
2200,82069,38,0
2200,82854,39,0
2200,84967,40,0
2200,82867,41,0
2200,82000,42,1
2201,82000,1,0
2201,82001,2,0
2201,82868,3,0
2201,82855,4,0
2201,82002,5,0
2201,82003,6,0
2201,82004,7,0
2201,82005,8,0
2201,82006,9,0
2201,82064,10,0
2201,82009,11,0
2201,82010,12,0
2201,82011,13,0
2201,82012,14,0
2201,82013,15,0
2201,82439,16,0
2201,83153,17,0
2201,82014,18,0
2201,82766,19,0
2201,82015,20,0
2201,82016,21,0
2201,82712,22,0
2201,82017,23,0
2201,82018,24,0
2201,82019,25,0
2201,82020,26,0
2201,82021,27,0
2201,82022,28,0
2201,82023,29,0
2201,82024,30,0
2201,82025,31,0
2201,82026,32,0
2201,82027,33,0
2201,83107,34,0
2201,82028,35,0
2201,82029,36,0
2201,82030,37,0
2201,82031,38,0
2201,82032,39,0
2201,82033,40,0
2201,82034,41,0
2201,82844,42,0
2201,83722,43,1
2300,83730,1,0
2300,82072,2,0
2300,82073,3,0
2300,82074,4,0
2300,82075,5,0
2300,82076,6,0
2300,82077,7,0
2300,82078,8,0
2300,82079,9,0
2300,82080,10,0
2300,82081,11,0
2300,82082,12,0
2300,82083,13,0
2300,82084,14,0
2300,82946,15,0
2300,82893,16,0
2300,83040,17,0
2300,83276,18,0
2300,82085,19,0
2300,83232,20,0
2300,82086,21,0
2300,82087,22,0
2300,83233,23,0
2300,82088,24,0
2300,83234,25,0
2300,82089,26,0
2300,82090,27,0
2300,82091,28,0
2300,83257,29,0
2300,82093,30,0
2300,82094,31,0
2300,82095,32,0
2300,82096,33,0
2300,83210,34,0
2300,83211,35,0
2300,83176,36,0
2300,83177,37,0
2300,83178,38,0
2300,83179,39,0
2300,83180,40,0
2300,83181,41,0
2300,83182,42,0
2300,83183,43,0
2300,83184,44,0
2300,83185,45,0
2300,83186,46,0
2300,83212,47,0
2300,83213,48,0
2300,83197,49,1
2301,83156,1,0
2301,83157,2,0
2301,83214,3,0
2301,83215,4,0
2301,82099,5,0
2301,82811,6,0
2301,82812,7,0
2301,82813,8,0
2301,82814,9,0
2301,82815,10,0
2301,83165,11,0
2301,83166,12,0
2301,83167,13,0
2301,83168,14,0
2301,83169,15,0
2301,83170,16,0
2301,83171,17,0
2301,82818,18,0
2301,82101,19,0
2301,82102,20,0
2301,82103,21,0
2301,82104,22,0
2301,82105,23,0
2301,83258,24,0
2301,82138,25,0
2301,82107,26,0
2301,82108,27,0
2301,83229,28,0
2301,82109,29,0
2301,83230,30,0
2301,82110,31,0
2301,82111,32,0
2301,83231,33,0
2301,82112,34,0
2301,83277,35,0
2301,83120,36,0
2301,82894,37,0
2301,82947,38,0
2301,82113,39,0
2301,82114,40,0
2301,82115,41,0
2301,82116,42,0
2301,82117,43,0
2301,82118,44,0
2301,82119,45,0
2301,82120,46,0
2301,82121,47,0
2301,82122,48,0
2301,82123,49,0
2301,82124,50,0
2301,82125,51,0
2301,83730,52,1
2400,82126,1,0
2400,83705,2,0
2400,83731,3,0
2400,83709,4,0
2400,83707,5,0
2400,82063,6,0
2400,82128,7,0
2400,82130,8,0
2400,82143,9,0
2400,82132,10,0
2400,82133,11,0
2400,82134,12,0
2400,82963,13,0
2400,82135,14,0
2400,83219,15,0
2400,82397,16,0
2400,83223,17,0
2400,82993,18,0
2400,82086,19,0
2400,82087,20,0
2400,83233,21,0
2400,82088,22,0
2400,83234,23,0
2400,82089,24,0
2400,82090,25,0
2400,82091,26,0
2400,83257,27,0
2400,82093,28,0
2400,82094,29,0
2400,82095,30,0
2400,82096,31,0
2400,83210,32,0
2400,83211,33,0
2400,83176,34,0
2400,83177,35,0
2400,83178,36,0
2400,83179,37,0
2400,83180,38,0
2400,83181,39,0
2400,83182,40,0
2400,83183,41,0
2400,83184,42,0
2400,83185,43,0
2400,83186,44,0
2400,83212,45,0
2400,83213,46,0
2400,83197,47,1
2401,83156,1,0
2401,83157,2,0
2401,83214,3,0
2401,83215,4,0
2401,82099,5,0
2401,82811,6,0
2401,82812,7,0
2401,82813,8,0
2401,82814,9,0
2401,82815,10,0
2401,83165,11,0
2401,83166,12,0
2401,83167,13,0
2401,83168,14,0
2401,83169,15,0
2401,83170,16,0
2401,83171,17,0
2401,82818,18,0
2401,82101,19,0
2401,82102,20,0
2401,82103,21,0
2401,82104,22,0
2401,82105,23,0
2401,83258,24,0
2401,82138,25,0
2401,82107,26,0
2401,82108,27,0
2401,83229,28,0
2401,82109,29,0
2401,83230,30,0
2401,82110,31,0
2401,82111,32,0
2401,84038,33,0
2401,83224,34,0
2401,82602,35,0
2401,83220,36,0
2401,82139,37,0
2401,82962,38,0
2401,82715,39,0
2401,82141,40,0
2401,82142,41,0
2401,82131,42,0
2401,82144,43,0
2401,82145,44,0
2401,82008,45,0
2401,83708,46,1
2401,83710,47,1
2401,83732,48,1
2401,83706,49,1
2401,82126,50,1
2700,83724,1,0
2700,82843,2,0
2700,82036,3,0
2700,82037,4,0
2700,82804,5,0
2700,82455,6,0
2700,82456,7,0
2700,82457,8,0
2700,82458,9,0
2700,82459,10,0
2700,82460,11,0
2700,82461,12,0
2700,82462,13,0
2700,82463,14,0
2700,82464,15,0
2700,82465,16,0
2700,82466,17,0
2700,82467,18,0
2700,82057,19,0
2700,83152,20,0
2700,82440,21,0
2700,82058,22,0
2700,82468,23,0
2700,82366,24,0
2700,82470,25,0
2700,82471,26,0
2700,82472,27,0
2700,82473,28,0
2700,82474,29,0
2700,82475,30,0
2700,82476,31,0
2700,82477,32,0
2700,82478,33,0
2700,82479,34,0
2700,82141,35,0
2700,82142,36,0
2700,82131,37,0
2700,82144,38,0
2700,82145,39,0
2700,82008,40,1
2701,82063,1,0
2701,82128,2,0
2701,82130,3,0
2701,82143,4,0
2701,82132,5,0
2701,82133,6,0
2701,82134,7,0
2701,82425,8,0
2701,82426,9,0
2701,82427,10,0
2701,82428,11,0
2701,82429,12,0
2701,82430,13,0
2701,82431,14,0
2701,82432,15,0
2701,82433,16,0
2701,82434,17,0
2701,82435,18,0
2701,82436,19,0
2701,82437,20,0
2701,82438,21,0
2701,82439,22,0
2701,83153,23,0
2701,82014,24,0
2701,82441,25,0
2701,82442,26,0
2701,82443,27,0
2701,82444,28,0
2701,82445,29,0
2701,82446,30,0
2701,82447,31,0
2701,82448,32,0
2701,82449,33,0
2701,82450,34,0
2701,82451,35,0
2701,82452,36,0
2701,82453,37,0
2701,82454,38,0
2701,82033,39,0
2701,82034,40,0
2701,82844,41,0
2701,83724,42,1
2800,82126,1,0
2800,82063,2,0
2800,82128,3,0
2800,82130,4,0
2800,82143,5,0
2800,82132,6,0
2800,82133,7,0
2800,82134,8,0
2800,82963,9,0
2800,82135,10,0
2800,85530,11,0
2800,85503,12,0
2800,85504,13,0
2800,85505,14,0
2800,85778,15,0
2800,85506,16,0
2800,85542,17,0
2800,85543,18,0
2800,85544,19,0
2800,82086,20,0
2800,82087,21,0
2800,85545,22,0
2800,85546,23,0
2800,85547,24,0
2800,85548,25,0
2800,85549,26,0
2800,85550,27,0
2800,85510,28,0
2800,83236,29,0
2800,85508,30,0
2800,85509,31,0
2800,84254,32,0
2800,84255,33,1
2801,84314,1,0
2801,84310,2,0
2801,85519,3,0
2801,85511,4,0
2801,83235,5,0
2801,85532,6,0
2801,83222,7,0
2801,84035,8,0
2801,84036,9,0
2801,84037,10,0
2801,84256,11,0
2801,84258,12,0
2801,82110,13,0
2801,82111,14,0
2801,84038,15,0
2801,85533,16,0
2801,85534,17,0
2801,85551,18,0
2801,85779,19,0
2801,85514,20,0
2801,85515,21,0
2801,85516,22,0
2801,85529,23,0
2801,85517,24,0
2801,82962,25,0
2801,82715,26,0
2801,82141,27,0
2801,82142,28,0
2801,82131,29,0
2801,82144,30,0
2801,82145,31,0
2801,82008,32,0
2801,82126,33,1
5101,83726,1,0
5101,82072,2,0
5101,82073,3,0
5101,82074,4,0
5101,82075,5,0
5101,82076,6,0
5101,82121,7,0
5101,83225,8,0
5101,83005,9,0
5101,83006,10,0
5101,83007,11,0
5101,83008,12,0
5101,83009,13,0
5101,83010,14,0
5101,83108,15,0
5101,83109,16,0
5101,83000,17,0
5101,83001,18,0
5101,83002,19,0
5101,83110,20,0
5101,83111,21,0
5101,83112,22,0
5101,83113,23,0
5101,83114,24,0
5101,83031,25,0
5101,83032,26,0
5101,82725,27,0
5101,82726,28,0
5101,83075,29,0
5101,82233,30,0
5101,82234,31,0
5101,82235,32,0
5101,82236,33,0
5101,82237,34,0
5101,83115,35,0
5101,82239,36,0
5101,82517,37,0
5101,82519,38,0
5101,82523,39,0
5101,82243,40,0
5101,82244,41,0
5101,82245,42,0
5101,82246,43,0
5101,82247,44,0
5101,82248,45,0
5101,82249,46,0
5101,82250,47,0
5101,82251,48,0
5101,82252,49,0
5101,82253,50,0
5101,82254,51,0
5101,82255,52,0
5101,82259,53,0
5101,82256,54,0
5101,82808,55,0
5101,82257,56,0
5101,82727,57,0
5101,83218,58,0
5101,82266,59,0
5101,83237,60,0
5101,82267,61,0
5101,82268,62,0
5101,83195,63,0
5101,82269,64,0
5101,82260,65,0
5101,82525,66,0
5101,82862,67,0
5101,82261,68,0
5101,82262,69,0
5200,83721,1,0
5200,82830,2,0
5200,82209,3,0
5200,82284,4,0
5200,82210,5,0
5200,82211,6,0
5200,83022,7,0
5200,83194,8,0
5200,83023,9,0
5200,83024,10,0
5200,83238,11,0
5200,83025,12,0
5200,83026,13,0
5200,83027,14,0
5200,83028,15,0
5200,82807,16,0
5200,82214,17,0
5200,82265,18,0
5200,82215,19,0
5200,82216,20,0
5200,82217,21,0
5200,82218,22,0
5200,82219,23,0
5200,82220,24,0
5200,82964,25,0
5200,82221,26,0
5200,82222,27,0
5200,82223,28,0
5200,82224,29,0
5200,82225,30,0
5200,82226,31,0
5200,82227,32,0
5200,82228,33,0
5200,82229,34,0
5200,83030,35,0
5200,82856,36,0
5200,83031,37,0
5200,83032,38,0
5200,82725,39,0
5200,82726,40,0
5200,83033,41,0
5200,83273,42,0
5200,83034,43,0
5200,82273,44,0
5200,82728,45,0
5200,82729,46,0
5200,82730,47,0
5200,82235,48,0
5200,82236,49,0
5200,82237,50,0
5200,83035,51,0
5200,83036,52,0
5200,83037,53,0
5200,83038,54,0
5200,82949,55,0
5200,82241,56,0
5200,82242,57,0
5200,82731,58,0
5200,82270,59,0
5200,82271,60,0
5200,82272,61,0
5200,83004,62,0
5200,82679,63,0
5200,82681,64,0
5200,82682,65,0
5200,82277,66,0
5200,82278,67,0
5200,82279,68,0
5200,82122,69,0
5200,82123,70,0
5200,82124,71,0
5200,82125,72,0
5900,82098,1,0
5900,83003,2,0
5900,82218,3,0
5900,82219,4,0
5900,82220,5,0
5900,82964,6,0
5900,82221,7,0
5900,82222,8,0
5900,82223,9,0
5900,82224,10,0
5900,82225,11,0
5900,82226,12,0
5900,82227,13,0
5900,82228,14,0
5900,82229,15,0
5900,82230,16,0
5900,82997,17,0
5900,82240,18,0
5900,82949,19,0
5900,82241,20,0
5900,82242,21,0
5900,82731,22,0
5900,83004,23,0
5900,82679,24,0
5900,83425,25,0
5900,82760,26,0
5900,82767,27,0
5900,82779,28,0
5900,82866,29,0
5900,82165,30,0
5900,82166,31,0
5900,82167,32,0
5900,82168,33,0
5900,82169,34,0
5900,82170,35,0
5900,82171,36,0
5900,82172,37,1
5900,82173,38,0
5900,82185,39,1
5901,82172,1,0
5901,82184,2,0
5901,82185,3,0
5901,82186,4,0
5901,82187,5,0
5901,82188,6,0
5901,82189,7,0
5901,82190,8,0
5901,82191,9,0
5901,82192,10,0
5901,82863,11,0
5901,82806,12,0
5901,82809,13,0
5901,82945,14,0
5901,83426,15,0
5901,83000,16,0
5901,83001,17,0
5901,83002,18,0
5901,82524,19,0
5901,82948,20,0
5901,82733,21,0
5901,82998,22,0
5901,82725,23,0
5901,82517,24,0
5901,82519,25,0
5901,82523,26,0
5901,82243,27,0
5901,82244,28,0
5901,82245,29,0
5901,82246,30,0
5901,82247,31,0
5901,82248,32,0
5901,82249,33,0
5901,82250,34,0
5901,82251,35,0
5901,82098,36,1
6000,83728,1,0
6000,82843,2,0
6000,82036,3,0
6000,82037,4,0
6000,82285,5,0
6000,82286,6,0
6000,82287,7,0
6000,82288,8,0
6000,82289,9,0
6000,82075,10,0
6000,82076,11,0
6000,82178,12,0
6000,82179,13,0
6000,82180,14,0
6000,82181,15,0
6000,82182,16,0
6000,82183,17,0
6000,82290,18,0
6000,82341,19,0
6000,82340,20,0
6000,82291,21,0
6000,82292,22,0
6000,82293,23,0
6000,82294,24,0
6000,82295,25,0
6000,82296,26,0
6000,82297,27,0
6000,82298,28,0
6000,82299,29,0
6000,82300,30,0
6000,82301,31,0
6000,82302,32,0
6000,82342,33,0
6000,82304,34,0
6000,82305,35,0
6000,82315,36,0
6000,82078,37,0
6000,82079,38,0
6000,82080,39,0
6000,82307,40,0
6000,82308,41,0
6000,82309,42,0
6000,82310,43,0
6000,82311,44,1
6001,82311,1,0
6001,82312,2,0
6001,82313,3,0
6001,82314,4,0
6001,82117,5,0
6001,82118,6,0
6001,82119,7,0
6001,82306,8,0
6001,82316,9,0
6001,82317,10,0
6001,82318,11,0
6001,82303,12,0
6001,82595,13,0
6001,82732,14,0
6001,82319,15,0
6001,82320,16,0
6001,82321,17,0
6001,82322,18,0
6001,82323,19,0
6001,82324,20,0
6001,82325,21,0
6001,82326,22,0
6001,82327,23,0
6001,82328,24,0
6001,82329,25,0
6001,82330,26,0
6001,82331,27,0
6001,82174,28,0
6001,83121,29,0
6001,82176,30,0
6001,82177,31,0
6001,82821,32,0
6001,82121,33,0
6001,82332,34,0
6001,82333,35,0
6001,82334,36,0
6001,82335,37,0
6001,82336,38,0
6001,82337,39,0
6001,82033,40,0
6001,82034,41,0
6001,82844,42,0
6001,83728,43,1
6100,83720,1,0
6100,82072,2,0
6100,82951,3,0
6100,82959,4,0
6100,82335,5,0
6100,82336,6,0
6100,82343,7,0
6100,82344,8,0
6100,83155,9,0
6100,82345,10,0
6100,82346,11,0
6100,82347,12,0
6100,82348,13,0
6100,82349,14,0
6100,82350,15,0
6100,82351,16,0
6100,82352,17,0
6100,82353,18,0
6100,82354,19,0
6100,82355,20,0
6100,82356,21,0
6100,82357,22,0
6100,82358,23,0
6100,82359,24,0
6100,82360,25,0
6100,82361,26,0
6100,82362,27,0
6100,82363,28,0
6100,82938,29,0
6100,82364,30,0
6100,82365,31,0
6100,82310,32,0
6100,82311,33,0
6100,82312,34,0
6100,82313,35,0
6100,82314,36,0
6100,82117,37,0
6100,82860,38,0
6100,82950,39,0
6100,82953,40,0
6100,82982,41,0
6100,82954,42,0
6100,82988,43,0
6201,83728,1,0
6201,82072,2,0
6201,82073,3,0
6201,82074,4,0
6201,82075,5,0
6201,82076,6,0
6201,82077,7,0
6201,82306,8,0
6201,82316,9,0
6201,82317,10,0
6201,82318,11,0
6201,82319,12,0
6201,82320,13,0
6201,82321,14,0
6201,82322,15,0
6201,82323,16,0
6201,82324,17,0
6201,82325,18,0
6201,82326,19,0
6201,82327,20,0
6201,82328,21,0
6201,82329,22,0
6201,82330,23,0
6201,82331,24,0
6201,82174,25,0
6201,83121,26,0
6201,82176,27,0
6201,82177,28,0
6201,82821,29,0
6201,82121,30,0
6201,82122,31,0
6201,82123,32,0
6201,82124,33,0
6201,82125,34,0
7100,82560,1,0
7100,82561,2,0
7100,83090,3,0
7100,82487,4,0
7100,82488,5,0
7100,82489,6,0
7100,82490,7,0
7100,82491,8,0
7100,82492,9,0
7100,82493,10,0
7100,82494,11,0
7100,82495,12,0
7100,82496,13,0
7100,82497,14,0
7100,82498,15,0
7100,82499,16,0
7100,82500,17,0
7100,82501,18,0
7100,82502,19,0
7100,82518,20,0
7100,83256,21,0
7100,82601,22,0
7100,82577,23,0
7100,82578,24,0
7100,82579,25,0
7100,82580,26,0
7100,82581,27,0
7100,82582,28,0
7100,82820,29,0
7100,82583,30,0
7100,82584,31,0
7100,82585,32,0
7100,83085,33,0
7100,83086,34,0
7100,83087,35,0
7100,83088,36,0
7100,83089,37,0
7200,82560,1,0
7200,82561,2,0
7200,83090,3,0
7200,83091,4,0
7200,83092,5,0
7200,83093,6,0
7200,83094,7,0
7200,83095,8,0
7200,83096,9,0
7200,83097,10,0
7200,83098,11,0
7200,83099,12,0
7200,83100,13,0
7200,83101,14,0
7200,83102,15,0
7200,83103,16,0
7200,83104,17,0
7200,82566,18,0
7200,82567,19,0
7200,82568,20,0
7200,82569,21,0
7200,82570,22,0
7200,82571,23,0
7200,82572,24,0
7200,82574,25,0
7200,82575,26,0
7200,82573,27,0
7200,82576,28,0
7200,82541,29,0
7200,82542,30,0
7200,82543,31,0
7200,82544,32,0
7200,82545,33,0
7200,82546,34,0
7200,82547,35,0
7200,82548,36,0
7200,82549,37,0
7200,82553,38,0
7200,82551,39,0
7200,83052,40,0
7200,83053,41,0
7301,83725,1,0
7301,82843,2,0
7301,82036,3,0
7301,82037,4,0
7301,82845,5,0
7301,82685,6,0
7301,82686,7,0
7301,82687,8,0
7301,82688,9,0
7301,82690,10,0
7301,82689,11,0
7301,82691,12,0
7301,82692,13,0
7301,82693,14,0
7301,82694,15,0
7301,82695,16,0
7301,82696,17,0
7301,82697,18,0
7301,82698,19,0
7301,82699,20,0
7301,82700,21,0
7301,82701,22,0
7301,82702,23,0
7301,82703,24,0
7301,82704,25,0
7301,82705,26,0
7301,82706,27,0
7301,82707,28,0
7301,82708,29,0
7301,82709,30,0
7301,82846,31,0
7301,82710,32,0
7301,82033,33,0
7301,82034,34,0
7301,82844,35,0
7401,83725,1,0
7401,82072,2,0
7401,82073,3,0
7401,82074,4,0
7401,82075,5,0
7401,82857,6,0
7401,82858,7,0
7401,82859,8,0
7401,82080,9,0
7401,82918,10,0
7401,82919,11,0
7401,82920,12,0
7401,82921,13,0
7401,82922,14,0
7401,82923,15,0
7401,82924,16,0
7401,82925,17,0
7401,82346,18,0
7401,82347,19,0
7401,82926,20,0
7401,82927,21,0
7401,82928,22,0
7401,82929,23,0
7401,82930,24,0
7401,82931,25,0
7401,82932,26,0
7401,82933,27,0
7401,82934,28,0
7401,82935,29,0
7401,82845,30,0
7401,82685,31,0
7401,82686,32,0
7401,82687,33,0
7401,82688,34,0
7401,82690,35,0
7401,82689,36,0
7401,82691,37,0
7401,82692,38,0
7401,82693,39,0
7401,82694,40,0
7401,82695,41,0
7401,82696,42,0
7401,82697,43,0
7401,82698,44,0
7401,82699,45,0
7401,82700,46,0
7401,82701,47,0
7401,82702,48,0
7401,82703,49,0
7401,82704,50,0
7401,82705,51,0
7401,82706,52,0
7401,82707,53,0
7401,82708,54,0
7401,82709,55,0
7401,82846,56,0
7401,82710,57,0
7401,82936,58,0
7401,82937,59,0
7401,82352,60,0
7401,82353,61,0
7401,82354,62,0
7401,82355,63,0
7401,82356,64,0
7401,82357,65,0
7401,82358,66,0
7401,82359,67,0
7401,82360,68,0
7401,82361,69,0
7401,82362,70,0
7401,82363,71,0
7401,82938,72,0
7401,82958,73,0
7401,82939,74,0
7401,82940,75,0
7401,82941,76,0
7401,82942,77,0
7401,82943,78,0
7401,82365,79,0
7401,82310,80,0
7401,82311,81,0
7401,82312,82,0
7401,82313,83,0
7401,82314,84,0
7401,82117,85,0
7401,82860,86,0
7401,82950,87,0
7401,82076,88,0
7401,82121,89,0
7401,82122,90,0
7401,82123,91,0
7401,82124,92,0
7401,82125,93,0
8001,80992,1,0
8001,81004,2,0
8001,81005,3,0
8001,81006,4,0
8001,81007,5,0
8001,81008,6,0
8001,81165,7,0
8001,81009,8,0
8001,81217,9,0
8001,81010,10,0
8001,81218,11,0
8001,81011,12,0
8001,81012,13,0
8001,80031,14,0
8001,80032,15,0
8001,81013,16,0
8001,81014,17,0
8001,80198,18,0
8001,81015,19,0
8001,80139,20,0
8001,80140,21,0
8001,80141,22,0
8001,80215,23,0
8001,80143,24,0
8001,80036,25,0
8001,80144,26,0
8001,80145,27,0
8001,80208,28,0
8001,80051,29,0
8001,80190,30,0
8001,80052,31,0
8001,80053,32,0
8001,80054,33,0
8001,80055,34,0
8001,80056,35,0
8001,80211,36,0
8001,80057,37,0
8001,80104,38,0
8001,80059,39,0
8001,80060,40,0
8001,80212,41,0
8001,80221,42,0
8001,80222,43,0
8001,80061,44,0
8001,80063,45,0
8001,80071,46,0
8001,80072,47,0
8001,80073,48,0
8001,80070,49,0
8001,80074,50,0
8001,80075,51,0
8001,80076,52,0
8001,80077,53,0
8001,80079,54,0
8001,80080,55,0
8001,80081,56,0
8001,80082,57,0
8001,80083,58,0
8001,80084,59,0
8001,80213,60,0
8001,80239,61,0
8001,80238,62,0
8001,80237,63,0
8001,80217,64,0
8001,80218,65,0
8001,80091,66,0
8001,80092,67,0
8001,80094,68,0
8001,80095,69,0
8001,80096,70,0
8001,80097,71,0
8001,80098,72,0
8001,80090,73,0
8001,80099,74,0
8001,80100,75,0
8001,80220,76,0
8001,80101,77,0
8001,80102,78,0
8001,80103,79,0
8001,80259,80,0
8001,80260,81,0
8001,80261,82,0
8001,80058,83,0
8001,80262,84,0
8001,80105,85,0
8001,80263,86,0
8001,80106,87,0
8001,80107,88,0
8001,80265,89,0
8001,80108,90,0
8001,80109,91,0
8001,80110,92,0
8001,80266,93,0
8001,80150,94,0
8001,80149,95,0
8001,80151,96,0
8001,80152,97,0
8001,80153,98,0
8001,80154,99,0
8001,80199,100,0
8001,80216,101,0
8001,81120,102,0
8001,81121,103,0
8001,80200,104,0
8001,80155,105,0
8001,80028,106,0
8001,80029,107,0
8001,81124,108,0
8001,81125,109,0
8001,80030,110,0
8001,81126,111,0
8001,81219,112,0
8001,81220,113,0
8001,81221,114,0
8001,81222,115,0
8001,81228,116,0
8001,81160,117,0
8001,81161,118,0
8001,81162,119,0
8001,81163,120,0
8101,80992,1,0
8101,81004,2,0
8101,81005,3,0
8101,81006,4,0
8101,81007,5,0
8101,81008,6,0
8101,81165,7,0
8101,81009,8,0
8101,81217,9,0
8101,81010,10,0
8101,81218,11,0
8101,81011,12,0
8101,81012,13,0
8101,80031,14,0
8101,80032,15,0
8101,81013,16,0
8101,81014,17,0
8101,80198,18,0
8101,81015,19,0
8101,80139,20,0
8101,80140,21,0
8101,80141,22,0
8101,80215,23,0
8101,80143,24,0
8101,80036,25,0
8101,80144,26,0
8101,80145,27,0
8101,80208,28,0
8101,80051,29,0
8101,80190,30,0
8101,80052,31,0
8101,80053,32,0
8101,80054,33,0
8101,80055,34,0
8101,80056,35,0
8101,80211,36,0
8101,80057,37,0
8101,80104,38,0
8101,80059,39,0
8101,80060,40,0
8101,80212,41,0
8101,80221,42,0
8101,80222,43,0
8101,80123,44,0
8101,80122,45,0
8101,80093,46,0
8101,80019,47,0
8101,80024,48,0
8101,80025,49,0
8101,80026,50,0
8101,80027,51,0
8101,80034,52,0
8101,80035,53,0
8101,80037,54,0
8101,80038,55,0
8101,80040,56,0
8101,80041,57,0
8101,80043,58,0
8101,80044,59,0
8101,80062,60,0
8101,80064,61,0
8101,80080,62,0
8101,80081,63,0
8101,80082,64,0
8101,80083,65,0
8101,80084,66,0
8101,80213,67,0
8101,80065,68,0
8101,80066,69,0
8101,80067,70,0
8101,80068,71,0
8101,80069,72,0
8101,80078,73,0
8101,80089,74,0
8101,80085,75,0
8101,80086,76,0
8101,80087,77,0
8101,80088,78,0
8101,80103,79,0
8101,80259,80,0
8101,80260,81,0
8101,80261,82,0
8101,80058,83,0
8101,80262,84,0
8101,80105,85,0
8101,80263,86,0
8101,80106,87,0
8101,80107,88,0
8101,80265,89,0
8101,80108,90,0
8101,80109,91,0
8101,80110,92,0
8101,80266,93,0
8101,80150,94,0
8101,80149,95,0
8101,80151,96,0
8101,80152,97,0
8101,80153,98,0
8101,80154,99,0
8101,80199,100,0
8101,80216,101,0
8101,81120,102,0
8101,81121,103,0
8101,80200,104,0
8101,80155,105,0
8101,80028,106,0
8101,80029,107,0
8101,81124,108,0
8101,81125,109,0
8101,80030,110,0
8101,81126,111,0
8101,81219,112,0
8101,81220,113,0
8101,81221,114,0
8101,81222,115,0
8101,81228,116,0
8101,81160,117,0
8101,81161,118,0
8101,81162,119,0
8101,81163,120,0
8800,80993,1,0
8800,82829,2,0
8800,82402,3,0
8800,82403,4,0
8800,82404,5,0
8800,81225,6,0
8800,82405,7,0
8800,82406,8,0
8800,82407,9,0
8800,81226,10,0
8800,82408,11,0
8800,82409,12,0
8800,82410,13,0
8800,82411,14,0
8800,82412,15,0
8800,82413,16,0
8800,82414,17,0
8800,82415,18,0
8800,82416,19,0
8800,82417,20,0
8800,82418,21,0
8800,82419,22,0
8800,82420,23,0
8800,82714,24,0
8800,82421,25,0
8800,82960,26,0
8800,82422,27,0
8800,82850,28,0
8800,82423,29,0
8800,82247,30,0
8800,82248,31,0
8800,82249,32,0
8800,82250,33,0
8800,82251,34,0
8800,82252,35,0
8800,82253,36,0
8800,82254,37,0
8800,82851,38,0
8800,82908,39,0
8800,82853,40,0
8800,82029,41,0
8800,82030,42,0
8800,82031,43,0
8800,82032,44,0
8800,82033,45,0
8800,82034,46,0
8800,82844,47,0
8800,84718,48,0
8800,82072,49,0
8800,82073,50,0
8800,82074,51,0
8800,82075,52,0
8800,82092,53,1
8801,82092,1,0
8801,82077,2,0
8801,82078,3,0
8801,82079,4,0
8801,82080,5,0
8801,82307,6,0
8801,83105,7,0
8801,82367,8,0
8801,82956,9,0
8801,82337,10,0
8801,82038,11,0
8801,82039,12,0
8801,82040,13,0
8801,82041,14,0
8801,82368,15,0
8801,82369,16,0
8801,82370,17,0
8801,82371,18,0
8801,82216,19,0
8801,82217,20,0
8801,82218,21,0
8801,82219,22,0
8801,82220,23,0
8801,82964,24,0
8801,82221,25,0
8801,82222,26,0
8801,82372,27,0
8801,82849,28,0
8801,82373,29,0
8801,82961,30,0
8801,82374,31,0
8801,82823,32,0
8801,82375,33,0
8801,82376,34,0
8801,82398,35,0
8801,82377,36,0
8801,82378,37,0
8801,82379,38,0
8801,82380,39,0
8801,82381,40,0
8801,82382,41,0
8801,82383,42,0
8801,82384,43,0
8801,82385,44,0
8801,82386,45,0
8801,82387,46,0
8801,82388,47,0
8801,82389,48,0
8801,82390,49,0
8801,82391,50,0
8801,82392,51,0
8801,82393,52,0
8801,82394,53,0
8801,82395,54,0
8801,80993,55,1
8900,81013,1,0
8900,80028,2,0
8900,80029,3,0
8900,81124,4,0
8900,81125,5,0
8900,80030,6,0
8900,81126,7,0
8900,81127,8,0
8900,81227,9,0
8900,81053,10,0
8900,81036,11,0
8900,81182,12,0
8900,81183,13,0
8900,81184,14,0
8900,81185,15,0
8900,81232,16,0
8900,81233,17,0
8900,81283,18,0
8900,81238,19,0
8900,81174,20,0
8900,81239,21,0
8900,81240,22,0
8900,81241,23,0
8900,81180,24,0
8900,81242,25,0
8900,81243,26,0
8900,81244,27,0
8900,81245,28,0
8900,81246,29,0
8900,81247,30,0
8900,81248,31,0
8900,81223,32,0
8900,81249,33,0
8900,81250,34,0
8900,81251,35,0
8900,81255,36,0
8900,81252,37,0
8900,81253,38,0
8900,81254,39,0
8900,81144,40,0
8900,81145,41,0
8900,81256,42,0
8900,81257,43,0
8900,81259,44,0
8900,80999,45,1
8901,80999,1,0
8901,81263,2,0
8901,81260,3,0
8901,81261,4,0
8901,81262,5,0
8901,81044,6,0
8901,81046,7,0
8901,81047,8,0
8901,81048,9,0
8901,81049,10,0
8901,81264,11,0
8901,81068,12,0
8901,81057,13,0
8901,81069,14,0
8901,81224,15,0
8901,81070,16,0
8901,81071,17,0
8901,81265,18,0
8901,81266,19,0
8901,81267,20,0
8901,81268,21,0
8901,81269,22,0
8901,81179,23,0
8901,81072,24,0
8901,81270,25,0
8901,81271,26,0
8901,81073,27,0
8901,81074,28,0
8901,81164,29,0
8901,81170,30,0
8901,81276,31,0
8901,81186,32,0
8901,81187,33,0
8901,81188,34,0
8901,81189,35,0
8901,81190,36,0
8901,81054,37,0
8901,81279,38,0
8901,81023,39,0
8901,81280,40,0
8901,81218,41,0
8901,81011,42,0
8901,81012,43,0
8901,80031,44,0
8901,80032,45,0
8901,81013,46,1
9000,81013,1,0
9000,81014,2,0
9000,80198,3,0
9000,81015,4,0
9000,81016,5,0
9000,81017,6,0
9000,81056,7,0
9000,81018,8,0
9000,81019,9,0
9000,80956,10,0
9000,81137,11,0
9000,80955,12,0
9000,80941,13,0
9000,81020,14,0
9000,81314,15,0
9000,81116,16,0
9000,81076,17,0
9000,81077,18,0
9000,81078,19,0
9000,81079,20,0
9000,81080,21,0
9000,81081,22,0
9000,81082,23,0
9000,81083,24,0
9000,81084,25,0
9000,81085,26,0
9000,81086,27,0
9000,81281,28,0
9000,81087,29,0
9000,81088,30,0
9000,81282,31,0
9000,81089,32,0
9000,81090,33,0
9000,81091,34,0
9000,81092,35,0
9000,81093,36,0
9000,81283,37,0
9000,83226,38,0
9000,81135,39,0
9000,81284,40,0
9000,81173,41,0
9000,81285,42,0
9000,81162,43,0
9000,81163,44,0
9000,80995,45,1
9001,80995,1,0
9001,81004,2,0
9001,80000,3,0
9001,81286,4,0
9001,81172,5,0
9001,81166,6,0
9001,81033,7,0
9001,81034,8,0
9001,81164,9,0
9001,81097,10,0
9001,81234,11,0
9001,81099,12,0
9001,81100,13,0
9001,81101,14,0
9001,81287,15,0
9001,81102,16,0
9001,81103,17,0
9001,81288,18,0
9001,81104,19,0
9001,81105,20,0
9001,81289,21,0
9001,81106,22,0
9001,81107,23,0
9001,81108,24,0
9001,81290,25,0
9001,81109,26,0
9001,81110,27,0
9001,81111,28,0
9001,81112,29,0
9001,81113,30,0
9001,81114,31,0
9001,81313,32,0
9001,81115,33,0
9001,80940,34,0
9001,80954,35,0
9001,81138,36,0
9001,80957,37,0
9001,81139,38,0
9001,81117,39,0
9001,81055,40,0
9001,81118,41,0
9001,81119,42,0
9001,81120,43,0
9001,81121,44,0
9001,80200,45,0
9001,81013,46,1
9101,80994,1,0
9101,81004,2,0
9101,80000,3,0
9101,81037,4,0
9101,81038,5,0
9101,81136,6,0
9101,81292,7,0
9101,81293,8,0
9101,81294,9,0
9101,81295,10,0
9101,81040,11,0
9101,81296,12,0
9101,81298,13,0
9101,81299,14,0
9101,81300,15,0
9101,81301,16,0
9101,81041,17,0
9101,81297,18,0
9101,81250,19,0
9101,81251,20,0
9101,81255,21,0
9101,81050,22,0
9101,81051,23,0
9101,82407,24,0
9101,81226,25,0
9101,82408,26,0
9101,82409,27,0
9101,82410,28,0
9101,82411,29,0
9101,82412,30,0
9101,82413,31,0
9101,82414,32,0
9101,82415,33,0
9101,82416,34,0
9101,82417,35,0
9101,81308,36,0
9101,81309,37,0
9101,81303,38,0
9101,81060,39,0
9101,81061,40,0
9101,81062,41,0
9101,81063,42,0
9101,81065,43,0
9101,81064,44,0
9101,81066,45,0
9101,81067,46,0
9101,81252,47,0
9101,81253,48,0
9101,81254,49,0
9101,81144,50,0
9101,81143,51,0
9101,81142,52,0
9101,81141,53,0
9101,81304,54,0
9101,81042,55,0
9101,81043,56,0
9101,81045,57,0
9101,81163,58,0
9200,80996,1,0
9200,81305,2,0
9200,81306,3,0
9200,81149,4,0
9200,81150,5,0
9200,81151,6,0
9200,81152,7,0
9200,81153,8,0
9200,81192,9,0
9200,81191,10,0
9200,80005,11,0
9200,80006,12,0
9200,80007,13,0
9200,80008,14,0
9200,80009,15,0
9200,80191,16,0
9200,80011,17,0
9200,80010,18,0
9200,80013,19,0
9200,80272,20,0
9200,80021,21,0
9200,80022,22,0
9200,80023,23,0
9200,80133,24,0
9200,80134,25,0
9200,80146,26,0
9200,80147,27,0
9200,80148,28,0
9200,80155,29,0
9200,80028,30,0
9200,80029,31,0
9200,81124,32,0
9200,81125,33,0
9200,80030,34,0
9200,81126,35,0
9200,81127,36,0
9200,81024,37,0
9200,81026,38,0
9200,81028,39,0
9200,81027,40,0
9200,81029,41,0
9200,81030,42,0
9200,81025,43,0
9200,81128,44,0
9200,81129,45,0
9200,81130,46,0
9200,81131,47,0
9200,81161,48,0
9200,81162,49,0
9200,80209,50,0
9200,81132,51,0
9200,81134,52,0
9200,81133,53,0
9200,81154,54,0
9300,81013,1,0
9300,81014,2,0
9300,80198,3,0
9300,81015,4,0
9300,80139,5,0
9300,80140,6,0
9300,80141,7,0
9300,80142,8,0
9300,80224,9,0
9300,80223,10,0
9300,80172,11,0
9300,80173,12,0
9300,80174,13,0
9300,80175,14,0
9300,80176,15,0
9300,80187,16,0
9300,80189,17,0
9300,80210,18,0
9300,80236,19,0
9300,80179,20,0
9300,80231,21,0
9300,80226,22,0
9300,80180,23,0
9300,80181,24,0
9300,80182,25,0
9300,80183,26,0
9300,80184,27,0
9300,80185,28,0
9300,80111,29,0
9300,80112,30,0
9300,80113,31,0
9300,80114,32,0
9300,80115,33,0
9300,80116,34,0
9300,80267,35,0
9300,80117,36,0
9300,80118,37,0
9300,80119,38,0
9300,80042,39,0
9300,80126,40,0
9300,80127,41,0
9300,80020,42,0
9300,80192,43,0
9300,80156,44,0
9300,80197,45,0
9300,80201,46,0
9300,80137,47,0
9300,80135,48,0
9300,81168,49,0
9300,81158,50,0
9300,81159,51,0
9300,81216,52,0
9300,81160,53,0
9300,81161,54,0
9300,81162,55,0
9300,81163,56,0
9300,80998,57,1
9301,80998,1,0
9301,81004,2,0
9301,81005,3,0
9301,81006,4,0
9301,81007,5,0
9301,80001,6,0
9301,80002,7,0
9301,80003,8,0
9301,80004,9,0
9301,80195,10,0
9301,80186,11,0
9301,80196,12,0
9301,80157,13,0
9301,80010,14,0
9301,80013,15,0
9301,80272,16,0
9301,80021,17,0
9301,80022,18,0
9301,80023,19,0
9301,80194,20,0
9301,80045,21,0
9301,80046,22,0
9301,80205,23,0
9301,80206,24,0
9301,80047,25,0
9301,80207,26,0
9301,80048,27,0
9301,80049,28,0
9301,80050,29,0
9301,80158,30,0
9301,80159,31,0
9301,80160,32,0
9301,80161,33,0
9301,80162,34,0
9301,80230,35,0
9301,80163,36,0
9301,80164,37,0
9301,80219,38,0
9301,80193,39,0
9301,80188,40,0
9301,80240,41,0
9301,80167,42,0
9301,80168,43,0
9301,80169,44,0
9301,80170,45,0
9301,80227,46,0
9301,80228,47,0
9301,80171,48,0
9301,80154,49,0
9301,80199,50,0
9301,80216,51,0
9301,81120,52,0
9301,81121,53,0
9301,80200,54,0
9301,81013,55,1
10000,80317,1,0
10000,80440,2,0
10000,80560,3,0
10000,80441,4,0
10000,80442,5,0
10000,80443,6,0
10000,80444,7,0
10000,80445,8,0
10000,80446,9,0
10000,80447,10,0
10000,80448,11,0
10000,80449,12,0
10000,80860,13,0
10000,88792,14,0
10000,80854,15,0
10000,88793,16,0
10000,80859,17,0
10000,80450,18,0
10000,80451,19,0
10000,80452,20,0
10000,80804,21,0
10000,80813,22,0
10000,80814,23,0
10000,80815,24,0
10000,80816,25,0
10000,80817,26,0
10000,80818,27,0
10000,80819,28,0
10000,80820,29,0
10000,80821,30,0
10000,80822,31,0
10000,80457,32,0
10000,80458,33,0
10000,80459,34,0
10000,80460,35,0
10000,80461,36,0
10000,80710,37,1
10001,80710,1,0
10001,80478,2,0
10001,80850,3,0
10001,80480,4,0
10001,80481,5,0
10001,80482,6,0
10001,80483,7,0
10001,80808,8,0
10001,80484,9,0
10001,80485,10,0
10001,80795,11,0
10001,80422,12,0
10001,80423,13,0
10001,80828,14,0
10001,80829,15,0
10001,80830,16,0
10001,80831,17,0
10001,80832,18,0
10001,80833,19,0
10001,80488,20,0
10001,80489,21,0
10001,80490,22,0
10001,80491,23,0
10001,80860,24,0
10001,88792,25,0
10001,80854,26,0
10001,88793,27,0
10001,80859,28,0
10001,80492,29,0
10001,80493,30,0
10001,80494,31,0
10001,80495,32,0
10001,80496,33,0
10001,80497,34,0
10001,80498,35,0
10001,80499,36,0
10001,80500,37,0
10001,80411,38,0
10001,80317,39,1
10100,80530,1,0
10100,82526,2,0
10100,80531,3,0
10100,80532,4,0
10100,80533,5,0
10100,80534,6,0
10100,80535,7,0
10100,80536,8,0
10100,80537,9,0
10100,80538,10,0
10100,80539,11,0
10100,80540,12,0
10100,80541,13,0
10100,80542,14,0
10100,80543,15,0
10100,80544,16,0
10100,80545,17,0
10100,80546,18,0
10100,80547,19,0
10100,80548,20,0
10100,80549,21,0
10100,80550,22,0
10100,80551,23,0
10100,80802,24,0
10100,80552,25,0
10100,80553,26,0
10100,80554,27,0
10100,80555,28,0
10100,80556,29,0
10100,80557,30,0
10100,80558,31,0
10100,80559,32,0
10100,80316,33,1
10101,80316,1,0
10101,80502,2,0
10101,80503,3,0
10101,80504,4,0
10101,80505,5,0
10101,80506,6,0
10101,80507,7,0
10101,80508,8,0
10101,80509,9,0
10101,80510,10,0
10101,80511,11,0
10101,80512,12,0
10101,80513,13,0
10101,80514,14,0
10101,80515,15,0
10101,80516,16,0
10101,80517,17,0
10101,80518,18,0
10101,80519,19,0
10101,80520,20,0
10101,80521,21,0
10101,80522,22,0
10101,80523,23,0
10101,80803,24,0
10101,80524,25,0
10101,80525,26,0
10101,80526,27,0
10101,80527,28,0
10101,80528,29,0
10101,80529,30,0
10101,80975,31,0
10101,80530,32,1
10200,80315,1,0
10200,80440,2,0
10200,80560,3,0
10200,80441,4,0
10200,80561,5,0
10200,80562,6,0
10200,80563,7,0
10200,80564,8,0
10200,80565,9,0
10200,80566,10,0
10200,80567,11,0
10200,80568,12,0
10200,80569,13,0
10200,80951,14,0
10200,80570,15,0
10200,80571,16,0
10200,80572,17,0
10200,80573,18,0
10200,80574,19,0
10200,80575,20,0
10200,80576,21,0
10200,80577,22,0
10200,80578,23,0
10200,80579,24,0
10200,80580,25,0
10200,80581,26,0
10200,80582,27,0
10200,80583,28,0
10200,80584,29,0
10200,80585,30,0
10200,80586,31,0
10200,80587,32,0
10200,80589,33,0
10200,80590,34,0
10200,80591,35,0
10200,80592,36,0
10200,80711,37,1
10201,80711,1,0
10201,80478,2,0
10201,80594,3,0
10201,80595,4,0
10201,80596,5,0
10201,80597,6,0
10201,80598,7,0
10201,80599,8,0
10201,80600,9,0
10201,80601,10,0
10201,80602,11,0
10201,80603,12,0
10201,80604,13,0
10201,80605,14,0
10201,80606,15,0
10201,80607,16,0
10201,80608,17,0
10201,80609,18,0
10201,80610,19,0
10201,80611,20,0
10201,80612,21,0
10201,80613,22,0
10201,80614,23,0
10201,80942,24,0
10201,80615,25,0
10201,80616,26,0
10201,80617,27,0
10201,80618,28,0
10201,80619,29,0
10201,80620,30,0
10201,80621,31,0
10201,80622,32,0
10201,80499,33,0
10201,80500,34,0
10201,80411,35,0
10201,80315,36,1
10300,80314,1,0
10300,80588,2,0
10300,80624,3,0
10300,80625,4,0
10300,80626,5,0
10300,80627,6,0
10300,88790,7,0
10300,80658,8,0
10300,80659,9,0
10300,80660,10,0
10300,80661,11,0
10300,80631,12,0
10300,80933,13,0
10300,80632,14,0
10300,80633,15,0
10300,80634,16,0
10300,80635,17,0
10300,80636,18,0
10300,80637,19,0
10300,80638,20,0
10300,80639,21,0
10300,80640,22,0
10300,80641,23,0
10300,80801,24,0
10300,80642,25,0
10300,80643,26,0
10300,80644,27,0
10300,80461,28,0
10300,80709,29,1
10301,80709,1,0
10301,80462,2,0
10301,80645,3,0
10301,80646,4,0
10301,80647,5,0
10301,80648,6,0
10301,80649,7,0
10301,80650,8,0
10301,80651,9,0
10301,80652,10,0
10301,80653,11,0
10301,80654,12,0
10301,80655,13,0
10301,80656,14,0
10301,80934,15,0
10301,80657,16,0
10301,80658,17,0
10301,80659,18,0
10301,80660,19,0
10301,80661,20,0
10301,80662,21,0
10301,80663,22,0
10301,80664,23,0
10301,80665,24,0
10301,80719,25,0
10301,80950,26,0
10301,80314,27,1
10500,80313,1,0
10500,80588,2,0
10500,80624,3,0
10500,80625,4,0
10500,80880,5,0
10500,80881,6,0
10500,80882,7,0
10500,80883,8,0
10500,80884,9,0
10500,80885,10,0
10500,80886,11,0
10500,80887,12,0
10500,80888,13,0
10500,80889,14,0
10500,80890,15,0
10500,80891,16,0
10500,80592,17,0
10500,80593,18,0
10500,80462,19,0
10500,80463,20,0
10500,80464,21,0
10500,80953,22,0
10500,80892,23,0
10500,80893,24,0
10500,80894,25,0
10500,80895,26,0
10500,80896,27,0
10500,80897,28,0
10500,80898,29,0
10500,80899,30,0
10500,80900,31,0
10500,80901,32,0
10500,80902,33,0
10500,80903,34,1
10501,80893,1,0
10501,80894,2,0
10501,80895,3,0
10501,80896,4,0
10501,80897,5,0
10501,80898,6,0
10501,80899,7,0
10501,80900,8,0
10501,80901,9,0
10501,80902,10,0
10501,80903,11,0
10501,80904,12,0
10501,80905,13,0
10501,80906,14,0
10501,80907,15,0
10501,80908,16,0
10501,80909,17,0
10501,80910,18,0
10501,80911,19,0
10501,80912,20,0
10501,80913,21,0
10501,80914,22,0
10501,80915,23,0
10501,80916,24,0
10501,80917,25,0
10501,80918,26,0
10501,80919,27,0
10501,80920,28,0
10501,80952,29,0
10501,80921,30,0
10501,80593,31,0
10501,80478,32,0
10501,80594,33,0
10501,80922,34,0
10501,80923,35,0
10501,80924,36,0
10501,80925,37,0
10501,80926,38,0
10501,80927,39,0
10501,80928,40,0
10501,80929,41,0
10501,80930,42,0
10501,80931,43,0
10501,80932,44,0
10501,80665,45,0
10501,80719,46,0
10501,80950,47,0
10501,80313,48,1
10700,80312,1,0
10700,80685,2,0
10700,80686,3,0
10700,80694,4,0
10700,80974,5,0
10700,80696,6,0
10700,80698,7,0
10700,80689,8,0
10700,80690,9,0
10700,80691,10,0
10700,80692,11,0
10700,80693,12,0
10700,80834,13,0
10700,80705,14,0
10700,80706,15,0
10700,80707,16,0
10700,80855,17,0
10700,80474,18,0
10700,80856,19,0
10700,80836,20,0
10700,80476,21,0
10700,80593,22,1
10701,80593,1,0
10701,80462,2,0
10701,80463,3,0
10701,80464,4,0
10701,80853,5,0
10701,80857,6,0
10701,80843,7,0
10701,80858,8,0
10701,80844,9,0
10701,80732,10,0
10701,80733,11,0
10701,80845,12,0
10701,80846,13,0
10701,80745,14,0
10701,80746,15,0
10701,80747,16,0
10701,80748,17,0
10701,80749,18,0
10701,80697,19,0
10701,80976,20,0
10701,80695,21,0
10701,80751,22,0
10701,80685,23,0
10701,80312,24,1
40400,76288,1,0
40400,76142,2,0
40400,80232,3,0
40400,80255,4,0
40400,80124,5,0
40400,80214,6,0
40400,80203,7,1
40401,80203,1,0
40401,80232,2,0
40401,76142,3,1
40401,76288,4,1
49600,88771,1,0
49600,88770,2,0
49600,80232,3,1
49601,80232,1,0
49601,88794,2,1
49601,88769,3,1
49601,88784,4,1
49601,88771,5,1
49800,76288,1,0
49800,83992,2,1
49800,83990,3,0
49800,81001,4,1
49801,81001,1,0
49801,83990,2,0
49801,83992,3,0
49801,76288,4,1
49900,83991,1,0
49900,80232,2,1
49901,80232,1,0
49901,83991,2,1
74400,86001,1,0
74400,86002,2,0
74400,86003,3,0
74400,86004,4,0
74400,86053,5,0
74400,86051,6,0
74400,86005,7,0
74400,86006,8,0
74400,86008,9,0
74400,86009,10,0
74400,86046,11,0
74400,86047,12,0
74400,86007,13,0
74400,86010,14,0
74400,86011,15,0
74400,86012,16,0
74400,86013,17,0
74400,86014,18,0
74400,86015,19,0
74400,86016,20,0
74400,86017,21,0
74400,86018,22,0
74400,86019,23,0
74400,86020,24,0
74400,86021,25,0
74400,86022,26,0
74400,86023,27,0
74400,86024,28,0
74400,86029,29,0
74400,80155,30,0
74400,80994,31,1
74401,80994,1,0
74401,80233,2,0
74401,86029,3,0
74401,86030,4,0
74401,86031,5,0
74401,86022,6,0
74401,86033,7,0
74401,86034,8,0
74401,86035,9,0
74401,86036,10,0
74401,86037,11,0
74401,86038,12,0
74401,86039,13,0
74401,86040,14,0
74401,86041,15,0
74401,86042,16,0
74401,86043,17,0
74401,86044,18,0
74401,86045,19,0
74401,86046,20,0
74401,86047,21,0
74401,86048,22,0
74401,86049,23,0
74401,86050,24,0
74401,86003,25,0
74401,86052,26,0
74401,86053,27,1
74401,86051,28,0
74401,86001,29,1
90401,80232,1,0
90401,80255,2,0
90401,80124,3,0
90401,80214,4,0
90401,80203,5,0
2000001200,81830,1,0
2000001200,82025,2,1
2000001200,82902,3,1
2000001200,82903,4,1
2000001200,82904,5,1
2000001200,83012,6,1
2000001200,83013,7,1
2000001200,83014,8,1
2000001200,83015,9,1
2000001200,82457,10,1
2000001200,82458,11,1
2000001200,82459,12,1
2000001200,82460,13,1
2000001200,82461,14,1
2000001200,82462,15,1
2000001200,82463,16,1
2000001200,82464,17,1
2000001200,82618,18,1
2000001200,82619,19,1
2000001200,82514,20,1
2000001200,82471,21,1
2000001200,83144,22,1
2000001200,83145,23,1
2000001200,83146,24,1
2000001200,83147,25,1
2000001200,82476,26,1
2000001200,82477,27,1
2000001200,82478,28,1
2000001200,82479,29,1
2000001200,83016,30,1
2000001200,83019,31,0
2000001200,83367,32,1
2000001201,81602,1,0
2000001201,81603,2,0
2000001201,80039,3,0
2000001201,82134,4,0
2000001201,82425,5,0
2000001201,82426,6,0
2000001201,82427,7,0
2000001201,82428,8,0
2000001201,82429,9,0
2000001201,83141,10,0
2000001201,83142,11,0
2000001201,83143,12,0
2000001201,82433,13,0
2000001201,82434,14,0
2000001201,82620,15,0
2000001201,83154,16,0
2000001201,80864,17,0
2000001201,82628,18,0
2000001201,82629,19,0
2000001201,82630,20,0
2000001201,82445,21,0
2000001201,82446,22,0
2000001201,82447,23,0
2000001201,82448,24,0
2000001201,82449,25,0
2000001201,82450,26,0
2000001201,82451,27,0
2000001201,80877,28,0
2000001201,80861,29,0
2000001201,80945,30,0
2000001201,80946,31,0
2000001201,80947,32,0
2000001201,80862,33,0
2000001201,80949,34,0
2000001201,83011,35,0
2000001201,83018,36,0
2000001201,82046,37,1
2000001500,82895,1,0
2000001500,82896,2,0
2000001500,82897,3,0
2000001500,82898,4,0
2000001500,82899,5,0
2000001500,82900,6,0
2000001500,82901,7,0
2000001500,82908,8,0
2000001500,82853,9,0
2000001500,82042,10,0
2000001500,83106,11,0
2000001500,82043,12,0
2000001500,82044,13,0
2000001500,82045,14,0
2000001500,81831,15,1
2000001501,81831,1,0
2000001501,82025,2,1
2000001501,82026,3,1
2000001501,82027,4,1
2000001501,83107,5,1
2000001501,82028,6,1
2000001501,82368,7,1
2000001501,82369,8,1
2000001501,82911,9,1
2000001501,82912,10,1
2000001501,82913,11,1
2000001501,82914,12,1
2000001501,82915,13,1
2000001501,82916,14,1
2000001501,82917,15,1
2000001700,81832,1,0
2000001700,82780,2,1
2000001700,82781,3,1
2000001700,82782,4,1
2000001700,82783,5,1
2000001700,82784,6,1
2000001700,82785,7,1
2000001700,82786,8,1
2000001700,82787,9,1
2000001700,82788,10,1
2000001700,82789,11,1
2000001700,82790,12,1
2000001700,82791,13,1
2000001700,82792,14,1
2000001700,82618,15,1
2000001700,82869,16,1
2000001700,83393,17,1
2000001700,82870,18,1
2000001700,82871,19,1
2000001700,82872,20,1
2000001700,82873,21,1
2000001700,82874,22,1
2000001700,82875,23,1
2000001700,82876,24,1
2000001700,82877,25,1
2000001700,82878,26,1
2000001700,82467,27,1
2000001700,82057,28,1
2000001700,83152,29,1
2000001700,82440,30,1
2000001700,82058,31,1
2000001700,82059,32,1
2000001700,82060,33,1
2000001700,82061,34,1
2000001700,82062,35,1
2000001700,82007,36,1
2000001700,82065,37,1
2000001700,82066,38,1
2000001700,82067,39,1
2000001700,82068,40,1
2000001700,82069,41,1
2000001700,82854,42,1
2000001700,84967,43,1
2000001700,82867,44,1
2000001700,84966,45,1
2000001701,82000,1,0
2000001701,82001,2,0
2000001701,82868,3,0
2000001701,82855,4,0
2000001701,82002,5,0
2000001701,82003,6,0
2000001701,82004,7,0
2000001701,82005,8,0
2000001701,82006,9,0
2000001701,82064,10,0
2000001701,82009,11,0
2000001701,82010,12,0
2000001701,82011,13,0
2000001701,82012,14,0
2000001701,82013,15,0
2000001701,82439,16,0
2000001701,83153,17,0
2000001701,82014,18,0
2000001701,82441,19,0
2000001701,82442,20,0
2000001701,82879,21,0
2000001701,83148,22,0
2000001701,82880,23,0
2000001701,82881,24,0
2000001701,82882,25,0
2000001701,82883,26,0
2000001701,82884,27,0
2000001701,82885,28,0
2000001701,82886,29,0
2000001701,82887,30,0
2000001701,81835,31,0
2000001701,82630,32,0
2000001701,82768,33,0
2000001701,82769,34,0
2000001701,82770,35,0
2000001701,82771,36,0
2000001701,82772,37,0
2000001701,82773,38,0
2000001701,82774,39,0
2000001701,82775,40,0
2000001701,82776,41,0
2000001701,82777,42,0
2000001701,82778,43,0
2000001701,83272,44,0
2000001701,80128,45,0
2000001701,80671,46,0
2000001701,82024,47,1
2000002000,81833,1,0
2000002000,82047,2,1
2000002000,82048,3,1
2000002000,82049,4,1
2000002000,82050,5,1
2000002000,82051,6,1
2000002000,82052,7,1
2000002000,82053,8,1
2000002000,82054,9,1
2000002000,82055,10,1
2000002000,82056,11,1
2000002000,82057,12,1
2000002000,83152,13,1
2000002000,82440,14,1
2000002000,82058,15,1
2000002000,82468,16,1
2000002000,82720,17,1
2000002000,82761,18,1
2000002000,82762,19,1
2000002000,82721,20,1
2000002000,82722,21,1
2000002000,82763,22,1
2000002000,82764,23,1
2000002000,82765,24,1
2000002000,82471,25,1
2000002000,82472,26,1
2000002000,82747,27,1
2000002000,82748,28,1
2000002000,82749,29,1
2000002000,82750,30,1
2000002000,82751,31,1
2000002000,82752,32,1
2000002000,82753,33,1
2000002000,82848,34,1
2000002000,82754,35,1
2000002000,82755,36,1
2000002000,83135,37,1
2000002000,83163,38,0
2000002000,83140,39,1
2000002000,83051,40,1
2000002000,83414,41,1
2000002000,81315,42,1
2000002000,81316,43,1
2000002000,85530,44,1
2000002000,85503,45,1
2000002000,85504,46,1
2000002000,85505,47,1
2000002000,85778,48,1
2000002000,85506,49,1
2000002001,85551,1,0
2000002001,85779,2,0
2000002001,85514,3,0
2000002001,85515,4,0
2000002001,85516,5,0
2000002001,85529,6,0
2000002001,85517,7,0
2000002001,80948,8,0
2000002001,84313,9,0
2000002001,83137,10,0
2000002001,83138,11,0
2000002001,83139,12,0
2000002001,82737,13,0
2000002001,82738,14,0
2000002001,82847,15,0
2000002001,82739,16,0
2000002001,82740,17,0
2000002001,82741,18,0
2000002001,82742,19,0
2000002001,82743,20,0
2000002001,82744,21,0
2000002001,82745,22,0
2000002001,82746,23,0
2000002001,82433,24,0
2000002001,82434,25,0
2000002001,82435,26,0
2000002001,81916,27,0
2000002001,83050,28,0
2000002001,81915,29,0
2000002001,81914,30,0
2000002001,81979,31,0
2000002001,81978,32,0
2000002001,81977,33,0
2000002001,82438,34,0
2000002001,82439,35,0
2000002001,83153,36,0
2000002001,82014,37,0
2000002001,82766,38,0
2000002001,82015,39,0
2000002001,82016,40,0
2000002001,82712,41,0
2000002001,82017,42,0
2000002001,82018,43,0
2000002001,82019,44,0
2000002001,82020,45,0
2000002001,82021,46,0
2000002001,82022,47,0
2000002001,82023,48,0
2000002001,82024,49,1
2000002100,85880,1,0
2000002100,85881,2,1
2000002101,82108,1,0
2000002101,85880,2,1
2000002300,82035,1,0
2000002300,82072,2,0
2000002300,82073,3,0
2000002300,82074,4,0
2000002300,82075,5,0
2000002300,82076,6,0
2000002300,82077,7,0
2000002300,82078,8,0
2000002300,82079,9,0
2000002300,82080,10,0
2000002300,82081,11,0
2000002300,82082,12,0
2000002300,82083,13,0
2000002300,82084,14,0
2000002300,82946,15,0
2000002300,82893,16,0
2000002300,83040,17,0
2000002300,83276,18,0
2000002300,82085,19,0
2000002300,83232,20,0
2000002300,82086,21,0
2000002300,82087,22,0
2000002300,83233,23,0
2000002300,82088,24,0
2000002300,83234,25,0
2000002300,82089,26,0
2000002300,82090,27,0
2000002300,82091,28,0
2000002300,83257,29,0
2000002300,82093,30,0
2000002300,82094,31,0
2000002300,82095,32,0
2000002300,82096,33,0
2000002300,83210,34,0
2000002300,83211,35,0
2000002300,83176,36,0
2000002300,83177,37,0
2000002300,83178,38,0
2000002300,83179,39,0
2000002300,83180,40,0
2000002300,83181,41,0
2000002300,83182,42,0
2000002300,83183,43,0
2000002300,83184,44,0
2000002300,83185,45,0
2000002300,83186,46,0
2000002300,83212,47,0
2000002300,83213,48,0
2000002300,83197,49,1
2000002301,83156,1,0
2000002301,83157,2,0
2000002301,83214,3,0
2000002301,83215,4,0
2000002301,82099,5,0
2000002301,82811,6,0
2000002301,82812,7,0
2000002301,82813,8,0
2000002301,82814,9,0
2000002301,82815,10,0
2000002301,83165,11,0
2000002301,83166,12,0
2000002301,83167,13,0
2000002301,83168,14,0
2000002301,83169,15,0
2000002301,83170,16,0
2000002301,83171,17,0
2000002301,82818,18,0
2000002301,82101,19,0
2000002301,82102,20,0
2000002301,82103,21,0
2000002301,82104,22,0
2000002301,82105,23,0
2000002301,83258,24,0
2000002301,82138,25,0
2000002301,82107,26,0
2000002301,82108,27,0
2000002301,83229,28,0
2000002301,82109,29,0
2000002301,83230,30,0
2000002301,82110,31,0
2000002301,82111,32,0
2000002301,83231,33,0
2000002301,82112,34,0
2000002301,83277,35,0
2000002301,83120,36,0
2000002301,82894,37,0
2000002301,82947,38,0
2000002301,82113,39,0
2000002301,82114,40,0
2000002301,82115,41,0
2000002301,82116,42,0
2000002301,82117,43,0
2000002301,82118,44,0
2000002301,82119,45,0
2000002301,82120,46,0
2000002301,82121,47,0
2000002301,82122,48,0
2000002301,82123,49,0
2000002301,82124,50,0
2000002301,82125,51,0
2000002301,82035,52,1
2000002500,83156,1,0
2000002500,83157,2,0
2000002500,83214,3,0
2000002500,83215,4,0
2000002500,82099,5,0
2000002500,82811,6,0
2000002500,82812,7,0
2000002500,82813,8,0
2000002500,82814,9,0
2000002500,82815,10,0
2000002500,83165,11,0
2000002500,83166,12,0
2000002500,83167,13,0
2000002500,83168,14,0
2000002500,83169,15,0
2000002500,83170,16,0
2000002500,83171,17,0
2000002500,82818,18,0
2000002500,82101,19,0
2000002500,82102,20,0
2000002500,82103,21,0
2000002500,82104,22,0
2000002500,82105,23,0
2000002500,83258,24,0
2000002500,82138,25,0
2000002500,82107,26,0
2000002500,82108,27,0
2000002500,83229,28,0
2000002500,82109,29,0
2000002500,83275,30,1
2000002501,83275,1,0
2000002501,83156,2,0
2000002501,83157,3,0
2000002501,83214,4,0
2000002501,83215,5,0
2000002501,82099,6,0
2000002501,82811,7,0
2000002501,82812,8,0
2000002501,82813,9,0
2000002501,82814,10,0
2000002501,82815,11,0
2000002501,83165,12,0
2000002501,83166,13,0
2000002501,83167,14,0
2000002501,83168,15,0
2000002501,83169,16,0
2000002501,83170,17,0
2000002501,83171,18,0
2000002501,82818,19,0
2000002501,82101,20,0
2000002501,82102,21,0
2000002501,82103,22,0
2000002501,82104,23,0
2000002501,82105,24,0
2000002501,83258,25,0
2000002501,82138,26,0
2000002501,82107,27,0
2000002501,82108,28,0
2000002501,83229,29,0
2000002501,82109,30,1
2000005300,82035,1,0
2000005300,82830,2,0
2000005300,82209,3,0
2000005300,82284,4,0
2000005300,82210,5,0
2000005300,82211,6,0
2000005300,83022,7,0
2000005300,83194,8,0
2000005300,83023,9,0
2000005300,83024,10,0
2000005300,83238,11,0
2000005300,83025,12,0
2000005300,83026,13,0
2000005300,83027,14,0
2000005300,83028,15,0
2000005300,82807,16,0
2000005300,82214,17,0
2000005300,82265,18,0
2000005300,82215,19,0
2000005300,82216,20,0
2000005300,82217,21,0
2000005300,82218,22,0
2000005300,82219,23,0
2000005300,82220,24,0
2000005300,82964,25,0
2000005300,82221,26,0
2000005300,82222,27,0
2000005300,82223,28,0
2000005300,82224,29,0
2000005300,82225,30,0
2000005300,82226,31,0
2000005300,82227,32,0
2000005300,82228,33,0
2000005300,82229,34,0
2000005300,83030,35,0
2000005300,83114,36,0
2000005300,83113,37,0
2000005300,83112,38,0
2000005300,83111,39,0
2000005300,83110,40,0
2000005300,82856,41,0
2000005300,83031,42,0
2000005300,83032,43,0
2000005300,82725,44,0
2000005300,82726,45,0
2000005300,83033,46,0
2000005300,83273,47,0
2000005300,83034,48,0
2000005300,82273,49,0
2000005300,82728,50,0
2000005300,82729,51,0
2000005300,82730,52,0
2000005300,82235,53,0
2000005300,82236,54,0
2000005300,82237,55,0
2000005300,83115,56,0
2000005300,83035,57,0
2000005300,83036,58,0
2000005300,83037,59,0
2000005300,83038,60,0
2000005300,82949,61,0
2000005300,82241,62,0
2000005300,82242,63,0
2000005300,82731,64,0
2000005300,83004,65,0
2000005300,82679,66,0
2000005300,82681,67,0
2000005300,82682,68,0
2000005300,82277,69,0
2000005300,82278,70,0
2000005300,82279,71,0
2000005300,82122,72,0
2000005300,82123,73,0
2000005300,82124,74,0
2000005300,82125,75,0
2000006000,82035,1,0
2000006000,82843,2,0
2000006000,82036,3,0
2000006000,82037,4,0
2000006000,82285,5,0
2000006000,82286,6,0
2000006000,82287,7,0
2000006000,82288,8,0
2000006000,82289,9,0
2000006000,82075,10,0
2000006000,82076,11,0
2000006000,82178,12,0
2000006000,82179,13,0
2000006000,82180,14,0
2000006000,82181,15,0
2000006000,82182,16,0
2000006000,82183,17,0
2000006000,82290,18,0
2000006000,82341,19,0
2000006000,82340,20,0
2000006000,82304,21,0
2000006000,82305,22,0
2000006000,82315,23,0
2000006000,82078,24,0
2000006000,82079,25,0
2000006000,82080,26,0
2000006000,82307,27,0
2000006000,82308,28,0
2000006000,82309,29,0
2000006000,82310,30,0
2000006000,82311,31,1
2000007100,82560,1,0
2000007100,82561,2,0
2000007100,83090,3,0
2000007100,82487,4,0
2000007100,82488,5,0
2000007100,82489,6,0
2000007100,82490,7,0
2000007100,82491,8,0
2000007100,82492,9,0
2000007100,82493,10,0
2000007100,82494,11,0
2000007100,82495,12,0
2000007100,82496,13,0
2000007100,82497,14,0
2000007100,82498,15,0
2000007100,82499,16,0
2000007100,82500,17,0
2000007100,82501,18,0
2000007100,82502,19,0
2000007100,82518,20,0
2000007100,83256,21,0
2000007100,82601,22,0
2000007100,82577,23,0
2000007100,82578,24,0
2000007100,82579,25,0
2000007100,82580,26,0
2000007100,82581,27,0
2000007100,82582,28,0
2000007100,82820,29,0
2000007100,82583,30,0
2000007100,82584,31,0
2000007100,82585,32,0
2000007100,83085,33,0
2000007100,83086,34,0
2000007100,83087,35,0
2000007100,83088,36,0
2000007100,83089,37,0
2000007200,82560,1,0
2000007200,82561,2,0
2000007200,83090,3,0
2000007200,83091,4,0
2000007200,83092,5,0
2000007200,83093,6,0
2000007200,83094,7,0
2000007200,83095,8,0
2000007200,83096,9,0
2000007200,83097,10,0
2000007200,83098,11,0
2000007200,83099,12,0
2000007200,83100,13,0
2000007200,83101,14,0
2000007200,83102,15,0
2000007200,83103,16,0
2000007200,83104,17,0
2000007200,82566,18,0
2000007200,82567,19,0
2000007200,82568,20,0
2000007200,82569,21,0
2000007200,82570,22,0
2000007200,82571,23,0
2000007200,82572,24,0
2000007200,82574,25,0
2000007200,82575,26,0
2000007200,82573,27,0
2000007200,82576,28,0
2000007200,82541,29,0
2000007200,82542,30,0
2000007200,82543,31,0
2000007200,82544,32,0
2000007200,82545,33,0
2000007200,82546,34,0
2000007200,82547,35,0
2000007200,82548,36,0
2000007200,82549,37,0
2000007200,82553,38,0
2000007200,82551,39,0
2000007200,83052,40,0
2000007200,83053,41,0
2000007401,82035,1,0
2000007401,82072,2,0
2000007401,82073,3,0
2000007401,82074,4,0
2000007401,82075,5,0
2000007401,82857,6,0
2000007401,82858,7,0
2000007401,82859,8,0
2000007401,82080,9,0
2000007401,82918,10,0
2000007401,82919,11,0
2000007401,82920,12,0
2000007401,82921,13,0
2000007401,82922,14,0
2000007401,82923,15,0
2000007401,82924,16,0
2000007401,82928,17,0
2000007401,82929,18,0
2000007401,82930,19,0
2000007401,82931,20,0
2000007401,82932,21,0
2000007401,82933,22,0
2000007401,82934,23,0
2000007401,82935,24,0
2000007401,82845,25,0
2000007401,82685,26,0
2000007401,82686,27,0
2000007401,82687,28,0
2000007401,82688,29,0
2000007401,82690,30,0
2000007401,82689,31,0
2000007401,82691,32,0
2000007401,82692,33,0
2000007401,82693,34,0
2000007401,82694,35,0
2000007401,82695,36,0
2000007401,82696,37,0
2000007401,82697,38,0
2000007401,82698,39,0
2000007401,82699,40,0
2000007401,82700,41,0
2000007401,82701,42,0
2000007401,82702,43,0
2000007401,82703,44,0
2000007401,82704,45,0
2000007401,82705,46,0
2000007401,82706,47,0
2000007401,82707,48,0
2000007401,82708,49,0
2000007401,82709,50,0
2000007401,82846,51,0
2000007401,82710,52,0
2000007401,82936,53,0
2000007401,82937,54,0
2000007401,82352,55,0
2000007401,82353,56,0
2000007401,82354,57,0
2000007401,82355,58,0
2000007401,82356,59,0
2000007401,82357,60,0
2000007401,82358,61,0
2000007401,82359,62,0
2000007401,82360,63,0
2000007401,82361,64,0
2000007401,82362,65,0
2000007401,82363,66,0
2000007401,82958,67,0
2000007401,82939,68,0
2000007401,82940,69,0
2000007401,82941,70,0
2000007401,82942,71,0
2000007401,82943,72,0
2000007401,82365,73,0
2000007401,82310,74,0
2000007401,82311,75,0
2000007401,82312,76,0
2000007401,82313,77,0
2000007401,82314,78,0
2000007401,82117,79,0
2000007401,82860,80,0
2000007401,82950,81,0
2000007401,82076,82,0
2000007401,82121,83,0
2000007401,82122,84,0
2000007401,82123,85,0
2000007401,82124,86,0
2000007401,82125,87,0
2000010000,80501,1,0
2000010000,80440,2,0
2000010000,80560,3,0
2000010000,80441,4,0
2000010000,80442,5,0
2000010000,80443,6,0
2000010000,80444,7,0
2000010000,80445,8,0
2000010000,80446,9,0
2000010000,80447,10,0
2000010000,80448,11,0
2000010000,80449,12,0
2000010000,80860,13,0
2000010000,88792,14,0
2000010000,80854,15,0
2000010000,88793,16,0
2000010000,80859,17,0
2000010000,80450,18,0
2000010000,80451,19,0
2000010000,80452,20,0
2000010000,80804,21,0
2000010000,80813,22,0
2000010000,80814,23,0
2000010000,80815,24,0
2000010000,80816,25,0
2000010000,80817,26,0
2000010000,80818,27,0
2000010000,80819,28,0
2000010000,80820,29,0
2000010000,80821,30,0
2000010000,80822,31,0
2000010000,80457,32,0
2000010000,80458,33,0
2000010000,80459,34,0
2000010000,80460,35,0
2000010000,80461,36,0
2000010000,80710,37,1
2000010001,80710,1,0
2000010001,80478,2,0
2000010001,80850,3,0
2000010001,80480,4,0
2000010001,80481,5,0
2000010001,80482,6,0
2000010001,80483,7,0
2000010001,80808,8,0
2000010001,80484,9,0
2000010001,80485,10,0
2000010001,80795,11,0
2000010001,80422,12,0
2000010001,80423,13,0
2000010001,80828,14,0
2000010001,80829,15,0
2000010001,80830,16,0
2000010001,80831,17,0
2000010001,80832,18,0
2000010001,80833,19,0
2000010001,80488,20,0
2000010001,80489,21,0
2000010001,80490,22,0
2000010001,80491,23,0
2000010001,80860,24,0
2000010001,88792,25,0
2000010001,80854,26,0
2000010001,88793,27,0
2000010001,80859,28,0
2000010001,80492,29,0
2000010001,80493,30,0
2000010001,80494,31,0
2000010001,80495,32,0
2000010001,80496,33,0
2000010001,80497,34,0
2000010001,80498,35,0
2000010001,80499,36,0
2000010001,80500,37,0
2000010001,80411,38,0
2000010001,80501,39,1
2000010100,80530,1,0
2000010100,82526,2,0
2000010100,80531,3,0
2000010100,80532,4,0
2000010100,80533,5,0
2000010100,80534,6,0
2000010100,80535,7,0
2000010100,80536,8,0
2000010100,80537,9,0
2000010100,80538,10,0
2000010100,80539,11,0
2000010100,80540,12,0
2000010100,80541,13,0
2000010100,80542,14,0
2000010100,80543,15,0
2000010100,80544,16,0
2000010100,80545,17,0
2000010100,80546,18,0
2000010100,80547,19,0
2000010100,80548,20,0
2000010100,80549,21,0
2000010100,80550,22,0
2000010100,80551,23,0
2000010100,80802,24,0
2000010100,80552,25,0
2000010100,80553,26,0
2000010100,80554,27,0
2000010100,80555,28,0
2000010100,80556,29,0
2000010100,80557,30,0
2000010100,80558,31,0
2000010100,80559,32,0
2000010100,80501,33,1
2000010101,80501,1,0
2000010101,80502,2,0
2000010101,80503,3,0
2000010101,80504,4,0
2000010101,80505,5,0
2000010101,80506,6,0
2000010101,80507,7,0
2000010101,80508,8,0
2000010101,80509,9,0
2000010101,80510,10,0
2000010101,80511,11,0
2000010101,80512,12,0
2000010101,80513,13,0
2000010101,80514,14,0
2000010101,80515,15,0
2000010101,80516,16,0
2000010101,80517,17,0
2000010101,80518,18,0
2000010101,80519,19,0
2000010101,80520,20,0
2000010101,80521,21,0
2000010101,80522,22,0
2000010101,80523,23,0
2000010101,80803,24,0
2000010101,80524,25,0
2000010101,80525,26,0
2000010101,80526,27,0
2000010101,80527,28,0
2000010101,80528,29,0
2000010101,80529,30,0
2000010101,80975,31,0
2000010101,80530,32,1
2000010200,80501,1,0
2000010200,80440,2,0
2000010200,80560,3,0
2000010200,80441,4,0
2000010200,80561,5,0
2000010200,80562,6,0
2000010200,80563,7,0
2000010200,80564,8,0
2000010200,80565,9,0
2000010200,80566,10,0
2000010200,80567,11,0
2000010200,80568,12,0
2000010200,80569,13,0
2000010200,80951,14,0
2000010200,80570,15,0
2000010200,80571,16,0
2000010200,80572,17,0
2000010200,80573,18,0
2000010200,80574,19,0
2000010200,80575,20,0
2000010200,80576,21,0
2000010200,80577,22,0
2000010200,80578,23,0
2000010200,80579,24,0
2000010200,80580,25,0
2000010200,80581,26,0
2000010200,80582,27,0
2000010200,80583,28,0
2000010200,80584,29,0
2000010200,80585,30,0
2000010200,80586,31,0
2000010200,80587,32,0
2000010200,80589,33,0
2000010200,80590,34,0
2000010200,80591,35,0
2000010200,80592,36,0
2000010200,80711,37,1
2000010201,80711,1,0
2000010201,80478,2,0
2000010201,80594,3,0
2000010201,80595,4,0
2000010201,80596,5,0
2000010201,80597,6,0
2000010201,80598,7,0
2000010201,80599,8,0
2000010201,80600,9,0
2000010201,80601,10,0
2000010201,80602,11,0
2000010201,80603,12,0
2000010201,80604,13,0
2000010201,80605,14,0
2000010201,80606,15,0
2000010201,80607,16,0
2000010201,80608,17,0
2000010201,80609,18,0
2000010201,80610,19,0
2000010201,80611,20,0
2000010201,80612,21,0
2000010201,80613,22,0
2000010201,80614,23,0
2000010201,80942,24,0
2000010201,80615,25,0
2000010201,80616,26,0
2000010201,80617,27,0
2000010201,80618,28,0
2000010201,80619,29,0
2000010201,80620,30,0
2000010201,80621,31,0
2000010201,80622,32,0
2000010201,80499,33,0
2000010201,80500,34,0
2000010201,80411,35,0
2000010201,80501,36,1
2000010300,80501,1,0
2000010300,80588,2,0
2000010300,80624,3,0
2000010300,80625,4,0
2000010300,80626,5,0
2000010300,80627,6,0
2000010300,88790,7,0
2000010300,80658,8,0
2000010300,80659,9,0
2000010300,80660,10,0
2000010300,80661,11,0
2000010300,80631,12,0
2000010300,80933,13,0
2000010300,80632,14,0
2000010300,80633,15,0
2000010300,80634,16,0
2000010300,80635,17,0
2000010300,80636,18,0
2000010300,80637,19,0
2000010300,80638,20,0
2000010300,80639,21,0
2000010300,80640,22,0
2000010300,80641,23,0
2000010300,80801,24,0
2000010300,80642,25,0
2000010300,80643,26,0
2000010300,80644,27,0
2000010300,80461,28,0
2000010300,80709,29,1
2000010301,80709,1,0
2000010301,80462,2,0
2000010301,80645,3,0
2000010301,80646,4,0
2000010301,80647,5,0
2000010301,80648,6,0
2000010301,80649,7,0
2000010301,80650,8,0
2000010301,80651,9,0
2000010301,80652,10,0
2000010301,80653,11,0
2000010301,80654,12,0
2000010301,80655,13,0
2000010301,80656,14,0
2000010301,80934,15,0
2000010301,80657,16,0
2000010301,80658,17,0
2000010301,80659,18,0
2000010301,80660,19,0
2000010301,80661,20,0
2000010301,80662,21,0
2000010301,80663,22,0
2000010301,80664,23,0
2000010301,80665,24,0
2000010301,80719,25,0
2000010301,80950,26,0
2000010301,80501,27,1
2000010500,80501,1,0
2000010500,80588,2,0
2000010500,80624,3,0
2000010500,80625,4,0
2000010500,80880,5,0
2000010500,80881,6,0
2000010500,80882,7,0
2000010500,80883,8,0
2000010500,80884,9,0
2000010500,80885,10,0
2000010500,80886,11,0
2000010500,80887,12,0
2000010500,80888,13,0
2000010500,80889,14,0
2000010500,80890,15,0
2000010500,80891,16,0
2000010500,80592,17,0
2000010500,80593,18,0
2000010500,80462,19,0
2000010500,80463,20,0
2000010500,80464,21,0
2000010500,80953,22,0
2000010500,80892,23,0
2000010500,80893,24,0
2000010500,80894,25,0
2000010500,80895,26,0
2000010500,80896,27,0
2000010500,80897,28,0
2000010500,80898,29,0
2000010500,80899,30,0
2000010500,80900,31,0
2000010500,80901,32,0
2000010500,80902,33,0
2000010500,80903,34,1
2000010501,80893,1,0
2000010501,80894,2,0
2000010501,80895,3,0
2000010501,80896,4,0
2000010501,80897,5,0
2000010501,80898,6,0
2000010501,80899,7,0
2000010501,80900,8,0
2000010501,80901,9,0
2000010501,80902,10,0
2000010501,80903,11,0
2000010501,80904,12,0
2000010501,80905,13,0
2000010501,80906,14,0
2000010501,80907,15,0
2000010501,80908,16,0
2000010501,80909,17,0
2000010501,80910,18,0
2000010501,80911,19,0
2000010501,80912,20,0
2000010501,80913,21,0
2000010501,80914,22,0
2000010501,80915,23,0
2000010501,80916,24,0
2000010501,80917,25,0
2000010501,80918,26,0
2000010501,80919,27,0
2000010501,80920,28,0
2000010501,80952,29,0
2000010501,80921,30,0
2000010501,80593,31,0
2000010501,80478,32,0
2000010501,80594,33,0
2000010501,80922,34,0
2000010501,80923,35,0
2000010501,80924,36,0
2000010501,80925,37,0
2000010501,80926,38,0
2000010501,80927,39,0
2000010501,80928,40,0
2000010501,80929,41,0
2000010501,80930,42,0
2000010501,80931,43,0
2000010501,80932,44,0
2000010501,80665,45,0
2000010501,80719,46,0
2000010501,80950,47,0
2000010501,80501,48,1
2000010700,80501,1,0
2000010700,80685,2,0
2000010700,80686,3,0
2000010700,80694,4,0
2000010700,80974,5,0
2000010700,80696,6,0
2000010700,80698,7,0
2000010700,80689,8,0
2000010700,80690,9,0
2000010700,80691,10,0
2000010700,80692,11,0
2000010700,80693,12,0
2000010700,80834,13,0
2000010700,80705,14,0
2000010700,80706,15,0
2000010700,80707,16,0
2000010700,80855,17,0
2000010700,80474,18,0
2000010700,80856,19,0
2000010700,80836,20,0
2000010700,80476,21,0
2000010700,80593,22,1
2000010701,80593,1,0
2000010701,80462,2,0
2000010701,80463,3,0
2000010701,80464,4,0
2000010701,80853,5,0
2000010701,80857,6,0
2000010701,80843,7,0
2000010701,80858,8,0
2000010701,80844,9,0
2000010701,80732,10,0
2000010701,80733,11,0
2000010701,80845,12,0
2000010701,80846,13,0
2000010701,80745,14,0
2000010701,80746,15,0
2000010701,80747,16,0
2000010701,80748,17,0
2000010701,80749,18,0
2000010701,80697,19,0
2000010701,80976,20,0
2000010701,80695,21,0
2000010701,80751,22,0
2000010701,80685,23,0
2000010701,80501,24,1
