800,82127,1,0
800,80015,2,0
800,81031,3,0
800,82377,4,0
800,82380,5,0
800,82382,6,0
800,82384,7,0
800,82386,8,0
800,82388,9,0
800,82390,10,0
800,82392,11,0
800,82393,12,0
800,82395,13,0
800,81000,14,1
801,81000,1,0
801,82829,2,0
801,82402,3,0
801,82403,4,0
801,81225,5,0
801,82406,6,0
801,82408,7,0
801,82410,8,0
801,82412,9,0
801,82414,10,0
801,82417,11,0
801,80015,12,0
801,82127,13,1
900,82127,1,0
900,82515,2,0
900,82338,3,0
900,82987,4,0
900,82035,5,0
900,82072,6,0
900,82073,7,0
900,82074,8,0
900,82075,9,0
900,82076,10,0
900,82077,11,0
900,82078,12,0
900,82079,13,0
900,82080,14,0
900,82081,15,0
900,82480,16,0
900,82481,17,0
900,82482,18,0
900,82483,19,0
900,82484,20,0
900,82485,21,0
900,82486,22,0
900,82487,23,0
900,82488,24,0
900,82489,25,0
900,82490,26,0
900,82491,27,0
900,82492,28,0
900,82493,29,0
900,82494,30,0
900,82495,31,0
900,82496,32,0
900,82497,33,0
900,82498,34,0
900,82499,35,0
900,82500,36,0
900,82501,37,0
900,82502,38,0
900,82518,39,0
900,82503,40,0
900,82504,41,0
900,82505,42,0
900,82506,43,0
900,82507,44,0
900,82508,45,0
900,82509,46,0
900,82510,47,0
900,82511,48,0
900,83228,49,0
900,82512,50,0
900,82520,51,0
900,80435,52,0
900,80975,53,0
900,80976,54,0
900,82516,55,0
900,80978,56,0
900,80979,57,0
900,80944,58,0
900,80501,59,0
900,80440,60,0
900,82759,61,0
900,80796,62,0
900,80797,63,0
900,80798,64,0
900,80414,65,0
900,80415,66,0
900,80416,67,0
900,80417,68,0
900,80418,69,0
900,80419,70,0
900,80484,71,0
900,80485,72,0
900,80795,73,0
900,80422,74,0
900,80423,75,0
900,80424,76,0
900,80425,77,0
900,80426,78,1
901,80426,1,0
901,80400,2,0
901,80401,3,0
901,80402,4,0
901,80403,5,0
901,80876,6,0
901,80404,7,0
901,80405,8,0
901,80406,9,0
901,80878,10,0
901,80407,11,0
901,80879,12,0
901,80408,13,0
901,80797,14,0
901,80409,15,0
901,80410,16,0
901,80411,17,0
901,80501,18,0
901,80588,19,0
901,80971,20,0
901,82522,21,0
901,80985,22,0
901,80986,23,0
901,80987,24,0
901,80974,25,0
901,82526,26,0
901,82527,27,0
901,82528,28,0
901,82521,29,0
901,82529,30,0
901,83227,31,0
901,82530,32,0
901,82531,33,0
901,82532,34,0
901,82533,35,0
901,82534,36,0
901,82535,37,0
901,82536,38,0
901,82537,39,0
901,82538,40,0
901,83151,41,0
901,82539,42,0
901,82810,43,0
901,82540,44,0
901,82541,45,0
901,82542,46,0
901,82543,47,0
901,82544,48,0
901,82545,49,0
901,82546,50,0
901,82547,51,0
901,82548,52,0
901,82549,53,0
901,82553,54,0
901,82551,55,0
901,82552,56,0
901,82554,57,0
901,82555,58,0
901,82556,59,0
901,82557,60,0
901,82558,61,0
901,82559,62,0
901,82116,63,0
901,82117,64,0
901,82118,65,0
901,82119,66,0
901,82120,67,0
901,82121,68,0
901,82122,69,0
901,82123,70,0
901,82124,71,0
901,82125,72,0
901,82035,73,0
901,82263,74,0
901,82264,75,0
901,82127,76,1
1100,82562,1,0
1100,82587,2,0
1100,82588,3,0
1100,82589,4,0
1100,82590,5,0
1100,82591,6,0
1100,82592,7,0
1100,82593,8,0
1100,82594,9,0
1100,82029,10,0
1100,82030,11,0
1100,82606,12,0
1100,82597,13,0
1100,83083,14,0
1100,82819,15,0
1100,82260,16,0
1100,82525,17,0
1100,82862,18,0
1100,82261,19,0
1100,82262,20,0
1100,82035,21,1
1101,82035,1,0
1101,82830,2,0
1101,82209,3,0
1101,82284,4,0
1101,82210,5,0
1101,82211,6,0
1101,82603,7,0
1101,82604,8,0
1101,82597,9,0
1101,82605,10,0
1101,82039,11,0
1101,82040,12,0
1101,82041,13,0
1101,82607,14,0
1101,82608,15,0
1101,82609,16,0
1101,82610,17,0
1101,82611,18,0
1101,82612,19,0
1101,82613,20,0
1101,82614,21,0
1101,82615,22,0
1101,82616,23,1
1200,82617,1,0
1200,82792,2,0
1200,82618,3,0
1200,82619,4,0
1200,82514,5,0
1200,82471,6,0
1200,82472,7,0
1200,82747,8,0
1200,82748,9,0
1200,82749,10,0
1200,82750,11,0
1200,82751,12,0
1200,82752,13,0
1200,82753,14,0
1200,82848,15,0
1200,82754,16,0
1200,82755,17,0
1200,83135,18,0
1200,83136,19,0
1200,83137,20,0
1200,83138,21,0
1200,83139,22,0
1200,83140,23,0
1200,82756,24,0
1200,82757,25,0
1200,82758,26,0
1200,82958,27,0
1200,82621,28,0
1200,82429,29,0
1200,83141,30,0
1200,83142,31,0
1200,83143,32,1
1201,83144,1,0
1201,83145,2,0
1201,83146,3,0
1201,83147,4,0
1201,82476,5,0
1201,82996,6,0
1201,82734,7,0
1201,82735,8,0
1201,82736,9,0
1201,83135,10,0
1201,83136,11,0
1201,83137,12,0
1201,83138,13,0
1201,83139,14,0
1201,83140,15,0
1201,82737,16,0
1201,82738,17,0
1201,82847,18,0
1201,82739,19,0
1201,82740,20,0
1201,82741,21,0
1201,82742,22,0
1201,82743,23,0
1201,82744,24,0
1201,82745,25,0
1201,82746,26,0
1201,82433,27,0
1201,82434,28,0
1201,82620,29,0
1201,82628,30,0
1201,82629,31,0
1201,82630,32,0
1201,82024,33,1
1500,82895,1,0
1500,82896,2,0
1500,82897,3,0
1500,82898,4,0
1500,82899,5,0
1500,82900,6,0
1500,82901,7,0
1500,82852,8,0
1500,82853,9,0
1500,82042,10,0
1500,83106,11,0
1500,82043,12,0
1500,82044,13,0
1500,82902,14,0
1500,82903,15,0
1500,82904,16,0
1500,82905,17,0
1500,82906,18,0
1500,82907,19,0
1500,82908,20,0
1500,82909,21,0
1500,82910,22,0
1500,82045,23,0
1500,82617,24,1
1501,82617,1,0
1501,82025,2,0
1501,82902,3,0
1501,82903,4,0
1501,82904,5,0
1501,82905,6,0
1501,82906,7,0
1501,82907,8,0
1501,82908,9,0
1501,82909,10,0
1501,82910,11,0
1501,82027,12,0
1501,83107,13,0
1501,82028,14,0
1501,82368,15,0
1501,82369,16,0
1501,82911,17,0
1501,82912,18,0
1501,82913,19,0
1501,82914,20,0
1501,82915,21,0
1501,82916,22,0
1501,82917,23,1
1700,82617,1,0
1700,82047,2,0
1700,82048,3,0
1700,82049,4,0
1700,82050,5,0
1700,82051,6,0
1700,82052,7,0
1700,82053,8,0
1700,82054,9,0
1700,82055,10,0
1700,82056,11,0
1700,82057,12,0
1700,83152,13,0
1700,82440,14,0
1700,82438,15,0
1700,82468,16,0
1700,82720,17,0
1700,82761,18,0
1700,82762,19,0
1700,82721,20,0
1700,82722,21,0
1700,82763,22,0
1700,82764,23,0
1700,82765,24,0
1700,82436,25,0
1700,82437,26,0
1700,82059,27,0
1700,82060,28,0
1700,82061,29,0
1700,82062,30,0
1700,82007,31,0
1700,82065,32,0
1700,82066,33,0
1700,82067,34,0
1700,82068,35,0
1700,82069,36,0
1700,82854,37,0
1700,82070,38,0
1700,82867,39,0
1700,82071,40,1
1701,82000,1,0
1701,82001,2,0
1701,82868,3,0
1701,82855,4,0
1701,82002,5,0
1701,82003,6,0
1701,82004,7,0
1701,82005,8,0
1701,82006,9,0
1701,82064,10,0
1701,82009,11,0
1701,82010,12,0
1701,82011,13,0
1701,82012,14,0
1701,82013,15,0
1701,82468,16,0
1701,82720,17,0
1701,82761,18,0
1701,82762,19,0
1701,82721,20,0
1701,82722,21,0
1701,82763,22,0
1701,82764,23,0
1701,82765,24,0
1701,82436,25,0
1701,82437,26,0
1701,82438,27,0
1701,82439,28,0
1701,83153,29,0
1701,82014,30,0
1701,82766,31,0
1701,82015,32,0
1701,82016,33,0
1701,82712,34,0
1701,82017,35,0
1701,82018,36,0
1701,82019,37,0
1701,82020,38,0
1701,82021,39,0
1701,82022,40,0
1701,82617,41,1
2000,82617,1,0
2000,82780,2,0
2000,82781,3,0
2000,82782,4,0
2000,82783,5,0
2000,82784,6,0
2000,82785,7,0
2000,82786,8,0
2000,82787,9,0
2000,82788,10,0
2000,82789,11,0
2000,82790,12,0
2000,82791,13,0
2000,82792,14,0
2000,82465,15,0
2000,82466,16,0
2000,82879,17,0
2000,83148,18,0
2000,82880,19,0
2000,82881,20,0
2000,82882,21,0
2000,82883,22,0
2000,82884,23,0
2000,82885,24,0
2000,82886,25,0
2000,82887,26,1
2001,82869,1,0
2001,82870,2,0
2001,82871,3,0
2001,82872,4,0
2001,82873,5,0
2001,82874,6,0
2001,82875,7,0
2001,82876,8,0
2001,82877,9,0
2001,82878,10,0
2001,82443,11,0
2001,82444,12,0
2001,82768,13,0
2001,82769,14,0
2001,82770,15,0
2001,82771,16,0
2001,82772,17,0
2001,82773,18,0
2001,82774,19,0
2001,82775,20,0
2001,82776,21,0
2001,82777,22,0
2001,82778,23,0
2001,83272,24,0
2001,82024,25,1
2200,82035,1,0
2200,82843,2,0
2200,82036,3,0
2200,82037,4,0
2200,82038,5,0
2200,82039,6,0
2200,82040,7,0
2200,82041,8,0
2200,82042,9,0
2200,83106,10,0
2200,82043,11,0
2200,82044,12,0
2200,82045,13,0
2200,82046,14,0
2200,82047,15,0
2200,82048,16,0
2200,82049,17,0
2200,82050,18,0
2200,82051,19,0
2200,82052,20,0
2200,82053,21,0
2200,82054,22,0
2200,82055,23,0
2200,82056,24,0
2200,82057,25,0
2200,83152,26,0
2200,82440,27,0
2200,82058,28,0
2200,82059,29,0
2200,82060,30,0
2200,82061,31,0
2200,82062,32,0
2200,82007,33,0
2200,82065,34,0
2200,82066,35,0
2200,82067,36,0
2200,82068,37,0
2200,82069,38,0
2200,82854,39,0
2200,82070,40,0
2200,82867,41,0
2200,82071,42,1
2201,82000,1,0
2201,82001,2,0
2201,82868,3,0
2201,82855,4,0
2201,82002,5,0
2201,82003,6,0
2201,82004,7,0
2201,82005,8,0
2201,82006,9,0
2201,82064,10,0
2201,82009,11,0
2201,82010,12,0
2201,82011,13,0
2201,82012,14,0
2201,82013,15,0
2201,82439,16,0
2201,83153,17,0
2201,82014,18,0
2201,82766,19,0
2201,82015,20,0
2201,82016,21,0
2201,82712,22,0
2201,82017,23,0
2201,82018,24,0
2201,82019,25,0
2201,82020,26,0
2201,82021,27,0
2201,82022,28,0
2201,82023,29,0
2201,82024,30,0
2201,82025,31,0
2201,82026,32,0
2201,82027,33,0
2201,83107,34,0
2201,82028,35,0
2201,82029,36,0
2201,82030,37,0
2201,82031,38,0
2201,82032,39,0
2201,82033,40,0
2201,82034,41,0
2201,82844,42,0
2201,82035,43,1
2300,82035,1,0
2300,82072,2,0
2300,82073,3,0
2300,82074,4,0
2300,82075,5,0
2300,82076,6,0
2300,82077,7,0
2300,82078,8,0
2300,82079,9,0
2300,82080,10,0
2300,82081,11,0
2300,82082,12,0
2300,82083,13,0
2300,82946,14,0
2300,83276,15,0
2300,83232,16,0
2300,82086,17,0
2300,82087,18,0
2300,82088,19,0
2300,83234,20,0
2300,82089,21,0
2300,82090,22,0
2300,82091,23,0
2300,83257,24,0
2300,82093,25,0
2300,82094,26,0
2300,82095,27,0
2300,82096,28,0
2300,83210,29,0
2300,83211,30,0
2300,83176,31,0
2300,83177,32,0
2300,83178,33,0
2300,83179,34,0
2300,83180,35,0
2300,83181,36,0
2300,83182,37,0
2300,83183,38,0
2300,83184,39,0
2300,83185,40,0
2300,83186,41,0
2300,83212,42,0
2300,83213,43,0
2300,83197,44,1
2301,83156,1,0
2301,83157,2,0
2301,83214,3,0
2301,83215,4,0
2301,82099,5,0
2301,82811,6,0
2301,82812,7,0
2301,82813,8,0
2301,82814,9,0
2301,82815,10,0
2301,83166,11,0
2301,83167,12,0
2301,83168,13,0
2301,83169,14,0
2301,83170,15,0
2301,83171,16,0
2301,82818,17,0
2301,82101,18,0
2301,82103,19,0
2301,82104,20,0
2301,82105,21,0
2301,83258,22,0
2301,82138,23,0
2301,82107,24,0
2301,82108,25,0
2301,83229,26,0
2301,82109,27,0
2301,82110,28,0
2301,82111,29,0
2301,83231,30,0
2301,82112,31,0
2301,83277,32,0
2301,83120,33,0
2301,82113,34,0
2301,82115,35,0
2301,82119,36,0
2301,82120,37,0
2301,82121,38,0
2301,82122,39,0
2301,82123,40,0
2301,82124,41,0
2301,82125,42,0
2301,82035,43,1
2400,82126,1,0
2400,83705,2,0
2400,83731,3,0
2400,83709,4,0
2400,83707,5,0
2400,82063,6,0
2400,82145,7,0
2400,82130,8,0
2400,82143,9,0
2400,82132,10,0
2400,82133,11,0
2400,82134,12,0
2400,82963,13,0
2400,82135,14,0
2400,83219,15,0
2400,82397,16,0
2400,83223,17,0
2400,82993,18,0
2400,82087,19,0
2400,82088,20,0
2400,82089,21,0
2400,82090,22,0
2400,82091,23,0
2400,83257,24,0
2400,82093,25,0
2400,82094,26,0
2400,82095,27,0
2400,82096,28,0
2400,83210,29,0
2400,83211,30,0
2400,83176,31,0
2400,83177,32,0
2400,83178,33,0
2400,83179,34,0
2400,83180,35,0
2400,83181,36,0
2400,83182,37,0
2400,83183,38,0
2400,83184,39,0
2400,83185,40,0
2400,83186,41,0
2400,83212,42,0
2400,83213,43,0
2400,83197,44,1
2401,83156,1,0
2401,83157,2,0
2401,83214,3,0
2401,83215,4,0
2401,82099,5,0
2401,82811,6,0
2401,82812,7,0
2401,82813,8,0
2401,82814,9,0
2401,82815,10,0
2401,83180,11,0
2401,83165,12,0
2401,83166,13,0
2401,83167,14,0
2401,83168,15,0
2401,83169,16,0
2401,83170,17,0
2401,83171,18,0
2401,82818,19,0
2401,82101,20,0
2401,82102,21,0
2401,82103,22,0
2401,82104,23,0
2401,82105,24,0
2401,83258,25,0
2401,82138,26,0
2401,82107,27,0
2401,82108,28,0
2401,82109,29,0
2401,82110,30,0
2401,82111,31,0
2401,84038,32,0
2401,83224,33,0
2401,82602,34,0
2401,83220,35,0
2401,82139,36,0
2401,82962,37,0
2401,82715,38,0
2401,82141,39,0
2401,82142,40,0
2401,82131,41,0
2401,82144,42,0
2401,82145,43,0
2401,82008,44,0
2401,83708,45,0
2401,83710,46,0
2401,83732,47,0
2401,83706,48,0
2401,82126,49,1
2700,82035,1,0
2700,82843,2,0
2700,82036,3,0
2700,82037,4,0
2700,82804,5,0
2700,82455,6,0
2700,82456,7,0
2700,82457,8,0
2700,82458,9,0
2700,82459,10,0
2700,82460,11,0
2700,82461,12,0
2700,82462,13,0
2700,82463,14,0
2700,82464,15,0
2700,82465,16,0
2700,82466,17,0
2700,82467,18,0
2700,82057,19,0
2700,83152,20,0
2700,82440,21,0
2700,82058,22,0
2700,82468,23,0
2700,82366,24,0
2700,82470,25,0
2700,82471,26,0
2700,82472,27,0
2700,82473,28,0
2700,82474,29,0
2700,82475,30,0
2700,82476,31,0
2700,82477,32,0
2700,82478,33,0
2700,82479,34,0
2700,82141,35,0
2700,82142,36,0
2700,82131,37,0
2700,82144,38,0
2700,82145,39,0
2700,82008,40,1
2701,82063,1,0
2701,82128,2,0
2701,82130,3,0
2701,82143,4,0
2701,82132,5,0
2701,82133,6,0
2701,82134,7,0
2701,82425,8,0
2701,82426,9,0
2701,82427,10,0
2701,82428,11,0
2701,82429,12,0
2701,82430,13,0
2701,82431,14,0
2701,82432,15,0
2701,82433,16,0
2701,82434,17,0
2701,82435,18,0
2701,82436,19,0
2701,82437,20,0
2701,82438,21,0
2701,82439,22,0
2701,83153,23,0
2701,82014,24,0
2701,82441,25,0
2701,82442,26,0
2701,82443,27,0
2701,82444,28,0
2701,82445,29,0
2701,82446,30,0
2701,82447,31,0
2701,82448,32,0
2701,82449,33,0
2701,82450,34,0
2701,82451,35,0
2701,82452,36,0
2701,82453,37,0
2701,82454,38,0
2701,82033,39,0
2701,82034,40,0
2701,82844,41,0
2701,82035,42,1
2800,82126,1,0
2800,82063,2,0
2800,82128,3,0
2800,82130,4,0
2800,82143,5,0
2800,82132,6,0
2800,82133,7,0
2800,82134,8,0
2800,82963,9,0
2800,82135,10,0
2800,85530,11,0
2800,85503,12,0
2800,85504,13,0
2800,85505,14,0
2800,85778,15,0
2800,85506,16,0
2800,85542,17,0
2800,85543,18,0
2800,85544,19,0
2800,82086,20,0
2800,82087,21,0
2800,85545,22,0
2800,85546,23,0
2800,85547,24,0
2800,85548,25,0
2800,85549,26,0
2800,85550,27,0
2800,85510,28,0
2800,83235,29,0
2800,85508,30,0
2800,85509,31,0
2800,84254,32,0
2800,84255,33,1
2801,85509,1,0
2801,84254,2,0
2801,84255,3,0
2801,85511,4,0
2801,83236,5,0
2801,85532,6,0
2801,83222,7,0
2801,84035,8,0
2801,84036,9,0
2801,84037,10,0
2801,84256,11,0
2801,84258,12,0
2801,82110,13,0
2801,82111,14,0
2801,84038,15,0
2801,85533,16,0
2801,85534,17,0
2801,85551,18,0
2801,85779,19,0
2801,85514,20,0
2801,85515,21,0
2801,85516,22,0
2801,85529,23,0
2801,85517,24,0
2801,82962,25,0
2801,82715,26,0
2801,82141,27,0
2801,82142,28,0
2801,82131,29,0
2801,82144,30,0
2801,82145,31,0
2801,82008,32,0
2801,82126,33,1
5101,82035,1,0
5101,82072,2,0
5101,82073,3,0
5101,82074,4,0
5101,82075,5,0
5101,82076,6,0
5101,82121,7,0
5101,83225,8,0
5101,83005,9,0
5101,83006,10,0
5101,83007,11,0
5101,83008,12,0
5101,83009,13,0
5101,83010,14,0
5101,83108,15,0
5101,83109,16,0
5101,83000,17,0
5101,83002,18,0
5101,83110,19,0
5101,83111,20,0
5101,83112,21,0
5101,83113,22,0
5101,83114,23,0
5101,83031,24,0
5101,83032,25,0
5101,82725,26,0
5101,82726,27,0
5101,83075,28,0
5101,82233,29,0
5101,82234,30,0
5101,82235,31,0
5101,82236,32,0
5101,82237,33,0
5101,83115,34,0
5101,82239,35,0
5101,82517,36,0
5101,82519,37,0
5101,82523,38,0
5101,82243,39,0
5101,82244,40,0
5101,82245,41,0
5101,82246,42,0
5101,82247,43,0
5101,82248,44,0
5101,82249,45,0
5101,82251,46,0
5101,82252,47,0
5101,82253,48,0
5101,82254,49,0
5101,82255,50,0
5101,82259,51,0
5101,82256,52,0
5101,82808,53,0
5101,82257,54,0
5101,82727,55,0
5101,83218,56,0
5101,82266,57,0
5101,83237,58,0
5101,82267,59,0
5101,82268,60,0
5101,83195,61,0
5101,82269,62,0
5101,82260,63,0
5101,82525,64,0
5101,82862,65,0
5101,82261,66,0
5101,82262,67,1
5200,82035,1,0
5200,82830,2,0
5200,82209,3,0
5200,82284,4,0
5200,82210,5,0
5200,82211,6,0
5200,83022,7,0
5200,83194,8,0
5200,83023,9,0
5200,83024,10,0
5200,83238,11,0
5200,83025,12,0
5200,83026,13,0
5200,83027,14,0
5200,83028,15,0
5200,82807,16,0
5200,82214,17,0
5200,82265,18,0
5200,82215,19,0
5200,83029,20,0
5200,82216,21,0
5200,82217,22,0
5200,82218,23,0
5200,82219,24,0
5200,82220,25,0
5200,82964,26,0
5200,82221,27,0
5200,82222,28,0
5200,82223,29,0
5200,82224,30,0
5200,82225,31,0
5200,82226,32,0
5200,82227,33,0
5200,82228,34,0
5200,82229,35,0
5200,83030,36,0
5200,82856,37,0
5200,83031,38,0
5200,83032,39,0
5200,82725,40,0
5200,82726,41,0
5200,83033,42,0
5200,83034,43,0
5200,82273,44,0
5200,82728,45,0
5200,82729,46,0
5200,82730,47,0
5200,82235,48,0
5200,82236,49,0
5200,82237,50,0
5200,83035,51,0
5200,83036,52,0
5200,83037,53,0
5200,83038,54,0
5200,82949,55,0
5200,82241,56,0
5200,82242,57,0
5200,82731,58,0
5200,82270,59,0
5200,82271,60,0
5200,82272,61,0
5200,83039,62,0
5200,82679,63,0
5200,82681,64,0
5200,82682,65,0
5200,82277,66,0
5200,82278,67,0
5200,82279,68,0
5200,82122,69,0
5200,82123,70,0
5200,82124,71,0
5200,82125,72,1
5900,82127,1,0
5900,83003,2,0
5900,82218,3,0
5900,82219,4,0
5900,82220,5,0
5900,82964,6,0
5900,82221,7,0
5900,82222,8,0
5900,82223,9,0
5900,82224,10,0
5900,82225,11,0
5900,82226,12,0
5900,82227,13,0
5900,82228,14,0
5900,82229,15,0
5900,82230,16,0
5900,82997,17,0
5900,82240,18,0
5900,82949,19,0
5900,82241,20,0
5900,82242,21,0
5900,82731,22,0
5900,83004,23,0
5900,83216,24,0
5900,83217,25,1
5901,83217,1,0
5901,83000,2,0
5901,83001,3,0
5901,83002,4,0
5901,82524,5,0
5901,82948,6,0
5901,82733,7,0
5901,82998,8,0
5901,82725,9,0
5901,82517,10,0
5901,82519,11,0
5901,82523,12,0
5901,82243,13,0
5901,82244,14,0
5901,82245,15,0
5901,82246,16,0
5901,82247,17,0
5901,82248,18,0
5901,82249,19,0
5901,82250,20,0
5901,82251,21,0
5901,83216,22,0
5901,82127,23,1
6000,82035,1,0
6000,82843,2,0
6000,82036,3,0
6000,82037,4,0
6000,82285,5,0
6000,82286,6,0
6000,82287,7,0
6000,82288,8,0
6000,82289,9,0
6000,82075,10,0
6000,82076,11,0
6000,82178,12,0
6000,82179,13,0
6000,82180,14,0
6000,82181,15,0
6000,82182,16,0
6000,82183,17,0
6000,82290,18,0
6000,82341,19,0
6000,82340,20,0
6000,82291,21,0
6000,82292,22,0
6000,82293,23,0
6000,82294,24,0
6000,82295,25,0
6000,82296,26,0
6000,82297,27,0
6000,82298,28,0
6000,82299,29,0
6000,82300,30,0
6000,82301,31,0
6000,82302,32,0
6000,82342,33,0
6000,82304,34,0
6000,82305,35,0
6000,82315,36,0
6000,82078,37,0
6000,82079,38,0
6000,82080,39,0
6000,82307,40,0
6000,82308,41,0
6000,82309,42,0
6000,82310,43,0
6000,82311,44,1
6001,82311,1,0
6001,82312,2,0
6001,82313,3,0
6001,82314,4,0
6001,82117,5,0
6001,82118,6,0
6001,82119,7,0
6001,82306,8,0
6001,82316,9,0
6001,82317,10,0
6001,82318,11,0
6001,82303,12,0
6001,82595,13,0
6001,82732,14,0
6001,82319,15,0
6001,82320,16,0
6001,82321,17,0
6001,82323,18,0
6001,82324,19,0
6001,82325,20,0
6001,82326,21,0
6001,82327,22,0
6001,82328,23,0
6001,82329,24,0
6001,82330,25,0
6001,82331,26,0
6001,82174,27,0
6001,83121,28,0
6001,82176,29,0
6001,82177,30,0
6001,82821,31,0
6001,82121,32,0
6001,82332,33,0
6001,82333,34,0
6001,82334,35,0
6001,82335,36,0
6001,82336,37,0
6001,82337,38,0
6001,82033,39,0
6001,82034,40,0
6001,82844,41,0
6001,82035,42,1
6100,82035,1,0
6100,82072,2,0
6100,82951,3,0
6100,82959,4,0
6100,82335,5,0
6100,82336,6,0
6100,82343,7,0
6100,82344,8,0
6100,83155,9,0
6100,82345,10,0
6100,82346,11,0
6100,82347,12,0
6100,82348,13,0
6100,82349,14,0
6100,82350,15,0
6100,82351,16,0
6100,82352,17,0
6100,82353,18,0
6100,82354,19,0
6100,82355,20,0
6100,82356,21,0
6100,82357,22,0
6100,82358,23,0
6100,82359,24,0
6100,82360,25,0
6100,82361,26,0
6100,82362,27,0
6100,82363,28,0
6100,82938,29,0
6100,82364,30,0
6100,82365,31,0
6100,82310,32,0
6100,82311,33,0
6100,82312,34,0
6100,82313,35,0
6100,82314,36,0
6100,82307,37,0
6100,82952,38,0
6100,82953,39,0
6100,82982,40,0
6100,82954,41,0
6100,82988,42,1
6201,82035,1,0
6201,82072,2,0
6201,82073,3,0
6201,82074,4,0
6201,82075,5,0
6201,82076,6,0
6201,82077,7,0
6201,82306,8,0
6201,82316,9,0
6201,82317,10,0
6201,82318,11,0
6201,82319,12,0
6201,82320,13,0
6201,82321,14,0
6201,82322,15,0
6201,82323,16,0
6201,82324,17,0
6201,82325,18,0
6201,82326,19,0
6201,82327,20,0
6201,82328,21,0
6201,82329,22,0
6201,82330,23,0
6201,82331,24,0
6201,82174,25,0
6201,82176,26,0
6201,82177,27,0
6201,82821,28,0
6201,82121,29,0
6201,82122,30,0
6201,82123,31,0
6201,82124,32,0
6201,82125,33,1
7100,82560,1,0
7100,82561,2,0
7100,83090,3,0
7100,82487,4,0
7100,82488,5,0
7100,82489,6,0
7100,82490,7,0
7100,82491,8,0
7100,82492,9,0
7100,82493,10,0
7100,82494,11,0
7100,82495,12,0
7100,82496,13,0
7100,82497,14,0
7100,82498,15,0
7100,82499,16,0
7100,82500,17,0
7100,82501,18,0
7100,82502,19,0
7100,82518,20,0
7100,83256,21,0
7100,82601,22,0
7100,82577,23,0
7100,82578,24,0
7100,82579,25,0
7100,82580,26,0
7100,82581,27,0
7100,82582,28,0
7100,82820,29,0
7100,82583,30,0
7100,82584,31,0
7100,82585,32,0
7100,83085,33,0
7100,83086,34,0
7100,83087,35,0
7100,83088,36,0
7100,83089,37,1
7200,82560,1,0
7200,82561,2,0
7200,83090,3,0
7200,83091,4,0
7200,83092,5,0
7200,83093,6,0
7200,83094,7,0
7200,83095,8,0
7200,83096,9,0
7200,83097,10,0
7200,83098,11,0
7200,83099,12,0
7200,83100,13,0
7200,83101,14,0
7200,83102,15,0
7200,83103,16,0
7200,83104,17,0
7200,82566,18,0
7200,82567,19,0
7200,82568,20,0
7200,82569,21,0
7200,82570,22,0
7200,82571,23,0
7200,82572,24,0
7200,82574,25,0
7200,82575,26,0
7200,82573,27,0
7200,82576,28,0
7200,82541,29,0
7200,82542,30,0
7200,82543,31,0
7200,82544,32,0
7200,82545,33,0
7200,82546,34,0
7200,82547,35,0
7200,82548,36,0
7200,82549,37,0
7200,82553,38,0
7200,82551,39,0
7200,82552,40,0
7200,83081,41,1
7301,82035,1,0
7301,82843,2,0
7301,82036,3,0
7301,82037,4,0
7301,82845,5,0
7301,82685,6,0
7301,82686,7,0
7301,82687,8,0
7301,82688,9,0
7301,82690,10,0
7301,82689,11,0
7301,82691,12,0
7301,82692,13,0
7301,82693,14,0
7301,82694,15,0
7301,82695,16,0
7301,82696,17,0
7301,82697,18,0
7301,82698,19,0
7301,82699,20,0
7301,82700,21,0
7301,82701,22,0
7301,82702,23,0
7301,82703,24,0
7301,82704,25,0
7301,82705,26,0
7301,82706,27,0
7301,82707,28,0
7301,82708,29,0
7301,82709,30,0
7301,82846,31,0
7301,82710,32,0
7301,82033,33,0
7301,82034,34,0
7301,82844,35,1
7401,82035,1,0
7401,82072,2,0
7401,82073,3,0
7401,82074,4,0
7401,82075,5,0
7401,82857,6,0
7401,82858,7,0
7401,82859,8,0
7401,82080,9,0
7401,82918,10,0
7401,82919,11,0
7401,82920,12,0
7401,82921,13,0
7401,82922,14,0
7401,82923,15,0
7401,82924,16,0
7401,82925,17,0
7401,82346,18,0
7401,82347,19,0
7401,82926,20,0
7401,82927,21,0
7401,82928,22,0
7401,82929,23,0
7401,82930,24,0
7401,82931,25,0
7401,82932,26,0
7401,82933,27,0
7401,82934,28,0
7401,82935,29,0
7401,82845,30,0
7401,82685,31,0
7401,82686,32,0
7401,82687,33,0
7401,82688,34,0
7401,82690,35,0
7401,82689,36,0
7401,82691,37,0
7401,82692,38,0
7401,82693,39,0
7401,82694,40,0
7401,82695,41,0
7401,82696,42,0
7401,82697,43,0
7401,82698,44,0
7401,82699,45,0
7401,82700,46,0
7401,82701,47,0
7401,82702,48,0
7401,82703,49,0
7401,82704,50,0
7401,82705,51,0
7401,82706,52,0
7401,82707,53,0
7401,82708,54,0
7401,82709,55,0
7401,82846,56,0
7401,82710,57,0
7401,82936,58,0
7401,82937,59,0
7401,82352,60,0
7401,82353,61,0
7401,82354,62,0
7401,82355,63,0
7401,82356,64,0
7401,82357,65,0
7401,82358,66,0
7401,82359,67,0
7401,82360,68,0
7401,82361,69,0
7401,82362,70,0
7401,82363,71,0
7401,82938,72,0
7401,82939,73,0
7401,82940,74,0
7401,82941,75,0
7401,82942,76,0
7401,82943,77,0
7401,82365,78,0
7401,82310,79,0
7401,82311,80,0
7401,82312,81,0
7401,82313,82,0
7401,82314,83,0
7401,82117,84,0
7401,82860,85,0
7401,82950,86,0
7401,82076,87,0
7401,82121,88,0
7401,82122,89,0
7401,82123,90,0
7401,82124,91,0
7401,82125,92,1
8000,80079,1,0
8000,80080,2,0
8000,80081,3,0
8000,80082,4,0
8000,80083,5,0
8000,80084,6,0
8000,80213,7,0
8000,80239,8,0
8000,80238,9,0
8000,80237,10,0
8000,80217,11,0
8000,80218,12,0
8000,80091,13,0
8000,80092,14,0
8000,80094,15,0
8000,80095,16,0
8000,80096,17,0
8000,80097,18,0
8000,80098,19,0
8000,80090,20,0
8000,80099,21,0
8000,80100,22,0
8000,80220,23,0
8000,80101,24,0
8000,80102,25,0
8000,80103,26,0
8000,80259,27,0
8000,80260,28,0
8000,80261,29,0
8000,80058,30,0
8000,80262,31,0
8000,80105,32,0
8000,80263,33,0
8000,80106,34,0
8000,80107,35,0
8000,80265,36,0
8000,80108,37,0
8000,80109,38,0
8000,80110,39,0
8000,80266,40,0
8000,80150,41,0
8000,80149,42,0
8000,80151,43,0
8000,80152,44,0
8000,80153,45,0
8000,80154,46,0
8000,80199,47,0
8000,80216,48,0
8000,81120,49,0
8000,81121,50,0
8000,80200,51,0
8000,81013,52,0
8000,80028,53,0
8000,80029,54,0
8000,81124,55,0
8000,81125,56,0
8000,80030,57,0
8000,81126,58,0
8000,81219,59,0
8000,81220,60,0
8000,81221,61,0
8000,81222,62,0
8000,81228,63,0
8000,81160,64,0
8000,81161,65,0
8000,81162,66,0
8000,81163,67,0
8000,81000,68,1
8001,81000,1,0
8001,81004,2,0
8001,81005,3,0
8001,81006,4,0
8001,81007,5,0
8001,81008,6,0
8001,81165,7,0
8001,81009,8,0
8001,81217,9,0
8001,81010,10,0
8001,81218,11,0
8001,81011,12,0
8001,81012,13,0
8001,80031,14,0
8001,80032,15,0
8001,81013,16,0
8001,81014,17,0
8001,80198,18,0
8001,81015,19,0
8001,80139,20,0
8001,80140,21,0
8001,80141,22,0
8001,80215,23,0
8001,80143,24,0
8001,80036,25,0
8001,80144,26,0
8001,80145,27,0
8001,80208,28,0
8001,80051,29,0
8001,80190,30,0
8001,80052,31,0
8001,80053,32,0
8001,80054,33,0
8001,80055,34,0
8001,80056,35,0
8001,80211,36,0
8001,80057,37,0
8001,80104,38,0
8001,80059,39,0
8001,80060,40,0
8001,80212,41,0
8001,80221,42,0
8001,80222,43,0
8001,80061,44,0
8001,80063,45,0
8001,80071,46,0
8001,80072,47,0
8001,80073,48,0
8001,80070,49,0
8001,80074,50,0
8001,80076,51,0
8001,80077,52,0
8001,80079,53,1
8100,80064,1,0
8100,80080,2,0
8100,80081,3,0
8100,80083,4,0
8100,80084,5,0
8100,80213,6,0
8100,80065,7,0
8100,80066,8,0
8100,80067,9,0
8100,80075,10,0
8100,80068,11,0
8100,80069,12,0
8100,80078,13,0
8100,80089,14,0
8100,80085,15,0
8100,80086,16,0
8100,80087,17,0
8100,80088,18,0
8100,80103,19,0
8100,80259,20,0
8100,80260,21,0
8100,80261,22,0
8100,80058,23,0
8100,80262,24,0
8100,80105,25,0
8100,80263,26,0
8100,80106,27,0
8100,80107,28,0
8100,80265,29,0
8100,80108,30,0
8100,80109,31,0
8100,80110,32,0
8100,80266,33,0
8100,80150,34,0
8100,80149,35,0
8100,80151,36,0
8100,80152,37,0
8100,80153,38,0
8100,80154,39,0
8100,80199,40,0
8100,81120,41,0
8100,81121,42,0
8100,80200,43,0
8100,81013,44,0
8100,80028,45,0
8100,80029,46,0
8100,81124,47,0
8100,81125,48,0
8100,80030,49,0
8100,81126,50,0
8100,81219,51,0
8100,81220,52,0
8100,81221,53,0
8100,81222,54,0
8100,81228,55,0
8100,81160,56,0
8100,81161,57,0
8100,81162,58,0
8100,81163,59,0
8100,81000,60,1
8101,81000,1,0
8101,81004,2,0
8101,81005,3,0
8101,81006,4,0
8101,81007,5,0
8101,81008,6,0
8101,81165,7,0
8101,81009,8,0
8101,81217,9,0
8101,81010,10,0
8101,81218,11,0
8101,81011,12,0
8101,81012,13,0
8101,80031,14,0
8101,80032,15,0
8101,81013,16,0
8101,81014,17,0
8101,80198,18,0
8101,81015,19,0
8101,80139,20,0
8101,80140,21,0
8101,80141,22,0
8101,80215,23,0
8101,80143,24,0
8101,80036,25,0
8101,80144,26,0
8101,80145,27,0
8101,80208,28,0
8101,80051,29,0
8101,80190,30,0
8101,80052,31,0
8101,80053,32,0
8101,80054,33,0
8101,80055,34,0
8101,80056,35,0
8101,80211,36,0
8101,80057,37,0
8101,80104,38,0
8101,80059,39,0
8101,80060,40,0
8101,80212,41,0
8101,80221,42,0
8101,80222,43,0
8101,80123,44,0
8101,80122,45,0
8101,80093,46,0
8101,80019,47,0
8101,80024,48,0
8101,80025,49,0
8101,80026,50,0
8101,80027,51,0
8101,80034,52,0
8101,80035,53,0
8101,80037,54,0
8101,80038,55,0
8101,80040,56,0
8101,80041,57,0
8101,80043,58,0
8101,80044,59,0
8101,80239,60,0
8101,80064,61,1
8800,81000,1,0
8800,82399,2,0
8800,82829,3,0
8800,82402,4,0
8800,82403,5,0
8800,82404,6,0
8800,81225,7,0
8800,82405,8,0
8800,82406,9,0
8800,82407,10,0
8800,81226,11,0
8800,82408,12,0
8800,82409,13,0
8800,82410,14,0
8800,82411,15,0
8800,82412,16,0
8800,82413,17,0
8800,82414,18,0
8800,82415,19,0
8800,82416,20,0
8800,82417,21,0
8800,82418,22,0
8800,82419,23,0
8800,82420,24,0
8800,82714,25,0
8800,82421,26,0
8800,82960,27,0
8800,82422,28,0
8800,82850,29,0
8800,82423,30,0
8800,82247,31,0
8800,82248,32,0
8800,82249,33,0
8800,82250,34,0
8800,82251,35,0
8800,82252,36,0
8800,82253,37,0
8800,82254,38,0
8800,82851,39,0
8800,82852,40,0
8800,82853,41,0
8800,82029,42,0
8800,82030,43,0
8800,82031,44,0
8800,82032,45,0
8800,82033,46,0
8800,82034,47,0
8800,82844,48,0
8800,82035,49,0
8800,82072,50,0
8800,82073,51,0
8800,82074,52,0
8800,82075,53,0
8800,82076,54,1
8801,82076,1,0
8801,82077,2,0
8801,82078,3,0
8801,82079,4,0
8801,82080,5,0
8801,82307,6,0
8801,83105,7,0
8801,82367,8,0
8801,82956,9,0
8801,82337,10,0
8801,82038,11,0
8801,82039,12,0
8801,82040,13,0
8801,82041,14,0
8801,82607,15,0
8801,82368,16,0
8801,82369,17,0
8801,82370,18,0
8801,82371,19,0
8801,82216,20,0
8801,82217,21,0
8801,82218,22,0
8801,82219,23,0
8801,82220,24,0
8801,82964,25,0
8801,82221,26,0
8801,82222,27,0
8801,82372,28,0
8801,82849,29,0
8801,82373,30,0
8801,82961,31,0
8801,82374,32,0
8801,82823,33,0
8801,82375,34,0
8801,82376,35,0
8801,82398,36,0
8801,82377,37,0
8801,82378,38,0
8801,82379,39,0
8801,82380,40,0
8801,82381,41,0
8801,82382,42,0
8801,82383,43,0
8801,82384,44,0
8801,82385,45,0
8801,82386,46,0
8801,82387,47,0
8801,82388,48,0
8801,82389,49,0
8801,82390,50,0
8801,82391,51,0
8801,82392,52,0
8801,82393,53,0
8801,82394,54,0
8801,82395,55,0
8801,82396,56,0
8801,81000,57,1
8900,81013,1,0
8900,80028,2,0
8900,80029,3,0
8900,81124,4,0
8900,81125,5,0
8900,80030,6,0
8900,81126,7,0
8900,81127,8,0
8900,81227,9,0
8900,81053,10,0
8900,81036,11,0
8900,81183,12,0
8900,81184,13,0
8900,81185,14,0
8900,81232,15,0
8900,81233,16,0
8900,81283,17,0
8900,81238,18,0
8900,81174,19,0
8900,81239,20,0
8900,81240,21,0
8900,81241,22,0
8900,81180,23,0
8900,81242,24,0
8900,81243,25,0
8900,81244,26,0
8900,81245,27,0
8900,81246,28,0
8900,81247,29,0
8900,81248,30,0
8900,81223,31,0
8900,81249,32,0
8900,81250,33,0
8900,81251,34,0
8900,81255,35,0
8900,81252,36,0
8900,81253,37,0
8900,81254,38,0
8900,81144,39,0
8900,81145,40,0
8900,81256,41,0
8900,81257,42,0
8900,81259,43,0
8900,81000,44,1
8901,81000,1,0
8901,81263,2,0
8901,81260,3,0
8901,81261,4,0
8901,81262,5,0
8901,81044,6,0
8901,81046,7,0
8901,81047,8,0
8901,81048,9,0
8901,81049,10,0
8901,81264,11,0
8901,81068,12,0
8901,81057,13,0
8901,81069,14,0
8901,81224,15,0
8901,81070,16,0
8901,81071,17,0
8901,81265,18,0
8901,81266,19,0
8901,81267,20,0
8901,81268,21,0
8901,81269,22,0
8901,81179,23,0
8901,81072,24,0
8901,81270,25,0
8901,81271,26,0
8901,81073,27,0
8901,81074,28,0
8901,81164,29,0
8901,81170,30,0
8901,81276,31,0
8901,81186,32,0
8901,81187,33,0
8901,81188,34,0
8901,81189,35,0
8901,81182,36,0
8901,81190,37,0
8901,81054,38,0
8901,81279,39,0
8901,81023,40,0
8901,81280,41,0
8901,81218,42,0
8901,81011,43,0
8901,81012,44,0
8901,80031,45,0
8901,80032,46,0
8901,81013,47,1
9000,81013,1,0
9000,81014,2,0
9000,80198,3,0
9000,81015,4,0
9000,81016,5,0
9000,81017,6,0
9000,81056,7,0
9000,81018,8,0
9000,81019,9,0
9000,81137,10,0
9000,81020,11,0
9000,81314,12,0
9000,81021,13,0
9000,81076,14,0
9000,81077,15,0
9000,81078,16,0
9000,81079,17,0
9000,81080,18,0
9000,81081,19,0
9000,81082,20,0
9000,81083,21,0
9000,81084,22,0
9000,81085,23,0
9000,81086,24,0
9000,81281,25,0
9000,81087,26,0
9000,81088,27,0
9000,81282,28,0
9000,81089,29,0
9000,81090,30,0
9000,81091,31,0
9000,81092,32,0
9000,81093,33,0
9000,81283,34,0
9000,83226,35,0
9000,81135,36,0
9000,81284,37,0
9000,81173,38,0
9000,81285,39,0
9000,81162,40,0
9000,81163,41,0
9000,81000,42,1
9001,81000,1,0
9001,81004,2,0
9001,80000,3,0
9001,81286,4,0
9001,81172,5,0
9001,81166,6,0
9001,81033,7,0
9001,81034,8,0
9001,81164,9,0
9001,81097,10,0
9001,81234,11,0
9001,81099,12,0
9001,81100,13,0
9001,81101,14,0
9001,81287,15,0
9001,81102,16,0
9001,81103,17,0
9001,81288,18,0
9001,81104,19,0
9001,81105,20,0
9001,81289,21,0
9001,81106,22,0
9001,81107,23,0
9001,81108,24,0
9001,81290,25,0
9001,81109,26,0
9001,81110,27,0
9001,81111,28,0
9001,81112,29,0
9001,81113,30,0
9001,81114,31,0
9001,81313,32,0
9001,81115,33,0
9001,81138,34,0
9001,81139,35,0
9001,81117,36,0
9001,81055,37,0
9001,81118,38,0
9001,81119,39,0
9001,81120,40,0
9001,81121,41,0
9001,80200,42,0
9001,81013,43,1
9101,81000,1,0
9101,81004,2,0
9101,80000,3,0
9101,81037,4,0
9101,81038,5,0
9101,81136,6,0
9101,81292,7,0
9101,81293,8,0
9101,81294,9,0
9101,81295,10,0
9101,81040,11,0
9101,81296,12,0
9101,81298,13,0
9101,81299,14,0
9101,81300,15,0
9101,81301,16,0
9101,81041,17,0
9101,81297,18,0
9101,81250,19,0
9101,81251,20,0
9101,81255,21,0
9101,81050,22,0
9101,81051,23,0
9101,81052,24,0
9101,82407,25,0
9101,81226,26,0
9101,82408,27,0
9101,82409,28,0
9101,82410,29,0
9101,82411,30,0
9101,82412,31,0
9101,82413,32,0
9101,82414,33,0
9101,82415,34,0
9101,82416,35,0
9101,82417,36,0
9101,81059,37,0
9101,81302,38,0
9101,81303,39,0
9101,81060,40,0
9101,81061,41,0
9101,81062,42,0
9101,81063,43,0
9101,81065,44,0
9101,81064,45,0
9101,81066,46,0
9101,81067,47,0
9101,81252,48,0
9101,81253,49,0
9101,81254,50,0
9101,81144,51,0
9101,81143,52,0
9101,81142,53,0
9101,81141,54,0
9101,81304,55,0
9101,81042,56,0
9101,81043,57,0
9101,81045,58,0
9101,81163,59,1
9200,81000,1,0
9200,81305,2,0
9200,81306,3,0
9200,81149,4,0
9200,81150,5,0
9200,81151,6,0
9200,81152,7,0
9200,81153,8,0
9200,81192,9,0
9200,81191,10,0
9200,80005,11,0
9200,80006,12,0
9200,80007,13,0
9200,80008,14,0
9200,80009,15,0
9200,80191,16,0
9200,80011,17,0
9200,80130,18,0
9200,80014,19,0
9200,80124,20,0
9200,80125,21,0
9200,80204,22,0
9200,80214,23,0
9200,80010,24,0
9200,80013,25,0
9200,80272,26,0
9200,80021,27,0
9200,80023,28,0
9200,80133,29,0
9200,80134,30,0
9200,80146,31,0
9200,80147,32,0
9200,80155,33,0
9200,80028,34,0
9200,80029,35,0
9200,81124,36,0
9200,81125,37,0
9200,80030,38,0
9200,81126,39,0
9200,81127,40,0
9200,81024,41,0
9200,81026,42,0
9200,81028,43,0
9200,81027,44,0
9200,81029,45,0
9200,81030,46,0
9200,81025,47,0
9200,81128,48,0
9200,81129,49,0
9200,81130,50,0
9200,81131,51,0
9200,81161,52,0
9200,81162,53,0
9200,80209,54,0
9200,81132,55,0
9200,81134,56,0
9200,81133,57,0
9200,81154,58,1
9300,81013,1,0
9300,81014,2,0
9300,80198,3,0
9300,81015,4,0
9300,80139,5,0
9300,80140,6,0
9300,80141,7,0
9300,80142,8,0
9300,80224,9,0
9300,80223,10,0
9300,80172,11,0
9300,80173,12,0
9300,80174,13,0
9300,80175,14,0
9300,80176,15,0
9300,80225,16,0
9300,80177,17,0
9300,80178,18,0
9300,80179,19,0
9300,80231,20,0
9300,80226,21,0
9300,80180,22,0
9300,80181,23,0
9300,80182,24,0
9300,80183,25,0
9300,80184,26,0
9300,80185,27,0
9300,80111,28,0
9300,80112,29,0
9300,80113,30,0
9300,80114,31,0
9300,80115,32,0
9300,80116,33,0
9300,80267,34,0
9300,80117,35,0
9300,80118,36,0
9300,80119,37,0
9300,80042,38,0
9300,80126,39,0
9300,80127,40,0
9300,80020,41,0
9300,80192,42,0
9300,80012,43,0
9300,80197,44,0
9300,80201,45,0
9300,80137,46,0
9300,80135,47,0
9300,81168,48,0
9300,81158,49,0
9300,81159,50,0
9300,81216,51,0
9300,81160,52,0
9300,81161,53,0
9300,81162,54,0
9300,81163,55,0
9300,81000,56,1
9301,81000,1,0
9301,81004,2,0
9301,81005,3,0
9301,81006,4,0
9301,81007,5,0
9301,80001,6,0
9301,80002,7,0
9301,80003,8,0
9301,80004,9,0
9301,80195,10,0
9301,80186,11,0
9301,80196,12,0
9301,80157,13,0
9301,80010,14,0
9301,80013,15,0
9301,80272,16,0
9301,80021,17,0
9301,80022,18,0
9301,80023,19,0
9301,80194,20,0
9301,80045,21,0
9301,80046,22,0
9301,80205,23,0
9301,80206,24,0
9301,80047,25,0
9301,80207,26,0
9301,80048,27,0
9301,80049,28,0
9301,80050,29,0
9301,80158,30,0
9301,80159,31,0
9301,80160,32,0
9301,80161,33,0
9301,80162,34,0
9301,80230,35,0
9301,80163,36,0
9301,80164,37,0
9301,80165,38,0
9301,80229,39,0
9301,80166,40,0
9301,80167,41,0
9301,80168,42,0
9301,80169,43,0
9301,80170,44,0
9301,80227,45,0
9301,80228,46,0
9301,80171,47,0
9301,80154,48,0
9301,80199,49,0
9301,81120,50,0
9301,81121,51,0
9301,80200,52,0
9301,81013,53,1
10000,80501,1,0
10000,80440,2,0
10000,80560,3,0
10000,80441,4,0
10000,80442,5,0
10000,80443,6,0
10000,80444,7,0
10000,80445,8,0
10000,80446,9,0
10000,80447,10,0
10000,80448,11,0
10000,80449,12,0
10000,80860,13,0
10000,80854,14,0
10000,80859,15,0
10000,80450,16,0
10000,80451,17,0
10000,80452,18,0
10000,80804,19,0
10000,80813,20,0
10000,80814,21,0
10000,80815,22,0
10000,80816,23,0
10000,80817,24,0
10000,80818,25,0
10000,80819,26,0
10000,80820,27,0
10000,80821,28,0
10000,80822,29,0
10000,80457,30,0
10000,80458,31,0
10000,80459,32,0
10000,80460,33,0
10000,80461,34,0
10000,80593,35,1
10001,80593,1,0
10001,80478,2,0
10001,80850,3,0
10001,80480,4,0
10001,80481,5,0
10001,80482,6,0
10001,80483,7,0
10001,80808,8,0
10001,80484,9,0
10001,80485,10,0
10001,80795,11,0
10001,80422,12,0
10001,80423,13,0
10001,80828,14,0
10001,80829,15,0
10001,80830,16,0
10001,80831,17,0
10001,80832,18,0
10001,80833,19,0
10001,80488,20,0
10001,80489,21,0
10001,80490,22,0
10001,80491,23,0
10001,80860,24,0
10001,80854,25,0
10001,80859,26,0
10001,80492,27,0
10001,80493,28,0
10001,80494,29,0
10001,80495,30,0
10001,80496,31,0
10001,80497,32,0
10001,80498,33,0
10001,80499,34,0
10001,80500,35,0
10001,80411,36,0
10001,80501,37,1
10100,80530,1,0
10100,82526,2,0
10100,80531,3,0
10100,80532,4,0
10100,80533,5,0
10100,80534,6,0
10100,80535,7,0
10100,80536,8,0
10100,80537,9,0
10100,80538,10,0
10100,80539,11,0
10100,80540,12,0
10100,80541,13,0
10100,80542,14,0
10100,80543,15,0
10100,80544,16,0
10100,80545,17,0
10100,80546,18,0
10100,80547,19,0
10100,80548,20,0
10100,80549,21,0
10100,80550,22,0
10100,80551,23,0
10100,80802,24,0
10100,80552,25,0
10100,80553,26,0
10100,80554,27,0
10100,80555,28,0
10100,80556,29,0
10100,80557,30,0
10100,80558,31,0
10100,80559,32,0
10100,80501,33,1
10101,80501,1,0
10101,80502,2,0
10101,80503,3,0
10101,80504,4,0
10101,80505,5,0
10101,80506,6,0
10101,80507,7,0
10101,80508,8,0
10101,80509,9,0
10101,80510,10,0
10101,80511,11,0
10101,80512,12,0
10101,80513,13,0
10101,80514,14,0
10101,80515,15,0
10101,80516,16,0
10101,80517,17,0
10101,80518,18,0
10101,80519,19,0
10101,80520,20,0
10101,80521,21,0
10101,80522,22,0
10101,80523,23,0
10101,80803,24,0
10101,80524,25,0
10101,80525,26,0
10101,80526,27,0
10101,80527,28,0
10101,80528,29,0
10101,80529,30,0
10101,80975,31,0
10101,80530,32,1
10200,80501,1,0
10200,80440,2,0
10200,80560,3,0
10200,80441,4,0
10200,80561,5,0
10200,80562,6,0
10200,80563,7,0
10200,80564,8,0
10200,80565,9,0
10200,80566,10,0
10200,80567,11,0
10200,80568,12,0
10200,80569,13,0
10200,80570,14,0
10200,80571,15,0
10200,80572,16,0
10200,80573,17,0
10200,80574,18,0
10200,80575,19,0
10200,80576,20,0
10200,80577,21,0
10200,80578,22,0
10200,80579,23,0
10200,80580,24,0
10200,80581,25,0
10200,80582,26,0
10200,80583,27,0
10200,80584,28,0
10200,80585,29,0
10200,80586,30,0
10200,80587,31,0
10200,80589,32,0
10200,80590,33,0
10200,80591,34,0
10200,80592,35,0
10200,80593,36,1
10201,80593,1,0
10201,80478,2,0
10201,80594,3,0
10201,80595,4,0
10201,80596,5,0
10201,80597,6,0
10201,80598,7,0
10201,80599,8,0
10201,80600,9,0
10201,80601,10,0
10201,80602,11,0
10201,80603,12,0
10201,80604,13,0
10201,80605,14,0
10201,80606,15,0
10201,80607,16,0
10201,80608,17,0
10201,80609,18,0
10201,80610,19,0
10201,80611,20,0
10201,80612,21,0
10201,80613,22,0
10201,80614,23,0
10201,80615,24,0
10201,80616,25,0
10201,80617,26,0
10201,80618,27,0
10201,80619,28,0
10201,80620,29,0
10201,80621,30,0
10201,80622,31,0
10201,80499,32,0
10201,80500,33,0
10201,80411,34,0
10201,80501,35,1
10300,80501,1,0
10300,80588,2,0
10300,80624,3,0
10300,80625,4,0
10300,80626,5,0
10300,80627,6,0
10300,80628,7,0
10300,80629,8,0
10300,80630,9,0
10300,80631,10,0
10300,80933,11,0
10300,80632,12,0
10300,80633,13,0
10300,80634,14,0
10300,80635,15,0
10300,80636,16,0
10300,80637,17,0
10300,80638,18,0
10300,80639,19,0
10300,80640,20,0
10300,80641,21,0
10300,80801,22,0
10300,80642,23,0
10300,80643,24,0
10300,80644,25,0
10300,80461,26,0
10300,80593,27,1
10301,80593,1,0
10301,80462,2,0
10301,80645,3,0
10301,80646,4,0
10301,80647,5,0
10301,80648,6,0
10301,80649,7,0
10301,80650,8,0
10301,80651,9,0
10301,80652,10,0
10301,80653,11,0
10301,80654,12,0
10301,80655,13,0
10301,80656,14,0
10301,80934,15,0
10301,80657,16,0
10301,80658,17,0
10301,80659,18,0
10301,80660,19,0
10301,80661,20,0
10301,80662,21,0
10301,80663,22,0
10301,80664,23,0
10301,80665,24,0
10301,80719,25,0
10301,80501,26,1
10500,80501,1,0
10500,80588,2,0
10500,80624,3,0
10500,80625,4,0
10500,80880,5,0
10500,80881,6,0
10500,80882,7,0
10500,80883,8,0
10500,80884,9,0
10500,80885,10,0
10500,80886,11,0
10500,80887,12,0
10500,80888,13,0
10500,80889,14,0
10500,80890,15,0
10500,80891,16,0
10500,80592,17,0
10500,80593,18,0
10500,80462,19,0
10500,80463,20,0
10500,80464,21,0
10500,80892,22,0
10500,80893,23,0
10500,80894,24,0
10500,80895,25,0
10500,80896,26,0
10500,80897,27,0
10500,80898,28,0
10500,80899,29,0
10500,80900,30,0
10500,80901,31,0
10500,80902,32,0
10500,80903,33,1
10501,80893,1,0
10501,80894,2,0
10501,80895,3,0
10501,80896,4,0
10501,80897,5,0
10501,80898,6,0
10501,80899,7,0
10501,80900,8,0
10501,80901,9,0
10501,80902,10,0
10501,80903,11,0
10501,80904,12,0
10501,80905,13,0
10501,80906,14,0
10501,80907,15,0
10501,80908,16,0
10501,80909,17,0
10501,80910,18,0
10501,80911,19,0
10501,80912,20,0
10501,80913,21,0
10501,80914,22,0
10501,80915,23,0
10501,80916,24,0
10501,80917,25,0
10501,80918,26,0
10501,80919,27,0
10501,80920,28,0
10501,80921,29,0
10501,80477,30,0
10501,80593,31,0
10501,80478,32,0
10501,80594,33,0
10501,80922,34,0
10501,80923,35,0
10501,80924,36,0
10501,80925,37,0
10501,80926,38,0
10501,80927,39,0
10501,80928,40,0
10501,80929,41,0
10501,80930,42,0
10501,80931,43,0
10501,80932,44,0
10501,80665,45,0
10501,80719,46,0
10501,80501,47,1
10700,80501,1,0
10700,80685,2,0
10700,80686,3,0
10700,80687,4,0
10700,80688,5,0
10700,80689,6,0
10700,80690,7,0
10700,80691,8,0
10700,80692,9,0
10700,80693,10,0
10700,80834,11,0
10700,80705,12,0
10700,80706,13,0
10700,80707,14,0
10700,80855,15,0
10700,80835,16,0
10700,80856,17,0
10700,80836,18,0
10700,80476,19,0
10700,80477,20,0
10700,80593,21,1
10701,80593,1,0
10701,80462,2,0
10701,80463,3,0
10701,80464,4,0
10701,80853,5,0
10701,80857,6,0
10701,80843,7,0
10701,80858,8,0
10701,80844,9,0
10701,80732,10,0
10701,80733,11,0
10701,80845,12,0
10701,80846,13,0
10701,80745,14,0
10701,80746,15,0
10701,80747,16,0
10701,80748,17,0
10701,80749,18,0
10701,80750,19,0
10701,80751,20,0
10701,80685,21,0
10701,80501,22,1
40000,80202,1,0
40000,80232,2,0
40000,82127,3,1
40001,82127,1,0
40001,80232,2,0
40001,80202,3,1
2002100,85880,1,0
2002100,85881,2,1
2002101,82108,1,0
2002101,85880,2,1
