25001,'Fête-1-05',724,,4425,310,,,0,99,,4409,310,,,0,30,,4412,310,,,0,99,,4419,310,,,0,70,,4420,310,,,0,101,,4411,310,,,0,30,,4414,310,,,0,100,,4422,310,,,0,70,,4423,310,,,0,100,,4410,310,,,0,29,,4421,310,,,0,100,,4413,310,,,0,71,,4418,310,,,0,101,,4424,310,,,0,30,,4415,310,,,0,100,,4416,310,,,0,70,,4408,310,,,0,101,,4417,310,,,0,30,,4426,310,,,0,101,,4407,310,,,0,70,,4427,310,,,0
25001,'Fête-2-04',549,,4428,310,,,0,65,,4429,310,,,0,29,,4430,310,,,0,62,,4431,310,,,0,45,,4432,310,,,0,96,,4433,310,,,0,70,,4434,310,,,0,96,,4435,310,,,0,100,,4436,310,,,0,103,,4437,310,,,0,100,,4438,310,,,0,102,,4439,310,,,0,115,,4440,310,,,0,99,,4441,310,,,0,26,,4442,310,,,0,70,,4443,310,,,0,28,,4444,310,,,0,83,,4445,310,,,0,87,,4446,310,,,0,108,,4447,310,,,0,93,,4448,310,,,0,101,,4449,310,,,0
25001,'Semaine-52',549,,4450,310,,,0,64,,4451,310,,,0,30,,4452,310,,,0,62,,4453,310,,,0,45,,4454,310,,,0,62,,4455,310,,,0,34,,4456,310,,,0,70,,4457,310,,,0,37,,4458,310,,,0,59,,4459,310,,,0,100,,4460,310,,,0,103,,4461,310,,,0,100,,4462,310,,,0,102,,4463,310,,,0,115,,4464,310,,,0,24,,4465,310,,,0,75,,4466,310,,,0,26,,4467,310,,,0,70,,4468,310,,,0,28,,4469,310,,,0,82,,4470,310,,,0,88,,4471,310,,,0,107,,4472,310,,,0,94,,4473,310,,,0,101,,4474,310,,,0
25001,'Week-end-52',724,,4493,310,,,0,99,,4477,310,,,0,30,,4480,310,,,0,99,,4487,310,,,0,70,,4488,310,,,0,101,,4479,310,,,0,30,,4482,310,,,0,100,,4490,310,,,0,70,,4491,310,,,0,100,,4478,310,,,0,29,,4489,310,,,0,100,,4481,310,,,0,71,,4486,310,,,0,101,,4492,310,,,0,30,,4483,310,,,0,100,,4484,310,,,0,70,,4476,310,,,0,101,,4485,310,,,0,30,,4494,310,,,0,101,,4475,310,,,0,70,,4495,310,,,0
31700,'Fête-2-04',700,,5599,280,0,11 23,0,30,,5600,280,0,11 23,0,110,,5601,280,0,11 23,0,290,,5602,280,0,11 23,0,300,,5603,280,0,11 23,0
31700,'Semaine-52',700,,5605,280,0,11 23,0,30,,5606,280,0,11 23,0,110,,5607,280,0,11 23,0,290,,5608,280,0,11 23,0,300,,5609,280,0,11 23,0
31701,'Fête-2-04',1240,,5613,290,4,,0,270,,5618,290,4,,0,100,,5614,290,4,,0,130,,5615,290,4,,0,100,,5616,290,4,,0,475,,5617,290,4,,0
31701,'Semaine-52',1240,,5620,290,4,,0,270,,5625,290,4,,0,100,,5621,290,4,,0,130,,5622,290,4,,0,100,,5623,290,4,,0,475,,5624,290,4,,0
51401,'Fête-2-04',539,,6100,310,,,0,95,,6101,310,,,0,74,,6102,310,,,0
51401,'Semaine-52',539,,6103,310,,,0,95,,6104,310,,,0,74,,6105,310,,,0
