23200,'Fête-1-05',826,,10848,,,0,123,,10852,,,0,101,,10847,,,0,100,,10853,,,0,101,,10846,,,0,101,,10854,,,0,101,,10845,,,0,100,,10855,,,0,98,,10850,,,0,99,,10856,,,0,99,,10849,,,0,100,,10857,,,0,100,,10844,,,0,100,,10858,,,0,99,,10851,,,0
23200,'Fête-2-04',552,,10881,,,0,70,,10882,,,0,28,,10859,,,0,70,,10860,,,0,30,,10861,,,0,70,,10862,,,0,30,,10863,,,0,69,,10864,,,0,100,,10865,,,0,100,,10866,,,0,100,,10867,,,0,100,,10868,,,0,100,,10869,,,0,100,,10870,,,0,106,,10871,,,0,75,,10872,,,0,33,,10873,,,0,67,,10874,,,0,27,,10875,,,0,27,,10876,,,0,71,,10877,,,0,94,,10878,,,0,100,,10879,,,0,100,,10880,,,0
23200,'Semaine-52',552,,10905,,,0,70,,10906,,,0,28,,10883,,,0,70,,10884,,,0,30,,10885,,,0,70,,10886,,,0,30,,10887,,,0,69,,10888,,,0,100,,10889,,,0,100,,10890,,,0,100,,10891,,,0,100,,10892,,,0,100,,10893,,,0,100,,10894,,,0,106,,10895,,,0,75,,10896,,,0,33,,10897,,,0,67,,10898,,,0,27,,10899,,,0,27,,10900,,,0,71,,10901,,,0,94,,10902,,,0,100,,10903,,,0,100,,10904,,,0
23200,'Week-end-52',826,,10911,,,0,123,,10915,,,0,101,,10910,,,0,100,,10916,,,0,101,,10909,,,0,101,,10917,,,0,101,,10908,,,0,100,,10918,,,0,98,,10913,,,0,99,,10919,,,0,99,,10912,,,0,100,,10920,,,0,100,,10907,,,0,100,,10921,,,0,99,,10914,,,0
23501,'Fête-1-05',824,,11092,,,0,100,,11096,,,0,100,,11089,,,0,100,,11090,,,0,101,,11086,,,0,100,,11088,,,0,100,,11087,,,0,100,,11091,,,0,100,,11094,,,0,100,,11099,,,0,100,,11100,,,0,99,,11093,,,0,100,,11095,,,0,100,,11097,,,0,100,,11098,,,0
23501,'Fête-2-04',557,,11101,,,0,100,,11103,,,0,64,,11102,,,0,37,,11105,,,0,70,,11104,,,0,98,,11106,,,0,100,,11107,,,0,100,,11108,,,0,100,,11109,,,0,100,,11110,,,0,100,,11111,,,0,101,,11112,,,0,30,,11114,,,0,70,,11113,,,0,30,,11116,,,0,70,,11115,,,0,30,,11118,,,0,70,,11117,,,0,98,,11119,,,0,100,,11120,,,0,99,,11121,,,0,100,,11122,,,0
23501,'Semaine-52',557,,11123,,,0,100,,11125,,,0,64,,11124,,,0,37,,11127,,,0,70,,11126,,,0,98,,11128,,,0,100,,11129,,,0,100,,11130,,,0,100,,11131,,,0,100,,11132,,,0,100,,11133,,,0,101,,11134,,,0,30,,11136,,,0,70,,11135,,,0,30,,11138,,,0,70,,11137,,,0,30,,11140,,,0,70,,11139,,,0,98,,11141,,,0,100,,11142,,,0,99,,11143,,,0,100,,11144,,,0
23501,'Week-end-52',824,,11151,,,0,100,,11155,,,0,100,,11148,,,0,100,,11149,,,0,101,,11145,,,0,100,,11147,,,0,100,,11146,,,0,100,,11150,,,0,100,,11153,,,0,100,,11158,,,0,100,,11159,,,0,99,,11152,,,0,100,,11154,,,0,100,,11156,,,0,100,,11157,,,0
70900,'Fête-2-04',635,,14393,0,11 12 13,0,79,,14394,0,11 12 13,0,20,,14395,0,11 12 13,0,7,,14396,0,11 12 13,0,59,,14397,0,11 12 13,0,19,,14398,0,11 12 13,0,19,,14399,0,11 12 13,0,13,,14400,0,11 12 13,0,52,,14401,0,11 12 13,0,28,,14402,0,11 12 13,0,19,,14443,0,11 12 13,0,55,,14403,0,11 12 13,0,25,,14442,0,11 12 13,0,28,,14404,0,11 12 13,0,55,,14405,0,11 12 13,0,29,,14406,0,11 12 13,0,15,,14407,0,11 12 13,0,55,,14408,0,11 12 13,0,23,,14409,0,11 12 13,0,71,,14410,0,11 12 13,0,15,,14438,0,11 12 13,0,15,,14441,0,11 12 13,0,15,,14440,0,11 12 13,0,70,,14439,0,11 12 13,0,85,,14437,0,11 12 13,0,15,,14411,0,11 12 13,0,24,,14412,0,11 12 13,0
70900,'Semaine-52',635,,14447,0,11 12 13,0,12,,14505,0,11 12 13,0,67,,14448,0,11 12 13,0,10,,14449,0,11 12 13,0,10,,14450,0,11 12 13,0,7,,14451,0,11 12 13,0,59,,14452,0,11 12 13,0,19,,14453,0,11 12 13,0,10,,14454,0,11 12 13,0,9,,14455,0,11 12 13,0,13,,14456,0,11 12 13,0,52,,14457,0,11 12 13,0,17,,14458,0,11 12 13,0,11,,14459,0,11 12 13,0,19,,14503,0,11 12 13,0,55,,14460,0,11 12 13,0,25,,14502,0,11 12 13,0,15,,14461,0,11 12 13,0,13,,14462,0,11 12 13,0,55,,14463,0,11 12 13,0,29,,14464,0,11 12 13,0,15,,14465,0,11 12 13,0,55,,14466,0,11 12 13,0,23,,14467,0,11 12 13,0,71,,14468,0,11 12 13,0,15,,14498,0,11 12 13,0,15,,14501,0,11 12 13,0,15,,14500,0,11 12 13,0,70,,14499,0,11 12 13,0,85,,14497,0,11 12 13,0,15,,14469,0,11 12 13,0,24,,14470,0,11 12 13,0
