23000,'Fête-1-01',854,,16126,250,4,,0,100,,16127,250,4,,0,102,,16131,250,4,,0,101,,16132,250,4,,0,100,,16133,250,4,,0,100,,16134,250,4,,0,100,,16135,250,4,,0,99,,16137,250,4,,0,100,,16125,250,4,,0,98,,16124,250,4,,0,99,,16136,250,4,,0,100,,16130,250,4,,0,100,,16129,250,4,,0,100,,16128,250,4,,0,100,,16138,250,4,,0
23000,'Semaine-01',627,,16143,250,4,,0,30,,16144,250,4,,0,72,,16145,250,4,,0,30,,16146,250,4,,0,70,,16147,250,4,,0,29,,16148,250,4,,0,100,,16149,250,4,,0,146,,16154,250,4,,0,105,,16155,250,4,,0,110,,16156,250,4,,0,117,,16157,250,4,,0,115,,16158,250,4,,0,75,,16141,250,4,,0,79,,16140,250,4,,0,39,,16139,250,4,,0,70,,16142,250,4,,0,29,,16159,250,4,,0,70,,16153,250,4,,0,99,,16152,250,4,,0,99,,16151,250,4,,0,100,,16150,250,4,,0
23000,'Week-end-01',854,,16162,250,4,,0,100,,16163,250,4,,0,102,,16167,250,4,,0,101,,16168,250,4,,0,100,,16169,250,4,,0,100,,16170,250,4,,0,100,,16171,250,4,,0,99,,16173,250,4,,0,100,,16161,250,4,,0,98,,16160,250,4,,0,99,,16172,250,4,,0,100,,16166,250,4,,0,100,,16165,250,4,,0,100,,16164,250,4,,0,100,,16174,250,4,,0
23001,'Fête-1-01',805,,16176,10,,,0,100,,16188,10,,,0,100,,16177,10,,,0,100,,16182,10,,,0,100,,16189,10,,,0,100,,16183,10,,,0,100,,16184,10,,,0,100,,16185,10,,,0,100,,16187,10,,,0,100,,16180,10,,,0,100,,16181,10,,,0,100,,16186,10,,,0,100,,16179,10,,,0,100,,16178,10,,,0,100,,16175,10,,,0
23001,'Semaine-01',605,,16198,10,,,0,30,,16191,10,,,0,70,,16192,10,,,0,30,,16193,10,,,0,70,,16194,10,,,0,30,,16195,10,,,0,70,,16196,10,,,0,100,,16197,10,,,0,105,,16206,10,,,0,105,,16207,10,,,0,115,,16208,10,,,0,115,,16209,10,,,0,155,,16211,10,,,0,40,,16203,10,,,0,75,,16204,10,,,0,35,,16205,10,,,0,70,,16202,10,,,0,30,,16210,10,,,0,70,,16201,10,,,0,100,,16200,10,,,0,100,,16199,10,,,0,100,,16190,10,,,0
23001,'Week-end-01',805,,16213,10,,,0,100,,16225,10,,,0,100,,16214,10,,,0,100,,16219,10,,,0,100,,16226,10,,,0,100,,16220,10,,,0,100,,16221,10,,,0,100,,16222,10,,,0,100,,16224,10,,,0,100,,16217,10,,,0,100,,16218,10,,,0,100,,16223,10,,,0,100,,16216,10,,,0,100,,16215,10,,,0,100,,16212,10,,,0
23500,'Fête-1-01',857,,16399,350,4,,0,100,,16395,350,4,,0,100,,16400,350,4,,0,101,,16401,350,4,,0,100,,16404,350,4,,0,100,,16402,350,4,,0,100,,16403,350,4,,0,98,,16397,350,4,,0,100,,16398,350,4,,0,100,,16396,350,4,,0,100,,16391,350,4,,0,100,,16393,350,4,,0,100,,16394,350,4,,0,100,,16392,350,4,,0,100,,16405,350,4,,0
23500,'Semaine-01',628,,16407,350,4,,0,20,,16406,350,4,,0,81,,16409,350,4,,0,25,,16408,350,4,,0,75,,16411,350,4,,0,30,,16410,350,4,,0,141,,16412,350,4,,0,100,,16413,350,4,,0,100,,16414,350,4,,0,100,,16415,350,4,,0,100,,16416,350,4,,0,101,,16417,350,4,,0,114,,16418,350,4,,0,40,,16420,350,4,,0,73,,16419,350,4,,0,75,,16421,350,4,,0,30,,16423,350,4,,0,72,,16422,350,4,,0,98,,16424,350,4,,0,100,,16425,350,4,,0,99,,16426,350,4,,0,101,,16427,350,4,,0
23500,'Week-end-01',857,,16436,350,4,,0,100,,16432,350,4,,0,100,,16437,350,4,,0,101,,16438,350,4,,0,100,,16441,350,4,,0,100,,16439,350,4,,0,100,,16440,350,4,,0,98,,16434,350,4,,0,100,,16435,350,4,,0,100,,16433,350,4,,0,100,,16428,350,4,,0,100,,16430,350,4,,0,100,,16431,350,4,,0,100,,16429,350,4,,0,100,,16442,350,4,,0
23501,'Fête-1-01',805,,16449,10,,,0,100,,16453,10,,,0,100,,16446,10,,,0,100,,16447,10,,,0,100,,16443,10,,,0,100,,16445,10,,,0,100,,16444,10,,,0,100,,16448,10,,,0,100,,16451,10,,,0,100,,16456,10,,,0,100,,16457,10,,,0,100,,16450,10,,,0,100,,16452,10,,,0,100,,16454,10,,,0,100,,16455,10,,,0
23501,'Semaine-01',535,,16458,10,,,0,20,,16479,10,,,0,80,,16460,10,,,0,20,,16459,10,,,0,80,,16462,10,,,0,65,,16461,10,,,0,105,,16463,10,,,0,100,,16464,10,,,0,100,,16465,10,,,0,100,,16466,10,,,0,100,,16467,10,,,0,100,,16468,10,,,0,105,,16469,10,,,0,35,,16471,10,,,0,75,,16470,10,,,0,85,,16472,10,,,0,30,,16474,10,,,0,75,,16473,10,,,0,100,,16475,10,,,0,100,,16476,10,,,0,100,,16477,10,,,0,100,,16478,10,,,0
23501,'Week-end-01',805,,16486,10,,,0,100,,16490,10,,,0,100,,16483,10,,,0,100,,16484,10,,,0,100,,16480,10,,,0,100,,16482,10,,,0,100,,16481,10,,,0,100,,16485,10,,,0,100,,16488,10,,,0,100,,16493,10,,,0,100,,16494,10,,,0,100,,16487,10,,,0,100,,16489,10,,,0,100,,16491,10,,,0,100,,16492,10,,,0
