23001,'Fête-1-01',814,,16176,180,,,0,101,,16188,180,,,0,100,,16177,180,,,0,101,,16182,180,,,0,102,,16189,180,,,0,100,,16183,180,,,0,100,,16184,180,,,0,99,,16185,180,,,0,100,,16187,180,,,0,99,,16180,180,,,0,100,,16181,180,,,0,98,,16186,180,,,0,99,,16179,180,,,0,100,,16178,180,,,0,100,,16175,180,,,0
23001,'Semaine-01',615,,16198,180,,,0,33,,16191,180,,,0,70,,16192,180,,,0,31,,16193,180,,,0,70,,16194,180,,,0,30,,16195,180,,,0,70,,16196,180,,,0,100,,16197,180,,,0,105,,16206,180,,,0,107,,16207,180,,,0,115,,16208,180,,,0,155,,16209,180,,,0,116,,16211,180,,,0,39,,16203,180,,,0,72,,16204,180,,,0,75,,16205,180,,,0,30,,16202,180,,,0,69,,16210,180,,,0,29,,16201,180,,,0,100,,16200,180,,,0,100,,16199,180,,,0,99,,16190,180,,,0
23001,'Week-end-01',814,,16213,180,,,0,101,,16225,180,,,0,100,,16214,180,,,0,101,,16219,180,,,0,102,,16226,180,,,0,100,,16220,180,,,0,100,,16221,180,,,0,99,,16222,180,,,0,100,,16224,180,,,0,99,,16217,180,,,0,100,,16218,180,,,0,98,,16223,180,,,0,99,,16216,180,,,0,100,,16215,180,,,0,100,,16212,180,,,0
23200,'Fête-1-01',912,,16288,60,,,0,100,,16283,60,,,0,100,,16289,60,,,0,100,,16282,60,,,0,100,,16290,60,,,0,100,,16281,60,,,0,100,,16291,60,,,0,100,,16286,60,,,0,100,,16292,60,,,0,100,,16285,60,,,0,100,,16293,60,,,0,100,,16280,60,,,0,100,,16294,60,,,0,100,,16287,60,,,0
23200,'Semaine-01',607,,16295,60,,,0,26,,16296,60,,,0,74,,16297,60,,,0,28,,16298,60,,,0,72,,16299,60,,,0,34,,16300,60,,,0,99,,16301,60,,,0,100,,16302,60,,,0,100,,16303,60,,,0,100,,16304,60,,,0,101,,16305,60,,,0,100,,16306,60,,,0,101,,16307,60,,,0,75,,16308,60,,,0,32,,16309,60,,,0,96,,16310,60,,,0,68,,16311,60,,,0,36,,16312,60,,,0,95,,16313,60,,,0,95,,16314,60,,,0,100,,16315,60,,,0
23200,'Week-end-01',912,,16326,60,,,0,100,,16321,60,,,0,100,,16327,60,,,0,100,,16320,60,,,0,100,,16328,60,,,0,100,,16319,60,,,0,100,,16329,60,,,0,100,,16324,60,,,0,100,,16330,60,,,0,100,,16323,60,,,0,100,,16331,60,,,0,100,,16318,60,,,0,100,,16332,60,,,0,100,,16325,60,,,0
23701,'Fête-1-01',908,,16556,70,,,0,98,,16547,70,,,0,100,,16553,70,,,0,100,,16555,70,,,0,100,,16544,70,,,0,100,,16546,70,,,0,100,,16545,70,,,0,100,,16552,70,,,0,100,,16548,70,,,0,100,,16550,70,,,0,100,,16551,70,,,0,101,,16554,70,,,0,100,,16549,70,,,0,100,,16557,70,,,0
23701,'Semaine-01',559,,16576,70,,,0,76,,16559,70,,,0,20,,16577,70,,,0,84,,16572,70,,,0,90,,16560,70,,,0,107,,16574,70,,,0,104,,16573,70,,,0,100,,16561,70,,,0,100,,16562,70,,,0,100,,16563,70,,,0,100,,16564,70,,,0,97,,16565,70,,,0,169,,16569,70,,,0,36,,16566,70,,,0,117,,16570,70,,,0,145,,16567,70,,,0,100,,16571,70,,,0,108,,16568,70,,,0
23701,'Week-end-01',908,,16590,70,,,0,98,,16581,70,,,0,100,,16587,70,,,0,100,,16589,70,,,0,100,,16578,70,,,0,100,,16580,70,,,0,100,,16579,70,,,0,100,,16586,70,,,0,100,,16582,70,,,0,100,,16584,70,,,0,100,,16585,70,,,0,101,,16588,70,,,0,100,,16583,70,,,0,100,,16591,70,,,0
23801,'Fête-1-01',840,,16601,60,,,0,100,,16604,60,,,0,100,,16605,60,,,0,100,,16598,60,,,0,100,,16606,60,,,0,100,,16596,60,,,0,100,,16595,60,,,0,100,,16594,60,,,0,100,,16593,60,,,0,100,,16600,60,,,0,100,,16599,60,,,0,100,,16602,60,,,0,98,,16603,60,,,0,100,,16597,60,,,0,100,,16607,60,0,8 39 1 40,0
23801,'Semaine-01',611,,16625,60,,,0,22,,16626,60,,,0,78,,16627,60,,,0,22,,16628,60,,,0,99,,16629,60,,,0,109,,16609,60,,,0,100,,16610,60,,,0,100,,16611,60,,,0,100,,16612,60,,,0,100,,16613,60,,,0,100,,16614,60,,,0,100,,16615,60,,,0,78,,16616,60,,,0,32,,16617,60,,,0,74,,16631,60,,,0,31,,16618,60,,,0,75,,16630,60,,,0,70,,16632,60,0,8 39 1 40,0,40,,16619,60,,,0,100,,16622,60,,,0,100,,16621,60,,,0,105,,16620,60,0,8 39 1 40,0
23801,'Week-end-01',840,,16641,60,,,0,100,,16644,60,,,0,100,,16645,60,,,0,100,,16638,60,,,0,100,,16646,60,,,0,100,,16636,60,,,0,100,,16635,60,,,0,100,,16634,60,,,0,100,,16633,60,,,0,100,,16640,60,,,0,100,,16639,60,,,0,100,,16642,60,,,0,98,,16643,60,,,0,100,,16637,60,,,0,100,,16647,60,0,8 39 1 40,0
70901,'Fête-1-01',555,,18387,70,,,0,70,,18388,70,,,0,29,,18389,70,,,0,70,,18390,70,,,0,30,,18391,70,,,0,55,,18392,70,,,0,30,,18393,70,,,0,70,,18394,70,,,0,30,,18395,70,,,0,70,,18396,70,,,0,30,,18397,70,,,0,70,,18398,70,,,0,30,,18399,70,,,0,70,,18400,70,,,0,30,,18401,70,,,0,70,,18402,70,,,0,30,,18403,70,,,0,70,,18404,70,,,0,30,,18405,70,,,0,70,,18406,70,,,0,30,,18407,70,,,0,70,,18408,70,,,0,30,,18409,70,,,0,70,,18410,70,,,0,30,,18411,70,,,0,70,,18412,70,,,0,31,,18413,70,,,0,70,,18414,70,,,0,30,,18415,70,,,0,71,,18416,70,,,0,30,,18417,70,,,0,70,,18418,70,,,0,30,,18419,70,,,0,71,,18420,70,,,0,30,,18421,70,,,0,70,,18422,70,,,0,111,,18423,70,,,0
70901,'Semaine-01',425,,18427,70,,,0,30,,18469,70,,,0,60,,18425,70,,,0,10,,18424,70,,,0,20,,18426,70,,,0,60,,18428,70,,,0,20,,18429,70,,,0,25,,18430,70,,,0,51,,18431,70,,,0,20,,18432,70,,,0,10,,18433,70,,,0,10,,18434,70,,,0,60,,18435,70,,,0,10,,18436,70,,,0,15,,18437,70,,,0,15,,18439,70,,,0,15,,18475,70,,,0,55,,18438,70,,,0,30,,18440,70,,,0,15,,18441,70,,,0,62,,18442,100,,,0,30,,18443,100,,,0,55,,18444,100,,,0,15,,18445,100,,,0,15,,18446,100,,,0,15,,18478,100,,,0,55,,18447,100,,,0,15,,18479,100,,,0,30,,18448,100,,,0,55,,18449,100,,,0,15,,18450,100,,,0,30,,18470,100,,,0,70,,18471,100,,,0,30,,18472,100,,,0,55,,18473,100,,,0,15,,18474,100,,,0,85,,18452,100,,,0,15,,18451,100,,,0,30,,18453,100,,,0,55,,18454,100,,,0,25,,18455,100,,,0,15,,18476,100,,,0,15,,18477,100,,,0,55,,18456,100,,,0,20,,18457,100,,,0,15,,18458,100,,,0,55,,18459,100,,,0,23,,18460,70,,,0,30,,18461,70,,,0,55,,18462,70,,,0,29,,18463,70,,,0,70,,18464,70,,,0,30,,18465,70,,,0,85,,18466,70,,,0,100,,18467,70,,,0,108,,18468,70,,,0
70901,'Week-end-01',555,,18480,70,,,0,70,,18481,70,,,0,29,,18482,70,,,0,70,,18483,70,,,0,30,,18484,70,,,0,55,,18485,70,,,0,30,,18486,70,,,0,70,,18487,70,,,0,30,,18488,70,,,0,70,,18489,70,,,0,30,,18490,70,,,0,70,,18491,70,,,0,30,,18492,70,,,0,70,,18493,70,,,0,30,,18494,70,,,0,70,,18495,70,,,0,30,,18496,70,,,0,70,,18497,70,,,0,30,,18498,70,,,0,70,,18499,70,,,0,30,,18500,70,,,0,70,,18501,70,,,0,30,,18502,70,,,0,70,,18503,70,,,0,30,,18504,70,,,0,70,,18505,70,,,0,31,,18506,70,,,0,70,,18507,70,,,0,30,,18508,70,,,0,71,,18509,70,,,0,30,,18510,70,,,0,70,,18511,70,,,0,30,,18512,70,,,0,71,,18513,70,,,0,30,,18514,70,,,0,70,,18515,70,,,0,111,,18516,70,,,0
