25001,'Fête-1-05',716,,4425,160,,,0,99,,4409,160,,,0,30,,4412,160,,,0,99,,4419,160,,,0,70,,4420,160,,,0,101,,4411,160,,,0,30,,4414,160,,,0,100,,4422,160,,,0,70,,4423,160,,,0,100,,4410,160,,,0,29,,4421,160,,,0,100,,4413,160,,,0,71,,4418,160,,,0,101,,4424,160,,,0,30,,4415,160,,,0,100,,4416,160,,,0,70,,4408,160,,,0,101,,4417,160,,,0,30,,4426,160,,,0,101,,4407,160,,,0,70,,4427,160,,,0
25001,'Fête-2-04',541,,4428,160,,,0,65,,4429,160,,,0,28,,4430,160,,,0,21,,4431,160,,,0,85,,4432,160,,,0,96,,4433,160,,,0,72,,4434,160,,,0,96,,4435,160,,,0,100,,4436,160,,,0,103,,4437,160,,,0,100,,4438,160,,,0,102,,4439,160,,,0,115,,4440,160,,,0,99,,4441,160,,,0,26,,4442,160,,,0,70,,4443,160,,,0,28,,4444,160,,,0,83,,4445,160,,,0,87,,4446,160,,,0,108,,4447,160,,,0,93,,4448,160,,,0,101,,4449,160,,,0
25001,'Semaine-52',541,,4450,160,,,0,64,,4451,160,,,0,29,,4452,160,,,0,21,,4453,160,,,0,85,,4454,160,,,0,62,,4455,160,,,0,34,,4456,160,,,0,72,,4457,160,,,0,37,,4458,160,,,0,59,,4459,160,,,0,100,,4460,160,,,0,103,,4461,160,,,0,100,,4462,160,,,0,102,,4463,160,,,0,115,,4464,160,,,0,24,,4465,160,,,0,75,,4466,160,,,0,26,,4467,160,,,0,70,,4468,160,,,0,28,,4469,160,,,0,82,,4470,160,,,0,88,,4471,160,,,0,107,,4472,160,,,0,94,,4473,160,,,0,101,,4474,160,,,0
25001,'Week-end-52',716,,4493,160,,,0,99,,4477,160,,,0,30,,4480,160,,,0,99,,4487,160,,,0,70,,4488,160,,,0,101,,4479,160,,,0,30,,4482,160,,,0,100,,4490,160,,,0,70,,4491,160,,,0,100,,4478,160,,,0,29,,4489,160,,,0,100,,4481,160,,,0,71,,4486,160,,,0,101,,4492,160,,,0,30,,4483,160,,,0,100,,4484,160,,,0,70,,4476,160,,,0,101,,4485,160,,,0,30,,4494,160,,,0,101,,4475,160,,,0,70,,4495,160,,,0
31700,'Fête-2-04',653,,5599,120,0,11 23,0,70,,5600,120,0,11 23,0,110,,5601,120,0,11 23,0,290,,5602,120,0,11 23,0,300,,5603,120,0,11 23,0
31700,'Semaine-52',653,,5605,120,0,11 23,0,70,,5606,120,0,11 23,0,110,,5607,120,0,11 23,0,290,,5608,120,0,11 23,0,300,,5609,120,0,11 23,0
31701,'Fête-2-04',1233,,5613,130,0,24,0,270,,5618,130,0,24,0,100,,5614,130,0,24,0,130,,5615,130,0,24,0,100,,5616,130,0,24,0,475,,5617,130,0,24,0
31701,'Semaine-52',1233,,5620,130,0,24,0,270,,5625,130,0,24,0,100,,5621,130,0,24,0,130,,5622,130,0,24,0,100,,5623,130,0,24,0,475,,5624,130,0,24,0
51401,'Fête-2-04',531,,6100,160,,,0,95,,6101,160,,,0,74,,6102,160,,,0
51401,'Semaine-52',531,,6103,160,,,0,95,,6104,160,,,0,74,,6105,160,,,0
