22501,'Fête-1-01',849,,15970,20,,,0,200,,15971,20,,,0,200,,15972,20,,,0,200,,15973,20,,,0,200,,15974,20,,,0,200,,15975,20,,,0,200,,15976,20,,,0
22501,'Semaine-01',549,,15978,20,,,0,70,,15979,20,,,0,30,,15980,20,,,0,80,,15981,20,,,0,80,,15982,20,,,0,40,,15983,20,,,0,100,,15984,20,,,0,100,,15985,20,,,0,100,,15986,20,,,0,100,,15987,20,,,0,100,,15988,20,,,0,100,,15989,20,,,0,100,,15990,20,,,0,90,,15991,20,,,0,80,,15992,20,,,0,40,,15993,20,,,0,75,,15994,20,,,0,70,,15995,20,,,0,45,,15996,20,,,0,100,,15997,20,,,0,100,,15998,20,,,0
22501,'Week-end-01',849,,15999,20,,,0,200,,16000,20,,,0,200,,16001,20,,,0,200,,16002,20,,,0,200,,16003,20,,,0,200,,16004,20,,,0,200,,16005,20,,,0
22701,'Fête-1-01',849,,16046,20,,,0,200,,16047,20,,,0,200,,16048,20,,,0,200,,16049,20,,,0,200,,16050,20,,,0,200,,16051,20,,,0,200,,16052,20,,,0
22701,'Semaine-01',549,,16055,20,,,0,70,,16056,20,,,0,30,,16057,20,,,0,80,,16058,20,,,0,80,,16059,20,,,0,40,,16060,20,,,0,100,,16061,20,,,0,100,,16062,20,,,0,100,,16063,20,,,0,100,,16064,20,,,0,100,,16065,20,,,0,100,,16066,20,,,0,100,,16067,20,,,0,90,,16068,20,,,0,80,,16069,20,,,0,40,,16070,20,,,0,75,,16071,20,,,0,70,,16072,20,,,0,45,,16073,20,,,0,100,,16074,20,,,0,100,,16075,20,,,0,100,,16076,20,0,8 14 1 15 16 17,0
22701,'Week-end-01',849,,16077,20,,,0,200,,16078,20,,,0,200,,16079,20,,,0,200,,16080,20,,,0,200,,16081,20,,,0,200,,16082,20,,,0,200,,16083,20,,,0
22800,'Fête-1-01',749,,16091,20,,,0,200,,16088,20,,,0,200,,16089,20,,,0,200,,16084,20,,,0,200,,16086,20,,,0,200,,16090,20,,,0,200,,16087,20,,,0,200,,16085,20,0,8 14 1 18 19,0
22800,'Semaine-01',604,,16093,20,,,0,30,,16094,20,,,0,75,,16095,20,,,0,40,,16096,20,,,0,80,,16097,20,,,0,90,,16098,20,,,0,100,,16099,20,,,0,100,,16100,20,,,0,100,,16101,20,,,0,100,,16102,20,,,0,100,,16103,20,,,0,100,,16104,20,,,0,100,,16105,20,,,0,40,,16106,20,,,0,80,,16107,20,,,0,80,,16108,20,,,0,30,,16109,20,,,0,70,,16110,20,,,0,100,,16111,20,,,0,100,,16112,20,,,0,100,,16113,20,,,0,100,,16114,20,0,8 14 1 18 19,0
22800,'Week-end-01',749,,16123,20,,,0,200,,16120,20,,,0,200,,16121,20,,,0,200,,16116,20,,,0,200,,16118,20,,,0,200,,16122,20,,,0,200,,16119,20,,,0,200,,16117,20,0,8 14 1 18 19,0
70801,'Fête-1-01',625,,18190,20,,,0,99,,18206,20,,,0,34,,18191,20,,,0,100,,18192,20,,,0,91,,18193,20,,,0,100,,18194,20,,,0,100,,18195,20,,,0,100,,18196,20,,,0,100,,18197,20,,,0,100,,18198,20,,,0,100,,18199,20,,,0,100,,18200,20,,,0,100,,18201,20,,,0,100,,18202,20,,,0,101,,18203,20,,,0,100,,18204,20,,,0,100,,18205,20,,,0,80,,18188,20,,,0,118,,18189,20,,,0
70801,'Semaine-01',435,,18207,20,,,0,69,,18208,20,,,0,45,,18209,20,,,0,70,,18210,20,,,0,30,,18211,20,,,0,70,,18212,20,,,0,30,,18213,20,,,0,70,,18214,20,,,0,30,,18215,20,,,0,100,,18216,20,,,0,100,,18217,20,,,0,100,,18218,20,,,0,100,,18219,20,,,0,100,,18220,20,,,0,100,,18221,20,,,0,100,,18222,20,,,0,70,,18223,20,,,0,30,,18224,20,,,0,70,,18225,20,,,0,30,,18226,20,,,0,70,,18227,20,,,0,30,,18228,20,,,0,100,,18229,20,,,0,100,,18230,20,,,0,100,,18231,20,,,0,100,,18232,20,,,0,96,,18233,20,,,0,100,,18239,20,,,0
70801,'Week-end-01',625,,18242,20,,,0,99,,18258,20,,,0,34,,18243,20,,,0,100,,18244,20,,,0,91,,18245,20,,,0,100,,18246,20,,,0,100,,18247,20,,,0,100,,18248,20,,,0,100,,18249,20,,,0,100,,18250,20,,,0,100,,18251,20,,,0,100,,18252,20,,,0,100,,18253,20,,,0,100,,18254,20,,,0,101,,18255,20,,,0,100,,18256,20,,,0,100,,18257,20,,,0,80,,18240,20,,,0,118,,18241,20,,,0
