'LA-A24-LAGTFS-Dimanche-04',10500,82900,,'',0,10000,,'',0,10000,,'',0,10000,,'',0,10000,,'',0,10000,,'',0,10000,,'',0,10000,,'',0,10000,,'',0,10000,,'',0,10000,,'',0,10000,,'',0,10000,,'',0,10000,,'',0,10000,,'',0
'LA-A24-LAGTFS-Dimanche-04',10501,82400,4,'',0,9100,4,'',0,10000,4,'',0,10100,4,'',0,10100,4,'',0,10000,4,'',0,10000,4,'',0,10000,4,'',0,10000,4,'',0,9900,4,'',0,9900,4,'',0,9900,4,'',0,10000,4,'',0,10000,4,'',0,10000,4,'',0
'LA-A24-LAGTFS-Fête-1-03',10500,82900,,'',0,10000,,'',0,10000,,'',0,10000,,'',0,10000,,'',0,10000,,'',0,10000,,'',0,10000,,'',0,10000,,'',0,10000,,'',0,10000,,'',0,10000,,'',0,10000,,'',0,10000,,'',0,10000,,'',0
'LA-A24-LAGTFS-Fête-1-03',10501,82400,4,'',0,9100,4,'',0,10000,4,'',0,10100,4,'',0,10100,4,'',0,10000,4,'',0,10000,4,'',0,10000,4,'',0,10000,4,'',0,9900,4,'',0,9900,4,'',0,9900,4,'',0,10000,4,'',0,10000,4,'',0,10000,4,'',0
'LA-A24-LAGTFS-Samedi-04',10500,82900,,'',0,10000,,'',0,10000,,'',0,10000,,'',0,10000,,'',0,10000,,'',0,10000,,'',0,10000,,'',0,10000,,'',0,10000,,'',0,10000,,'',0,10000,,'',0,10000,,'',0,10000,,'',0,10000,,'',0
'LA-A24-LAGTFS-Samedi-04',10501,82400,4,'',0,9100,4,'',0,10000,4,'',0,10100,4,'',0,10100,4,'',0,10000,4,'',0,10000,4,'',0,10000,4,'',0,10000,4,'',0,9900,4,'',0,9900,4,'',0,9900,4,'',0,10000,4,'',0,10000,4,'',0,10000,4,'',0
'LA-A24-LAGTFS-Semaine-04',10500,61700,,'',0,2000,,'',0,7500,,'',0,2100,,'',0,7500,,'',0,2800,,'',0,9400,,'',0,10000,,'',0,10000,,'',0,10000,,'',0,10000,,'',0,10000,,'',0,10000,,'',0,7500,,'',0,3800,,'',0,7400,,'',0,2300,,'',0,7500,,'',0,2600,,'',0,7500,,'',0,9900,,'',0,10000,,'',0,10000,,'',0
'LA-A24-LAGTFS-Semaine-04',10501,60300,4,'',0,2700,4,'',0,7300,4,'',0,2000,4,'',0,7800,4,'',0,2100,4,'',0,10200,4,'',0,9400,4,'',0,10000,4,'',0,10200,4,'',0,10000,4,'',0,10000,4,'',0,10000,4,'',0,8000,4,'',0,2200,4,'',0,3700,4,'',0,7600,4,'',0,7400,4,'',0,2200,4,'',0,7200,4,'',0,10000,4,'',0,9900,4,'',0,10200,4,'',0
'LA-A24-LAGTFS-Semaine-50',10500,63900,,'',0,9900,,'',0,9100,,'',0,10000,,'',0,10000,,'',0,10000,,'',0,10000,,'',0,10000,,'',0,10000,,'',0,10000,,'',0,10000,,'',0,10000,,'',0,10000,,'',0,10000,,'',0,10000,,'',0,10000,,'',0,10000,,'',0
'LA-A24-LAGTFS-Semaine-50',10501,63000,4,'',0,9500,4,'',0,9900,4,'',0,9100,4,'',0,10000,4,'',0,10100,4,'',0,10100,4,'',0,10000,4,'',0,10000,4,'',0,10000,4,'',0,10000,4,'',0,9900,4,'',0,9900,4,'',0,9900,4,'',0,10000,4,'',0,10000,4,'',0,10000,4,'',0
