24001,'Semaine-01',535,,16706,20,,,0,24,,16707,20,,,0,74,,16708,20,,,0,23,,16709,20,,,0,103,,16710,20,,,0,142,,16711,20,,,0,100,,16712,20,,,0,100,,16713,20,,,0,100,,16714,20,,,0,100,,16715,20,,,0,100,,16716,20,,,0,107,,16717,20,,,0,111,,16718,20,,,0,100,,16719,20,,,0,28,,16720,20,,,0,71,,16721,20,,,0,33,,16722,20,,,0,97,,16723,20,,,0,68,,16724,20,,,0,99,,16725,20,,,0,98,,16726,20,,,0,97,,16727,20,,,0
24300,'Semaine-01',625,,16806,20,,,0,22,,16807,20,,,0,88,,16808,20,,,0,18,,16809,20,,,0,88,,16810,20,,,0,14,,16811,20,,,0,145,,16812,20,,,0,100,,16813,20,,,0,100,,16814,20,,,0,100,,16815,20,,,0,100,,16816,20,,,0,110,,16817,20,,,0,40,,16818,20,,,0,75,,16819,20,,,0,85,,16820,20,,,0,30,,16821,20,,,0,77,,16822,20,,,0,35,,16823,20,,,0,73,,16824,20,,,0,84,,16825,20,,,0,102,,16826,20,,,0,100,,16827,20,,,0,100,,16803,20,0,8 9 1 10,0
24601,'Semaine-01',526,,16837,20,,,0,86,,16836,20,,,0,88,,16835,20,,,0,50,,16834,20,,,0,93,,16833,20,,,0,698,,16832,20,,,0,91,,16831,20,,,0,93,,16830,20,,,0,93,,16829,20,,,0,89,,16828,20,,,0
24700,'Fête-1-01',806,,16844,20,,,0,130,,16838,20,,,0,170,,16840,20,,,0,130,,16845,20,,,0,170,,16846,20,,,0,130,,16841,20,,,0,170,,16839,20,,,0,130,,16842,20,,,0,170,,16843,20,,,0
24700,'Semaine-01',635,,16852,20,,,0,82,,16853,20,,,0,103,,16854,20,,,0,186,,16860,20,,,0,130,,16861,20,,,0,170,,16858,20,,,0,130,,16859,20,,,0,71,,16847,20,,,0,112,,16848,20,,,0,92,,16849,20,,,0,107,,16850,20,,,0,33,,16851,20,,,0,161,,16855,20,,,0,129,,16856,20,,,0,170,,16857,20,,,0
24700,'Week-end-01',806,,16868,20,,,0,130,,16862,20,,,0,170,,16864,20,,,0,130,,16869,20,,,0,170,,16870,20,,,0,130,,16865,20,,,0,170,,16863,20,,,0,130,,16866,20,,,0,170,,16867,20,,,0
24900,'Fête-1-01',805,,16916,20,0,5,0,130,,16917,20,0,5,0,170,,16926,20,0,5,0,130,,16918,20,0,5,0,170,,16919,20,0,5,0,130,,16920,20,0,5,0,170,,16921,20,0,5,0,130,,16922,20,0,5,0,170,,16923,20,0,5,0,130,,16924,20,0,5,0,170,,16925,20,0,5,0
24900,'Semaine-01',636,,16928,20,,,0,65,,16929,20,,,0,33,,16930,20,,,0,98,,16931,20,,,0,174,,16932,20,,,0,100,,16933,20,,,0,100,,16934,20,,,0,100,,16935,20,,,0,100,,16936,20,,,0,106,,16937,20,,,0,35,,16938,20,,,0,73,,16939,20,,,0,92,,16940,20,,,0,32,,16941,20,,,0,76,,16942,20,,,0,91,,16943,20,,,0,100,,16944,20,,,0,100,,16945,20,,,0,100,,16946,20,,,0,100,,16927,20,,,0
24900,'Week-end-01',805,,16947,20,0,5,0,130,,16948,20,0,5,0,170,,16957,20,0,5,0,130,,16949,20,0,5,0,170,,16950,20,0,5,0,130,,16951,20,0,5,0,170,,16952,20,0,5,0,130,,16953,20,0,5,0,170,,16954,20,0,5,0,130,,16955,20,0,5,0,170,,16956,20,0,5,0
25000,'Fête-1-01',806,,17002,20,,,0,100,,17000,20,,,0,30,,17003,20,,,0,100,,17004,20,,,0,70,,17005,20,,,0,100,,17001,20,,,0,30,,17018,20,,,0,100,,17013,20,,,0,70,,17016,20,,,0,100,,17019,20,,,0,30,,17010,20,,,0,100,,17009,20,,,0,70,,17011,20,,,0,100,,17012,20,,,0,30,,17017,20,,,0,100,,17007,20,,,0,70,,17020,20,,,0,100,,17014,20,,,0,30,,17006,20,,,0,100,,17015,20,,,0,70,,17008,20,,,0
25000,'Semaine-01',634,,17021,20,,,0,23,,17022,20,,,0,73,,17023,20,,,0,25,,17024,20,,,0,82,,17025,20,,,0,164,,17026,20,,,0,100,,17027,20,,,0,100,,17028,20,,,0,100,,17029,20,,,0,100,,17030,20,,,0,105,,17031,20,,,0,50,,17032,20,,,0,63,,17033,20,,,0,98,,17034,20,,,0,27,,17035,20,,,0,72,,17036,20,,,0,35,,17037,20,,,0,70,,17038,20,,,0,90,,17039,20,,,0,104,,17040,20,,,0,96,,17041,20,,,0,100,,17042,20,,,0
25000,'Week-end-01',806,,17045,20,,,0,100,,17043,20,,,0,30,,17046,20,,,0,100,,17047,20,,,0,70,,17048,20,,,0,100,,17044,20,,,0,30,,17061,20,,,0,100,,17056,20,,,0,70,,17059,20,,,0,100,,17062,20,,,0,30,,17053,20,,,0,100,,17052,20,,,0,70,,17054,20,,,0,100,,17055,20,,,0,30,,17060,20,,,0,100,,17050,20,,,0,70,,17063,20,,,0,100,,17057,20,,,0,30,,17049,20,,,0,100,,17058,20,,,0,70,,17051,20,,,0
25100,'Fête-1-01',806,,17143,20,,,0,100,,17141,20,,,0,100,,17144,20,,,0,100,,17140,20,,,0,100,,17139,20,,,0,100,,17142,20,,,0,100,,17135,20,,,0,100,,17138,20,,,0,100,,17134,20,,,0,100,,17136,20,,,0,100,,17132,20,,,0,100,,17137,20,,,0,100,,17129,20,,,0,100,,17130,20,,,0,100,,17131,20,,,0,100,,17133,20,0,8 27 76,0
25100,'Semaine-01',901,,17146,20,,,0,100,,17145,20,,,0,100,,17154,20,,,0,100,,17150,20,,,0,100,,17153,20,,,0,100,,17148,20,,,0,615,,17151,20,,,0,97,,17149,20,,,0,98,,17147,20,,,0,100,,17152,20,0,8 27 76,0
25100,'Week-end-01',806,,17170,20,,,0,100,,17168,20,,,0,100,,17171,20,,,0,100,,17167,20,,,0,100,,17166,20,,,0,100,,17169,20,,,0,100,,17162,20,,,0,100,,17165,20,,,0,100,,17161,20,,,0,100,,17163,20,,,0,100,,17159,20,,,0,100,,17164,20,,,0,100,,17156,20,,,0,100,,17157,20,,,0,100,,17158,20,,,0,100,,17160,20,0,8 27 76,0
25201,'Semaine-01',605,,17180,20,,,0,38,,17172,20,,,0,76,,17186,20,,,0,36,,17184,20,,,0,73,,17181,20,,,0,678,,17182,20,,,0,40,,17178,20,,,0,73,,17175,20,,,0,31,,17177,20,,,0,71,,17183,20,,,0,30,,17173,20,,,0,69,,17185,20,,,0,31,,17179,20,,,0,69,,17176,20,,,0,28,,17174,20,,,0
60000,'Fête-1-01',734,,17892,730,,,0,100,,17891,730,,,0,100,,17890,730,,,0,100,,17889,730,,,0,100,,17888,730,,,0,100,,17887,730,,,0,100,,17886,730,,,0,100,,17885,730,,,0,100,,17884,730,,,0,100,,17883,730,,,0,100,,17882,730,,,0,100,,17881,730,,,0,100,,17880,730,,,0,100,,17879,730,,,0,100,,17878,730,,,0,100,,17876,730,,,0,88,,17877,730,,,0
60000,'Semaine-01',704,,17899,730,,,0,36,,17901,730,,,0,70,,17903,730,,,0,30,,17905,730,,,0,70,,17907,730,,,0,30,,17908,730,,,0,94,,17909,730,,,0,100,,17910,730,,,0,170,,17911,730,,,0,100,,17912,730,,,0,130,,17913,730,,,0,101,,17896,730,,,0,70,,17895,730,,,0,30,,17894,730,,,0,100,,17893,730,,,0,99,,17906,730,,,0,100,,17904,730,,,0,100,,17902,730,,,0,96,,17900,730,,,0,104,,17898,730,,,0
60000,'Week-end-01',734,,17930,730,,,0,100,,17929,730,,,0,100,,17928,730,,,0,100,,17927,730,,,0,100,,17926,730,,,0,100,,17925,730,,,0,100,,17924,730,,,0,100,,17923,730,,,0,100,,17922,730,,,0,100,,17921,730,,,0,100,,17920,730,,,0,100,,17919,730,,,0,100,,17918,730,,,0,100,,17917,730,,,0,100,,17916,730,,,0,100,,17914,730,,,0,88,,17915,730,,,0
70900,'Fête-1-01',636,,18259,100,,,0,65,,18260,100,,,0,15,,18261,100,,,0,30,,18262,100,,,0,70,,18263,100,,,0,30,,18264,100,,,0,70,,18265,100,,,0,30,,18266,100,,,0,70,,18267,100,,,0,30,,18268,100,,,0,70,,18269,100,,,0,30,,18270,100,,,0,70,,18271,100,,,0,30,,18272,100,,,0,70,,18273,100,,,0,30,,18274,100,,,0,70,,18275,100,,,0,30,,18276,100,,,0,70,,18277,100,,,0,30,,18278,100,,,0,70,,18279,100,,,0,30,,18280,100,,,0,70,,18281,100,,,0,30,,18282,100,,,0,70,,18283,100,,,0,30,,18284,100,,,0,70,,18285,100,,,0,30,,18286,100,,,0,70,,18287,100,,,0,30,,18288,100,,,0,70,,18289,100,,,0,30,,18290,100,,,0,70,,18291,100,,,0,20,,18292,100,,,0,70,,18293,100,,,0,30,,18294,100,,,0,70,,18295,100,,,0,30,,18296,100,,,0,109,,18297,100,,,0
70900,'Semaine-01',549,,18299,100,0,11 12 13,0,78,,18300,100,0,11 12 13,0,20,,18301,100,0,11 12 13,0,7,,18302,100,0,11 12 13,0,78,,18303,100,0,11 12 13,0,19,,18304,100,0,11 12 13,0,65,,18305,100,0,11 12 13,0,28,,18306,100,0,11 12 13,0,74,,18307,100,0,11 12 13,0,25,,18345,100,0,11 12 13,0,68,,18308,100,0,11 12 13,0,15,,18309,100,0,11 12 13,0,29,,18310,100,0,11 12 13,0,55,,18311,100,0,11 12 13,0,15,,18312,100,0,11 12 13,0,23,,18313,100,0,11 12 13,0,70,,18314,100,0,11 12 13,0,15,,18341,100,0,11 12 13,0,15,,18344,100,0,11 12 13,0,55,,18343,100,0,11 12 13,0,30,,18342,100,0,11 12 13,0,85,,18340,100,0,11 12 13,0,15,,18315,100,0,11 12 13,0,21,,18316,100,0,11 12 13,0,84,,18317,100,,,0,66,,18318,100,,,0,20,,18338,100,,,0,17,,18339,100,,,0,11,,18332,100,,,0,56,,18337,100,,,0,13,,18333,100,,,0,13,,18334,100,,,0,9,,18335,100,,,0,11,,18336,100,,,0,53,,18331,100,,,0,28,,18319,100,,,0,13,,18320,100,,,0,52,,18321,100,,,0,12,,18322,100,,,0,27,,18330,100,,,0,19,,18323,100,,,0,69,,18324,100,,,0,22,,18347,100,,,0,70,,18325,100,,,0,15,,18326,100,,,0,97,,18327,100,,,0,69,,18328,100,,,0,44,,18346,100,,,0,99,,18329,100,,,0,108,,18298,100,,,0
70900,'Week-end-01',636,,18348,100,,,0,65,,18349,100,,,0,15,,18350,100,,,0,30,,18351,100,,,0,70,,18352,100,,,0,30,,18353,100,,,0,70,,18354,100,,,0,30,,18355,100,,,0,70,,18356,100,,,0,30,,18357,100,,,0,70,,18358,100,,,0,30,,18359,100,,,0,70,,18360,100,,,0,30,,18361,100,,,0,70,,18362,100,,,0,30,,18363,100,,,0,70,,18364,100,,,0,30,,18365,100,,,0,70,,18366,100,,,0,30,,18367,100,,,0,70,,18368,100,,,0,30,,18369,100,,,0,70,,18370,100,,,0,30,,18371,100,,,0,70,,18372,100,,,0,30,,18373,100,,,0,70,,18374,100,,,0,30,,18375,100,,,0,70,,18376,100,,,0,30,,18377,100,,,0,70,,18378,100,,,0,30,,18379,100,,,0,70,,18380,100,,,0,20,,18381,100,,,0,70,,18382,100,,,0,30,,18383,100,,,0,70,,18384,100,,,0,30,,18385,100,,,0,109,,18386,100,,,0
