22701,'Fête-1-06',850,,10509,30,,,0,200,,10510,30,,,0,200,,10511,30,,,0,200,,10512,30,,,0,200,,10513,30,,,0,200,,10514,30,,,0,200,,10515,30,,,0
22701,'Semaine-53',550,,10518,30,,,0,70,,10519,30,,,0,30,,10520,30,,,0,70,,10521,30,,,0,30,,10522,30,,,0,100,,10523,30,,,0,100,,10524,30,,,0,100,,10525,30,,,0,100,,10526,30,,,0,100,,10527,30,,,0,100,,10528,30,,,0,100,,10529,30,,,0,100,,10530,30,,,0,85,,10531,30,,,0,70,,10532,30,,,0,30,,10533,30,,,0,70,,10534,30,,,0,30,,10535,30,,,0,70,,10536,30,,,0,45,,10537,30,,,0,100,,10538,30,,,0,100,,10539,30,,,0,100,,10540,30,0,8 14 1 15 16 17,0
22701,'Week-end-53',850,,10541,30,,,0,200,,10542,30,,,0,200,,10543,30,,,0,200,,10544,30,,,0,200,,10545,30,,,0,200,,10546,30,,,0,200,,10547,30,,,0
22800,'Fête-1-06',750,,10555,30,,,0,200,,10552,30,,,0,200,,10553,30,,,0,200,,10548,30,,,0,200,,10550,30,,,0,200,,10554,30,,,0,200,,10551,30,,,0,200,,10549,30,0,8 14 1 18 19,0
22800,'Semaine-53',605,,10557,30,,,0,30,,10558,30,,,0,70,,10559,30,,,0,30,,10560,30,,,0,85,,10561,30,,,0,100,,10562,30,,,0,100,,10563,30,,,0,100,,10564,30,,,0,100,,10565,30,,,0,100,,10566,30,,,0,100,,10567,30,,,0,100,,10568,30,,,0,100,,10569,30,,,0,30,,10570,30,,,0,70,,10571,30,,,0,30,,10572,30,,,0,70,,10573,30,,,0,30,,10574,30,,,0,70,,10575,30,,,0,100,,10576,30,,,0,100,,10577,30,,,0,100,,10578,30,,,0,100,,10579,30,0,8 14 1 18 19,0
22800,'Week-end-53',750,,10588,30,,,0,200,,10585,30,,,0,200,,10586,30,,,0,200,,10581,30,,,0,200,,10583,30,,,0,200,,10587,30,,,0,200,,10584,30,,,0,200,,10582,30,0,8 14 1 18 19,0
60500,'Semaine-53',640,,12883,30,,,0,205,,12884,30,,,0
70801,'Fête-1-06',625,,13099,30,,,0,100,,13115,30,,,0,34,,13100,30,,,0,100,,13101,30,,,0,91,,13102,30,,,0,100,,13103,30,,,0,100,,13104,30,,,0,100,,13105,30,,,0,100,,13106,30,,,0,100,,13107,30,,,0,100,,13108,30,,,0,100,,13109,30,,,0,100,,13110,30,,,0,100,,13111,30,,,0,100,,13112,30,,,0,100,,13113,30,,,0,100,,13114,30,,,0,80,,13097,30,,,0,118,,13098,30,,,0
70801,'Semaine-53',436,,13116,30,,,0,69,,13117,30,,,0,45,,13118,30,,,0,70,,13119,30,,,0,25,,13159,30,,,0,5,,13120,30,,,0,70,,13121,30,,,0,30,,13122,30,,,0,70,,13123,30,,,0,30,,13124,30,,,0,70,,13125,30,,,0,30,,13126,30,,,0,70,,13127,30,,,0,30,,13128,30,,,0,70,,13129,30,,,0,30,,13130,30,,,0,70,,13131,30,,,0,30,,13132,30,,,0,70,,13133,30,,,0,30,,13134,30,,,0,70,,13135,30,,,0,30,,13136,30,,,0,70,,13137,30,,,0,30,,13138,30,,,0,70,,13139,30,,,0,30,,13140,30,,,0,70,,13141,30,,,0,30,,13142,30,,,0,70,,13143,30,,,0,30,,13144,30,,,0,70,,13145,30,,,0,30,,13146,30,,,0,70,,13147,30,,,0,30,,13148,30,,,0,100,,13149,30,,,0,100,,13150,30,,,0,96,,13151,30,,,0,100,,13158,30,,,0
70801,'Week-end-53',625,,13162,30,,,0,100,,13178,30,,,0,34,,13163,30,,,0,100,,13164,30,,,0,91,,13165,30,,,0,100,,13166,30,,,0,100,,13167,30,,,0,100,,13168,30,,,0,100,,13169,30,,,0,100,,13170,30,,,0,100,,13171,30,,,0,100,,13172,30,,,0,100,,13173,30,,,0,100,,13174,30,,,0,100,,13175,30,,,0,100,,13176,30,,,0,100,,13177,30,,,0,80,,13160,30,,,0,118,,13161,30,,,0
