22701,'Fête-1-06',853,,10509,70,,,0,200,,10510,70,,,0,200,,10511,70,,,0,200,,10512,70,,,0,200,,10513,70,,,0,200,,10514,70,,,0,200,,10515,70,,,0
22701,'Semaine-53',553,,10518,70,,,0,70,,10519,70,,,0,30,,10520,70,,,0,70,,10521,70,,,0,30,,10522,70,,,0,100,,10523,70,,,0,100,,10524,70,,,0,100,,10525,70,,,0,100,,10526,70,,,0,100,,10527,70,,,0,100,,10528,70,,,0,100,,10529,70,,,0,100,,10530,70,,,0,85,,10531,70,,,0,70,,10532,70,,,0,30,,10533,70,,,0,70,,10534,70,,,0,30,,10535,70,,,0,70,,10536,70,,,0,45,,10537,70,,,0,100,,10538,70,,,0,100,,10539,70,,,0,100,,10540,70,0,8 14 1 15 16 17,0
22701,'Week-end-53',853,,10541,70,,,0,200,,10542,70,,,0,200,,10543,70,,,0,200,,10544,70,,,0,200,,10545,70,,,0,200,,10546,70,,,0,200,,10547,70,,,0
22800,'Fête-1-06',753,,10555,70,,,0,200,,10552,70,,,0,200,,10553,70,,,0,200,,10548,70,,,0,200,,10550,70,,,0,200,,10554,70,,,0,200,,10551,70,,,0,200,,10549,70,0,8 14 1 18 19,0
22800,'Semaine-53',608,,10557,70,,,0,30,,10558,70,,,0,70,,10559,70,,,0,30,,10560,70,,,0,85,,10561,70,,,0,100,,10562,70,,,0,100,,10563,70,,,0,100,,10564,70,,,0,100,,10565,70,,,0,100,,10566,70,,,0,100,,10567,70,,,0,100,,10568,70,,,0,100,,10569,70,,,0,30,,10570,70,,,0,70,,10571,70,,,0,30,,10572,70,,,0,70,,10573,70,,,0,30,,10574,70,,,0,70,,10575,70,,,0,100,,10576,70,,,0,100,,10577,70,,,0,100,,10578,70,,,0,100,,10579,70,0,8 14 1 18 19,0
22800,'Week-end-53',753,,10588,70,,,0,200,,10585,70,,,0,200,,10586,70,,,0,200,,10581,70,,,0,200,,10583,70,,,0,200,,10587,70,,,0,200,,10584,70,,,0,200,,10582,70,0,8 14 1 18 19,0
60500,'Semaine-53',643,,12883,70,,,0,205,,12884,70,,,0
70801,'Fête-1-06',628,,13099,70,,,0,99,,13115,70,,,0,74,,13100,70,,,0,100,,13101,70,,,0,51,,13102,70,,,0,100,,13103,70,,,0,100,,13104,70,,,0,100,,13105,70,,,0,100,,13106,70,,,0,100,,13107,70,,,0,100,,13108,70,,,0,100,,13109,70,,,0,100,,13110,70,,,0,100,,13111,70,,,0,101,,13112,70,,,0,100,,13113,70,,,0,100,,13114,70,,,0,80,,13097,70,,,0,118,,13098,70,,,0
70801,'Semaine-53',439,,13116,70,,,0,69,,13117,70,,,0,45,,13118,70,,,0,70,,13119,70,,,0,25,,13159,70,,,0,5,,13120,70,,,0,70,,13121,70,,,0,30,,13122,70,,,0,70,,13123,70,,,0,30,,13124,70,,,0,70,,13125,70,,,0,30,,13126,70,,,0,70,,13127,70,,,0,30,,13128,70,,,0,70,,13129,70,,,0,30,,13130,70,,,0,70,,13131,70,,,0,30,,13132,70,,,0,70,,13133,70,,,0,30,,13134,70,,,0,70,,13135,70,,,0,30,,13136,70,,,0,70,,13137,70,,,0,30,,13138,70,,,0,70,,13139,70,,,0,30,,13140,70,,,0,70,,13141,70,,,0,30,,13142,70,,,0,70,,13143,70,,,0,30,,13144,70,,,0,70,,13145,70,,,0,30,,13146,70,,,0,70,,13147,70,,,0,30,,13148,70,,,0,100,,13149,70,,,0,100,,13150,70,,,0,96,,13151,70,,,0,100,,13158,70,,,0
70801,'Week-end-53',628,,13162,70,,,0,99,,13178,70,,,0,74,,13163,70,,,0,100,,13164,70,,,0,51,,13165,70,,,0,100,,13166,70,,,0,100,,13167,70,,,0,100,,13168,70,,,0,100,,13169,70,,,0,100,,13170,70,,,0,100,,13171,70,,,0,100,,13172,70,,,0,100,,13173,70,,,0,100,,13174,70,,,0,101,,13175,70,,,0,100,,13176,70,,,0,100,,13177,70,,,0,80,,13160,70,,,0,118,,13161,70,,,0
