23001,'Fête-1-05',819,,10691,,,0,102,,10703,,,0,101,,10692,,,0,101,,10697,,,0,102,,10704,,,0,100,,10698,,,0,100,,10699,,,0,99,,10700,,,0,100,,10702,,,0,98,,10695,,,0,100,,10696,,,0,98,,10701,,,0,99,,10694,,,0,100,,10693,,,0,100,,10690,,,0
23001,'Fête-2-04',626,,10713,,,0,33,,10706,,,0,70,,10707,,,0,30,,10708,,,0,70,,10709,,,0,28,,10710,,,0,70,,10711,,,0,100,,10712,,,0,100,,10722,,,0,100,,10723,,,0,100,,10724,,,0,100,,10725,,,0,100,,10726,,,0,102,,10728,,,0,30,,10718,,,0,70,,10719,,,0,30,,10720,,,0,70,,10721,,,0,27,,10717,,,0,70,,10727,,,0,30,,10716,,,0,100,,10715,,,0,100,,10714,,,0,100,,10705,,,0
23001,'Semaine-52',626,,10737,,,0,33,,10730,,,0,70,,10731,,,0,30,,10732,,,0,70,,10733,,,0,28,,10734,,,0,70,,10735,,,0,100,,10736,,,0,100,,10746,,,0,100,,10747,,,0,100,,10748,,,0,100,,10749,,,0,100,,10750,,,0,102,,10752,,,0,30,,10742,,,0,70,,10743,,,0,30,,10744,,,0,70,,10745,,,0,27,,10741,,,0,70,,10751,,,0,30,,10740,,,0,100,,10739,,,0,100,,10738,,,0,100,,10729,,,0
23001,'Week-end-52',819,,10754,,,0,102,,10766,,,0,101,,10755,,,0,101,,10760,,,0,102,,10767,,,0,100,,10761,,,0,100,,10762,,,0,99,,10763,,,0,100,,10765,,,0,98,,10758,,,0,100,,10759,,,0,98,,10764,,,0,99,,10757,,,0,100,,10756,,,0,100,,10753,,,0
23200,'Fête-1-05',917,,10852,,,0,101,,10847,,,0,100,,10853,,,0,101,,10846,,,0,100,,10854,,,0,100,,10845,,,0,100,,10855,,,0,99,,10850,,,0,100,,10856,,,0,99,,10849,,,0,100,,10857,,,0,100,,10844,,,0,100,,10858,,,0,100,,10851,,,0
23200,'Fête-2-04',612,,10859,,,0,30,,10860,,,0,70,,10861,,,0,30,,10862,,,0,70,,10863,,,0,33,,10864,,,0,100,,10865,,,0,100,,10866,,,0,100,,10867,,,0,100,,10868,,,0,100,,10869,,,0,100,,10870,,,0,102,,10871,,,0,75,,10872,,,0,33,,10873,,,0,67,,10874,,,0,31,,10875,,,0,67,,10876,,,0,31,,10877,,,0,94,,10878,,,0,100,,10879,,,0,100,,10880,,,0
23200,'Semaine-52',612,,10883,,,0,30,,10884,,,0,70,,10885,,,0,30,,10886,,,0,70,,10887,,,0,33,,10888,,,0,100,,10889,,,0,100,,10890,,,0,100,,10891,,,0,100,,10892,,,0,100,,10893,,,0,100,,10894,,,0,102,,10895,,,0,75,,10896,,,0,33,,10897,,,0,67,,10898,,,0,31,,10899,,,0,67,,10900,,,0,31,,10901,,,0,94,,10902,,,0,100,,10903,,,0,100,,10904,,,0
23200,'Week-end-52',917,,10915,,,0,101,,10910,,,0,100,,10916,,,0,101,,10909,,,0,100,,10917,,,0,100,,10908,,,0,100,,10918,,,0,99,,10913,,,0,100,,10919,,,0,99,,10912,,,0,100,,10920,,,0,100,,10907,,,0,100,,10921,,,0,100,,10914,,,0
23900,'Fête-1-05',844,,11382,,,0,102,,11390,,,0,101,,11391,,,0,103,,11392,,,0,100,,11393,,,0,100,,11394,,,0,100,,11395,,,0,100,,11388,,,0,97,,11384,,,0,100,,11383,,,0,100,,11385,,,0,98,,11386,,,0,100,,11387,,,0,100,,11389,,,0,100,,11396,0,8 35 1 36,0
23900,'Fête-2-04',627,,11398,,,0,18,,11399,,,0,74,,11400,,,0,29,,11401,,,0,73,,11415,,,0,27,,11412,,,0,99,,11402,,,0,100,,11403,,,0,99,,11404,,,0,103,,11405,,,0,100,,11406,,,0,100,,11407,,,0,100,,11408,,,0,75,,11409,,,0,25,,11420,,,0,79,,11421,,,0,22,,11416,,,0,82,,11413,,,0,22,,11410,,,0,92,,11422,,,0,99,,11419,,,0,100,,11418,,,0,106,,11417,0,8 35 1 36,0
23900,'Semaine-52',627,,11423,,,0,18,,11424,,,0,74,,11425,,,0,29,,11426,,,0,73,,11440,,,0,27,,11437,,,0,99,,11427,,,0,100,,11428,,,0,99,,11429,,,0,103,,11430,,,0,100,,11431,,,0,100,,11432,,,0,100,,11433,,,0,75,,11434,,,0,25,,11445,,,0,79,,11446,,,0,22,,11441,,,0,82,,11438,,,0,22,,11435,,,0,92,,11447,,,0,99,,11444,,,0,100,,11443,,,0,106,,11442,0,8 35 1 36,0
23900,'Week-end-52',844,,11448,,,0,102,,11456,,,0,101,,11457,,,0,103,,11458,,,0,100,,11459,,,0,100,,11460,,,0,100,,11461,,,0,100,,11454,,,0,97,,11450,,,0,100,,11449,,,0,100,,11451,,,0,98,,11452,,,0,100,,11453,,,0,100,,11455,,,0,100,,11462,0,8 35 1 36,0
