30600,'Fête-1-01',834,,17327,10,,,0,100,,17328,10,,,0,100,,17329,10,,,0,100,,17330,10,,,0,100,,17331,10,,,0,100,,17332,10,,,0,100,,17333,10,,,0,100,,17334,10,,,0,100,,17335,10,,,0,100,,17336,10,,,0,100,,17337,10,,,0,100,,17338,10,,,0,100,,17339,10,,,0,100,,17340,10,,,0,100,,17341,10,,,0
30600,'Semaine-01',604,,17342,10,,,0,30,,17343,10,,,0,70,,17344,10,,,0,30,,17345,10,,,0,70,,17346,10,,,0,30,,17347,10,,,0,100,,17348,10,,,0,100,,17349,10,,,0,100,,17350,10,,,0,100,,17351,10,,,0,100,,17352,10,,,0,100,,17353,10,,,0,100,,17354,10,,,0,70,,17355,10,,,0,30,,17356,10,,,0,70,,17357,10,,,0,30,,17358,10,,,0,70,,17359,10,,,0,30,,17360,10,,,0,100,,17361,10,,,0,100,,17362,10,,,0,100,,17363,10,,,0,100,,17364,10,,,0
30600,'Week-end-01',834,,17365,10,,,0,100,,17366,10,,,0,100,,17367,10,,,0,100,,17368,10,,,0,100,,17369,10,,,0,100,,17370,10,,,0,100,,17371,10,,,0,100,,17372,10,,,0,100,,17373,10,,,0,100,,17374,10,,,0,100,,17375,10,,,0,100,,17376,10,,,0,100,,17377,10,,,0,100,,17378,10,,,0,100,,17379,10,,,0
30601,'Fête-1-01',825,,17380,100,4,,0,100,,17381,100,4,,0,100,,17382,100,4,,0,100,,17383,100,4,,0,101,,17384,100,4,,0,100,,17385,100,4,,0,100,,17386,100,4,,0,100,,17387,100,4,,0,100,,17388,100,4,,0,100,,17389,100,4,,0,100,,17390,100,4,,0,99,,17391,100,4,,0,100,,17392,100,4,,0,100,,17393,100,4,,0,100,,17394,100,4,,0
30601,'Semaine-01',557,,17395,100,4,,0,100,,17396,100,4,,0,70,,17397,100,4,,0,32,,17398,100,4,,0,70,,17399,100,4,,0,98,,17400,100,4,,0,100,,17401,100,4,,0,100,,17402,100,4,,0,100,,17403,100,4,,0,100,,17404,100,4,,0,100,,17405,100,4,,0,101,,17406,100,4,,0,30,,17407,100,4,,0,70,,17408,100,4,,0,30,,17409,100,4,,0,70,,17410,100,4,,0,30,,17411,100,4,,0,70,,17412,100,4,,0,98,,17416,100,4,,0,100,,17413,100,4,,0,99,,17414,100,4,,0,100,,17415,100,4,,0
30601,'Week-end-01',825,,17417,100,4,,0,100,,17418,100,4,,0,100,,17419,100,4,,0,100,,17420,100,4,,0,101,,17421,100,4,,0,100,,17422,100,4,,0,100,,17423,100,4,,0,100,,17424,100,4,,0,100,,17425,100,4,,0,100,,17426,100,4,,0,100,,17427,100,4,,0,99,,17428,100,4,,0,100,,17429,100,4,,0,100,,17430,100,4,,0,100,,17431,100,4,,0
30900,'Fête-1-01',836,,17432,10,,,0,100,,17433,10,,,0,100,,17434,10,,,0,100,,17435,10,,,0,100,,17436,10,,,0,100,,17437,10,,,0,100,,17438,10,,,0,100,,17439,10,,,0,100,,17440,10,,,0,100,,17441,10,,,0,100,,17442,10,,,0,100,,17443,10,,,0,100,,17444,10,,,0,100,,17445,10,,,0,100,,17446,10,,,0
30900,'Semaine-01',606,,17447,10,,,0,30,,17448,10,,,0,70,,17449,10,,,0,30,,17450,10,,,0,70,,17451,10,,,0,30,,17452,10,,,0,100,,17453,10,,,0,100,,17454,10,,,0,100,,17455,10,,,0,100,,17456,10,,,0,100,,17457,10,,,0,100,,17458,10,,,0,100,,17459,10,,,0,70,,17460,10,,,0,30,,17461,10,,,0,70,,17462,10,,,0,30,,17463,10,,,0,70,,17464,10,,,0,30,,17465,10,,,0,100,,17466,10,,,0,100,,17467,10,,,0,100,,17468,10,,,0,100,,17469,10,,,0
30900,'Week-end-01',836,,17470,10,,,0,100,,17471,10,,,0,100,,17472,10,,,0,100,,17473,10,,,0,100,,17474,10,,,0,100,,17475,10,,,0,100,,17476,10,,,0,100,,17477,10,,,0,100,,17478,10,,,0,100,,17479,10,,,0,100,,17480,10,,,0,100,,17481,10,,,0,100,,17482,10,,,0,100,,17483,10,,,0,100,,17484,10,,,0
30901,'Fête-1-01',827,,17485,40,4,,0,100,,17486,40,4,,0,100,,17487,40,4,,0,100,,17488,40,4,,0,101,,17489,40,4,,0,100,,17490,40,4,,0,100,,17491,40,4,,0,100,,17492,40,4,,0,100,,17493,40,4,,0,100,,17494,40,4,,0,100,,17495,40,4,,0,99,,17496,40,4,,0,100,,17497,40,4,,0,100,,17498,40,4,,0,100,,17499,40,4,,0
30901,'Semaine-01',559,,17500,40,4,,0,100,,17501,40,4,,0,70,,17502,40,4,,0,72,,17503,40,4,,0,30,,17504,40,4,,0,98,,17505,40,4,,0,100,,17506,40,4,,0,100,,17507,40,4,,0,100,,17508,40,4,,0,100,,17509,40,4,,0,100,,17510,40,4,,0,101,,17511,40,4,,0,70,,17512,40,4,,0,30,,17513,40,4,,0,70,,17514,40,4,,0,30,,17515,40,4,,0,70,,17516,40,4,,0,30,,17517,40,4,,0,98,,17521,40,4,,0,100,,17518,40,4,,0,99,,17519,40,4,,0,100,,17520,40,4,,0
30901,'Week-end-01',827,,17522,40,4,,0,100,,17523,40,4,,0,100,,17524,40,4,,0,100,,17525,40,4,,0,101,,17526,40,4,,0,100,,17527,40,4,,0,100,,17528,40,4,,0,100,,17529,40,4,,0,100,,17530,40,4,,0,100,,17531,40,4,,0,100,,17532,40,4,,0,99,,17533,40,4,,0,100,,17534,40,4,,0,100,,17535,40,4,,0,100,,17536,40,4,,0
