'LA-A25-LAGTFS-Fête-1-03',24700,84400,4,'',0,17000,4,'',0,13000,4,'',0,17000,4,'',0,13000,4,'',0,17000,4,'',0,13000,4,'',0,17000,4,'',0,13000,4,'',0
'LA-A25-LAGTFS-Fête-1-03',24701,72000,,'',0,13000,,'',0,17000,,'',0,13000,,'',0,17000,,'',0,13000,,'',0,17000,,'',0,13000,,'',0,17000,,'',0
'LA-A25-LAGTFS-Fête-2-01',24700,84400,4,'',0,17000,4,'',0,13000,4,'',0,17000,4,'',0,13000,4,'',0,17000,4,'',0,13000,4,'',0,17000,4,'',0,13000,4,'',0
'LA-A25-LAGTFS-Fête-2-01',24701,72000,,'',0,13000,,'',0,17000,,'',0,13000,,'',0,17000,,'',0,13000,,'',0,17000,,'',0,13000,,'',0,17000,,'',0
'LA-A25-LAGTFS-Semaine-07',24700,71800,4,'',0,8200,4,'',0,10300,4,'',0,14200,4,'',0,17000,4,'',0,13000,4,'',0,17000,4,'',0,3100,4,'',0,15600,4,'',0,2800,4,'',0,2400,4,'',0,8700,4,'',0,6000,4,'',0,2900,4,'',0,9900,4,'',0,2200,4,'',0,16900,4,'',0,13000,4,'',0
'LA-A25-LAGTFS-Semaine-07',24701,51400,,'',0,3000,,'',0,8200,,'',0,8000,,'',0,2000,,'',0,8200,,'',0,11100,,'',0,13100,,'',0,17000,,'',0,13000,,'',0,17800,,'',0,2400,,'',0,15600,,'',0,3200,,'',0,1900,,'',0,16800,,'',0,12900,,'',0,16900,,'',0
'LA-A25-LAGTFS-Semaine-20',24700,71800,4,'',0,8200,4,'',0,10300,4,'',0,14200,4,'',0,17000,4,'',0,13000,4,'',0,17000,4,'',0,3100,4,'',0,15600,4,'',0,5200,4,'',0,14700,4,'',0,2900,4,'',0,12100,4,'',0,16900,4,'',0,13000,4,'',0
'LA-A25-LAGTFS-Semaine-20',24701,51400,,'',0,3000,,'',0,16200,,'',0,2000,,'',0,8200,,'',0,11100,,'',0,13100,,'',0,17000,,'',0,13000,,'',0,17800,,'',0,2400,,'',0,15600,,'',0,3200,,'',0,18700,,'',0,12900,,'',0,16900,,'',0
'LA-A25-LAGTFS-Week-end-01',24700,84400,4,'',0,17000,4,'',0,13000,4,'',0,17000,4,'',0,13000,4,'',0,17000,4,'',0,13000,4,'',0,17000,4,'',0,13000,4,'',0
'LA-A25-LAGTFS-Week-end-01',24701,72000,,'',0,13000,,'',0,17000,,'',0,13000,,'',0,17000,,'',0,13000,,'',0,17000,,'',0,13000,,'',0,17000,,'',0
