24601,'Semaine-01',558,,16837,430,,,0,87,,16836,430,,,0,89,,16835,430,,,0,93,,16834,430,,,0,89,,16833,430,,,0,699,,16832,430,,,0,92,,16831,430,,,0,93,,16830,430,,,0,52,,16829,430,,,0,87,,16828,430,,,0
25001,'Fête-1-01',748,,17082,520,,,0,100,,17066,520,,,0,70,,17069,520,,,0,100,,17076,520,,,0,30,,17077,520,,,0,100,,17068,520,,,0,70,,17071,520,,,0,100,,17079,520,,,0,30,,17080,520,,,0,100,,17067,520,,,0,70,,17078,520,,,0,100,,17070,520,,,0,31,,17075,520,,,0,100,,17081,520,,,0,70,,17072,520,,,0,100,,17073,520,,,0,30,,17065,520,,,0,100,,17074,520,,,0,70,,17083,520,,,0,100,,17064,520,,,0,30,,17084,520,,,0
25001,'Semaine-01',617,,17085,520,,,0,25,,17086,520,,,0,71,,17087,520,0,8 27 76,0,22,,17088,520,,,0,85,,17089,520,,,0,95,,17090,520,,,0,28,,17091,520,,,0,95,,17092,520,,,0,100,,17093,520,,,0,103,,17094,520,,,0,100,,17095,520,,,0,102,,17096,520,,,0,115,,17097,520,,,0,142,,17098,520,,,0,26,,17099,520,,,0,30,,17100,520,,,0,68,,17101,520,,,0,81,,17102,520,,,0,47,,17103,520,,,0,107,,17104,520,,,0,95,,17105,520,,,0,99,,17106,520,,,0
25001,'Week-end-01',748,,17125,520,,,0,100,,17109,520,,,0,70,,17112,520,,,0,100,,17119,520,,,0,30,,17120,520,,,0,100,,17111,520,,,0,70,,17114,520,,,0,100,,17122,520,,,0,30,,17123,520,,,0,100,,17110,520,,,0,70,,17121,520,,,0,100,,17113,520,,,0,31,,17118,520,,,0,100,,17124,520,,,0,70,,17115,520,,,0,100,,17116,520,,,0,30,,17108,520,,,0,100,,17117,520,,,0,70,,17126,520,,,0,100,,17107,520,,,0,30,,17127,520,,,0
25100,'Fête-1-01',738,,17128,50,0,31 32,0,93,,17143,390,,,0,100,,17141,390,,,0,100,,17144,390,,,0,100,,17140,390,,,0,100,,17139,390,,,0,100,,17142,390,,,0,100,,17135,390,,,0,100,,17138,390,,,0,100,,17134,390,,,0,100,,17136,390,,,0,100,,17132,390,,,0,99,,17137,390,,,0,100,,17129,390,,,0,100,,17130,390,,,0,100,,17131,390,,,0
25100,'Semaine-01',927,,17146,390,,,0,100,,17145,390,,,0,100,,17154,390,,,0,100,,17150,390,,,0,100,,17153,390,,,0,100,,17148,390,,,0,615,,17151,390,,,0,97,,17149,390,,,0,98,,17147,390,,,0
25100,'Week-end-01',738,,17155,50,0,31 32,0,93,,17170,390,,,0,100,,17168,390,,,0,100,,17171,390,,,0,100,,17167,390,,,0,100,,17166,390,,,0,100,,17169,390,,,0,100,,17162,390,,,0,100,,17165,390,,,0,100,,17161,390,,,0,100,,17163,390,,,0,100,,17159,390,,,0,99,,17164,390,,,0,100,,17156,390,,,0,100,,17157,390,,,0,100,,17158,390,,,0
70901,'Fête-1-01',622,,18387,440,,,0,30,,18388,440,,,0,70,,18389,440,,,0,30,,18390,440,,,0,70,,18391,440,,,0,15,,18392,440,,,0,71,,18393,440,,,0,30,,18394,440,,,0,70,,18395,440,,,0,31,,18396,440,,,0,71,,18397,440,,,0,30,,18398,440,,,0,70,,18399,440,,,0,30,,18400,440,,,0,70,,18401,440,,,0,30,,18402,440,,,0,70,,18403,440,,,0,30,,18404,440,,,0,70,,18405,440,,,0,30,,18406,440,,,0,70,,18407,440,,,0,30,,18408,440,,,0,70,,18409,440,,,0,30,,18410,440,,,0,70,,18411,440,,,0,30,,18412,440,,,0,70,,18413,440,,,0,30,,18414,440,,,0,70,,18415,440,,,0,30,,18416,440,,,0,70,,18417,440,,,0,30,,18418,440,,,0,70,,18419,440,,,0,31,,18420,440,,,0,70,,18421,440,,,0,30,,18422,440,,,0,111,,18423,440,,,0
70901,'Semaine-01',454,,18427,440,,,0,70,,18469,440,,,0,20,,18425,440,,,0,10,,18424,440,,,0,62,,18426,440,,,0,20,,18428,440,,,0,20,,18429,440,,,0,67,,18430,440,,,0,12,,18431,440,,,0,21,,18432,440,,,0,50,,18433,440,,,0,10,,18434,440,,,0,20,,18435,440,,,0,10,,18436,440,,,0,54,,18437,440,,,0,13,,18439,440,,,0,15,,18475,440,,,0,15,,18438,440,,,0,70,,18440,440,,,0,15,,18441,440,,,0,22,,18442,470,,,0,70,,18443,470,,,0,15,,18444,470,,,0,15,,18445,470,,,0,55,,18446,470,,,0,15,,18478,470,,,0,15,,18447,470,,,0,15,,18479,470,,,0,70,,18448,470,,,0,15,,18449,470,,,0,15,,18450,470,,,0,70,,18470,470,,,0,30,,18471,470,,,0,70,,18472,470,,,0,16,,18473,470,,,0,16,,18474,470,,,0,89,,18452,470,,,0,15,,18451,470,,,0,68,,18453,470,,,0,15,,18454,470,,,0,62,,18455,470,,,0,15,,18476,470,,,0,13,,18477,470,,,0,14,,18456,470,,,0,59,,18457,470,,,0,14,,18458,470,,,0,15,,18459,470,,,0,23,,18460,440,,,0,70,,18461,440,,,0,15,,18462,440,,,0,68,,18463,440,,,0,30,,18464,440,,,0,69,,18465,440,,,0,44,,18466,440,,,0,99,,18467,440,,,0,108,,18468,440,,,0
70901,'Week-end-01',622,,18480,440,,,0,30,,18481,440,,,0,70,,18482,440,,,0,30,,18483,440,,,0,70,,18484,440,,,0,15,,18485,440,,,0,71,,18486,440,,,0,30,,18487,440,,,0,70,,18488,440,,,0,31,,18489,440,,,0,71,,18490,440,,,0,30,,18491,440,,,0,70,,18492,440,,,0,30,,18493,440,,,0,70,,18494,440,,,0,30,,18495,440,,,0,70,,18496,440,,,0,30,,18497,440,,,0,70,,18498,440,,,0,30,,18499,440,,,0,70,,18500,440,,,0,30,,18501,440,,,0,70,,18502,440,,,0,30,,18503,440,,,0,70,,18504,440,,,0,30,,18505,440,,,0,70,,18506,440,,,0,30,,18507,440,,,0,70,,18508,440,,,0,30,,18509,440,,,0,70,,18510,440,,,0,30,,18511,440,,,0,70,,18512,440,,,0,31,,18513,440,,,0,70,,18514,440,,,0,30,,18515,440,,,0,111,,18516,440,,,0
