23001,'Fête-1-01',806,,16176,20,,,0,100,,16188,20,,,0,100,,16177,20,,,0,100,,16182,20,,,0,100,,16189,20,,,0,100,,16183,20,,,0,100,,16184,20,,,0,100,,16185,20,,,0,100,,16187,20,,,0,100,,16180,20,,,0,100,,16181,20,,,0,100,,16186,20,,,0,100,,16179,20,,,0,100,,16178,20,,,0,100,,16175,20,,,0
23001,'Semaine-01',606,,16198,20,,,0,30,,16191,20,,,0,70,,16192,20,,,0,30,,16193,20,,,0,70,,16194,20,,,0,30,,16195,20,,,0,70,,16196,20,,,0,100,,16197,20,,,0,105,,16206,20,,,0,105,,16207,20,,,0,115,,16208,20,,,0,115,,16209,20,,,0,156,,16211,20,,,0,40,,16203,20,,,0,75,,16204,20,,,0,35,,16205,20,,,0,70,,16202,20,,,0,29,,16210,20,,,0,70,,16201,20,,,0,100,,16200,20,,,0,100,,16199,20,,,0,100,,16190,20,,,0
23001,'Week-end-01',806,,16213,20,,,0,100,,16225,20,,,0,100,,16214,20,,,0,100,,16219,20,,,0,100,,16226,20,,,0,100,,16220,20,,,0,100,,16221,20,,,0,100,,16222,20,,,0,100,,16224,20,,,0,100,,16217,20,,,0,100,,16218,20,,,0,100,,16223,20,,,0,100,,16216,20,,,0,100,,16215,20,,,0,100,,16212,20,,,0
23200,'Fête-1-01',927,,16288,250,,,0,102,,16283,250,,,0,100,,16289,250,,,0,102,,16282,250,,,0,100,,16290,250,,,0,101,,16281,250,,,0,100,,16291,250,,,0,98,,16286,250,,,0,99,,16292,250,,,0,99,,16285,250,,,0,100,,16293,250,,,0,100,,16280,250,,,0,100,,16294,250,,,0,100,,16287,250,,,0
23200,'Semaine-01',628,,16295,250,,,0,26,,16296,250,,,0,74,,16297,250,,,0,30,,16298,250,,,0,72,,16299,250,,,0,70,,16300,250,,,0,59,,16301,250,,,0,100,,16302,250,,,0,141,,16303,250,,,0,100,,16304,250,,,0,102,,16305,250,,,0,102,,16306,250,,,0,103,,16307,250,,,0,36,,16308,250,,,0,70,,16309,250,,,0,91,,16310,250,,,0,28,,16311,250,,,0,74,,16312,250,,,0,95,,16313,250,,,0,54,,16314,250,,,0,100,,16315,250,,,0
23200,'Week-end-01',927,,16326,250,,,0,102,,16321,250,,,0,100,,16327,250,,,0,102,,16320,250,,,0,100,,16328,250,,,0,101,,16319,250,,,0,100,,16329,250,,,0,98,,16324,250,,,0,99,,16330,250,,,0,99,,16323,250,,,0,100,,16331,250,,,0,100,,16318,250,,,0,100,,16332,250,,,0,100,,16325,250,,,0
23300,'Fête-1-01',912,,16337,540,,,0,200,,16339,540,,,0,200,,16335,540,,,0,203,,16340,540,,,0,200,,16338,540,,,0,197,,16336,540,,,0,199,,16333,540,,,0
23300,'Semaine-01',645,,16341,540,,,0,82,,16342,540,,,0,120,,16352,540,,,0,269,,16343,540,,,0,200,,16344,540,,,0,202,,16345,540,,,0,135,,16346,540,,,0,103,,16347,540,,,0,101,,16351,540,,,0,143,,16348,540,,,0,115,,16349,540,,,0
23300,'Week-end-01',912,,16357,540,,,0,200,,16359,540,,,0,200,,16355,540,,,0,203,,16360,540,,,0,200,,16358,540,,,0,197,,16356,540,,,0,199,,16353,540,,,0
23400,'Fête-1-01',816,,16368,320,,,0,196,,16366,550,,,0,200,,16364,550,,,0,203,,16361,550,,,0,202,,16363,550,,,0,195,,16362,550,,,0,200,,16367,550,,,0,200,,16365,550,,,0
23400,'Semaine-01',541,,16380,320,,,0,65,,16379,320,,,0,97,,16369,550,,,0,108,,16382,550,,,0,103,,16370,550,,,0,101,,16371,550,,,0,200,,16372,550,,,0,201,,16373,550,,,0,202,,16374,550,,,0,108,,16375,550,,,0,99,,16376,550,,,0,97,,16381,550,,,0,91,,16377,550,,,0,200,,16378,550,,,0
23400,'Week-end-01',816,,16390,320,,,0,196,,16388,550,,,0,200,,16386,550,,,0,203,,16383,550,,,0,202,,16385,550,,,0,195,,16384,550,,,0,200,,16389,550,,,0,200,,16387,550,,,0
23501,'Fête-1-01',806,,16449,20,,,0,100,,16453,20,,,0,100,,16446,20,,,0,100,,16447,20,,,0,101,,16443,20,,,0,100,,16445,20,,,0,100,,16444,20,,,0,100,,16448,20,,,0,100,,16451,20,,,0,100,,16456,20,,,0,100,,16457,20,,,0,99,,16450,20,,,0,100,,16452,20,,,0,100,,16454,20,,,0,100,,16455,20,,,0
23501,'Semaine-01',536,,16458,20,,,0,20,,16479,20,,,0,80,,16460,20,,,0,20,,16459,20,,,0,80,,16462,20,,,0,65,,16461,20,,,0,105,,16463,20,,,0,100,,16464,20,,,0,100,,16465,20,,,0,100,,16466,20,,,0,100,,16467,20,,,0,100,,16468,20,,,0,105,,16469,20,,,0,35,,16471,20,,,0,76,,16470,20,,,0,84,,16472,20,,,0,30,,16474,20,,,0,75,,16473,20,,,0,100,,16475,20,,,0,100,,16476,20,,,0,100,,16477,20,,,0,100,,16478,20,,,0
23501,'Week-end-01',806,,16486,20,,,0,100,,16490,20,,,0,100,,16483,20,,,0,100,,16484,20,,,0,101,,16480,20,,,0,100,,16482,20,,,0,100,,16481,20,,,0,100,,16485,20,,,0,100,,16488,20,,,0,100,,16493,20,,,0,100,,16494,20,,,0,99,,16487,20,,,0,100,,16489,20,,,0,100,,16491,20,,,0,100,,16492,20,,,0
