24100,'Semaine-01',623,,16728,610,,,0,23,,16729,610,,,0,76,,16730,610,,,0,24,,16731,610,,,0,102,,16732,610,,,0,100,,16733,610,,,0,100,,16734,610,,,0,100,,16735,610,,,0,100,,16736,610,,,0,100,,16737,610,,,0,100,,16738,610,,,0,107,,16739,610,,,0,151,,16740,610,,,0,100,,16741,610,,,0,28,,16742,610,,,0,71,,16743,610,,,0,33,,16744,610,,,0,97,,16745,610,,,0,69,,16746,610,,,0,98,,16747,610,,,0,57,,16748,610,,,0,98,,16749,610,,,0
24300,'Semaine-01',617,,16804,350,0,31 32,0,22,,16805,350,0,31 32,0,83,,16806,600,,,0,22,,16807,600,,,0,87,,16808,600,,,0,18,,16809,600,,,0,85,,16810,600,,,0,14,,16811,600,,,0,106,,16812,600,,,0,100,,16813,600,,,0,100,,16814,600,,,0,100,,16815,600,,,0,100,,16816,600,,,0,156,,16817,600,,,0,40,,16818,600,,,0,72,,16819,600,,,0,84,,16820,600,,,0,30,,16821,600,,,0,78,,16822,600,,,0,32,,16823,600,,,0,72,,16824,600,,,0,84,,16825,600,,,0,100,,16826,600,,,0,100,,16827,600,,,0
24601,'Semaine-01',602,,16837,490,,,0,47,,16836,490,,,0,89,,16835,490,,,0,93,,16834,490,,,0,89,,16833,490,,,0,699,,16832,490,,,0,92,,16831,490,,,0,93,,16830,490,,,0,52,,16829,490,,,0,87,,16828,490,,,0
24701,'Fête-1-01',755,,16871,500,,,0,170,,16872,500,,,0,130,,16873,500,,,0,170,,16874,500,,,0,130,,16875,500,,,0,170,,16876,500,,,0,130,,16877,500,,,0,170,,16878,500,,,0,130,,16879,500,,,0
24701,'Semaine-01',554,,16884,500,,,0,70,,16885,500,,,0,122,,16886,500,,,0,60,,16887,500,,,0,42,,16888,500,,,0,106,,16889,500,,,0,171,,16890,500,,,0,130,,16891,500,,,0,170,,16892,500,,,0,183,,16893,500,,,0,24,,16894,500,,,0,116,,16880,500,,,0,92,,16895,500,,,0,162,,16881,500,,,0,129,,16882,500,,,0,169,,16883,500,,,0
24701,'Week-end-01',755,,16896,500,,,0,170,,16897,500,,,0,130,,16898,500,,,0,170,,16899,500,,,0,130,,16900,500,,,0,170,,16901,500,,,0,130,,16902,500,,,0,170,,16903,500,,,0,130,,16904,500,,,0
24901,'Fête-1-01',756,,16958,610,,,0,168,,16959,610,,,0,130,,16960,610,,,0,170,,16961,610,,,0,130,,16962,610,,,0,170,,16963,610,,,0,130,,16964,610,,,0,170,,16965,610,,,0,130,,16966,610,,,0,170,,16967,610,,,0,130,,16968,610,,,0
24901,'Semaine-01',623,,16969,610,,,0,23,,16970,610,0,8 27 76,0,78,,16971,610,,,0,97,,16972,610,,,0,25,,16973,610,,,0,100,,16974,610,,,0,95,,16975,610,,,0,100,,16976,610,,,0,100,,16977,610,,,0,100,,16978,610,,,0,100,,16979,610,,,0,161,,16980,610,,,0,54,,16981,610,,,0,75,,16982,610,,,0,78,,16983,610,,,0,49,,16984,610,,,0,99,,16985,610,,,0,101,,16986,610,,,0,143,,16987,610,,,0,57,,16988,610,,,0
24901,'Week-end-01',756,,16989,610,,,0,168,,16990,610,,,0,130,,16991,610,,,0,170,,16992,610,,,0,130,,16993,610,,,0,170,,16994,610,,,0,130,,16995,610,,,0,170,,16996,610,,,0,130,,16997,610,,,0,170,,16998,610,,,0,130,,16999,610,,,0
25001,'Fête-1-01',751,,17082,580,,,0,100,,17066,580,,,0,70,,17069,580,,,0,100,,17076,580,,,0,30,,17077,580,,,0,100,,17068,580,,,0,70,,17071,580,,,0,100,,17079,580,,,0,30,,17080,580,,,0,100,,17067,580,,,0,70,,17078,580,,,0,100,,17070,580,,,0,31,,17075,580,,,0,100,,17081,580,,,0,70,,17072,580,,,0,100,,17073,580,,,0,30,,17065,580,,,0,100,,17074,580,,,0,70,,17083,580,,,0,100,,17064,580,,,0,30,,17084,580,,,0
25001,'Semaine-01',620,,17085,580,,,0,25,,17086,580,,,0,72,,17087,580,0,8 27 76,0,22,,17088,580,,,0,85,,17089,580,,,0,94,,17090,580,,,0,28,,17091,580,,,0,95,,17092,580,,,0,100,,17093,580,,,0,103,,17094,580,,,0,100,,17095,580,,,0,102,,17096,580,,,0,155,,17097,580,,,0,102,,17098,580,,,0,26,,17099,580,,,0,30,,17100,580,,,0,68,,17101,580,,,0,81,,17102,580,,,0,47,,17103,580,,,0,147,,17104,580,,,0,55,,17105,580,,,0,99,,17106,580,,,0
25001,'Week-end-01',751,,17125,580,,,0,100,,17109,580,,,0,70,,17112,580,,,0,100,,17119,580,,,0,30,,17120,580,,,0,100,,17111,580,,,0,70,,17114,580,,,0,100,,17122,580,,,0,30,,17123,580,,,0,100,,17110,580,,,0,70,,17121,580,,,0,100,,17113,580,,,0,31,,17118,580,,,0,100,,17124,580,,,0,70,,17115,580,,,0,100,,17116,580,,,0,30,,17108,580,,,0,100,,17117,580,,,0,70,,17126,580,,,0,100,,17107,580,,,0,30,,17127,580,,,0
25100,'Fête-1-01',754,,17128,320,0,31 32,0,93,,17143,660,,,0,100,,17141,660,,,0,100,,17144,660,,,0,100,,17140,660,,,0,100,,17139,660,,,0,100,,17142,660,,,0,100,,17135,660,,,0,100,,17138,660,,,0,100,,17134,660,,,0,100,,17136,660,,,0,100,,17132,660,,,0,99,,17137,660,,,0,100,,17129,660,,,0,100,,17130,660,,,0,100,,17131,660,,,0
25100,'Semaine-01',944,,17146,660,,,0,100,,17145,660,,,0,100,,17154,660,,,0,100,,17150,660,,,0,100,,17153,660,,,0,100,,17148,660,,,0,615,,17151,660,,,0,97,,17149,660,,,0,98,,17147,660,,,0
25100,'Week-end-01',754,,17155,320,0,31 32,0,93,,17170,660,,,0,100,,17168,660,,,0,100,,17171,660,,,0,100,,17167,660,,,0,100,,17166,660,,,0,100,,17169,660,,,0,100,,17162,660,,,0,100,,17165,660,,,0,100,,17161,660,,,0,100,,17163,660,,,0,100,,17159,660,,,0,99,,17164,660,,,0,100,,17156,660,,,0,100,,17157,660,,,0,100,,17158,660,,,0
25201,'Semaine-01',625,,17180,290,,,0,78,,17172,290,,,0,36,,17186,290,,,0,76,,17184,290,,,0,33,,17181,290,,,0,679,,17182,290,,,0,79,,17178,290,,,0,33,,17175,290,,,0,71,,17177,290,,,0,31,,17183,290,,,0,69,,17173,290,,,0,29,,17185,290,,,0,71,,17179,290,,,0,28,,17176,290,,,0,68,,17174,290,,,0
70901,'Fête-1-01',625,,18387,500,,,0,30,,18388,500,,,0,70,,18389,500,,,0,30,,18390,500,,,0,70,,18391,500,,,0,15,,18392,500,,,0,71,,18393,500,,,0,30,,18394,500,,,0,70,,18395,500,,,0,31,,18396,500,,,0,71,,18397,500,,,0,30,,18398,500,,,0,70,,18399,500,,,0,30,,18400,500,,,0,70,,18401,500,,,0,30,,18402,500,,,0,70,,18403,500,,,0,30,,18404,500,,,0,70,,18405,500,,,0,30,,18406,500,,,0,70,,18407,500,,,0,30,,18408,500,,,0,70,,18409,500,,,0,30,,18410,500,,,0,70,,18411,500,,,0,30,,18412,500,,,0,70,,18413,500,,,0,30,,18414,500,,,0,70,,18415,500,,,0,30,,18416,500,,,0,70,,18417,500,,,0,30,,18418,500,,,0,70,,18419,500,,,0,31,,18420,500,,,0,70,,18421,500,,,0,30,,18422,500,,,0,111,,18423,500,,,0
70901,'Semaine-01',456,,18427,500,,,0,70,,18469,500,,,0,20,,18425,500,,,0,10,,18424,500,,,0,63,,18426,500,,,0,20,,18428,500,,,0,20,,18429,500,,,0,67,,18430,500,,,0,12,,18431,500,,,0,21,,18432,500,,,0,50,,18433,500,,,0,10,,18434,500,,,0,20,,18435,500,,,0,10,,18436,500,,,0,54,,18437,500,,,0,13,,18439,500,,,0,15,,18475,500,,,0,15,,18438,500,,,0,70,,18440,500,,,0,15,,18441,500,,,0,22,,18442,530,,,0,70,,18443,530,,,0,15,,18444,530,,,0,15,,18445,530,,,0,55,,18446,530,,,0,15,,18478,530,,,0,15,,18447,530,,,0,15,,18479,530,,,0,70,,18448,530,,,0,15,,18449,530,,,0,15,,18450,530,,,0,70,,18470,530,,,0,30,,18471,530,,,0,70,,18472,530,,,0,16,,18473,530,,,0,16,,18474,530,,,0,89,,18452,530,,,0,15,,18451,530,,,0,68,,18453,530,,,0,15,,18454,530,,,0,62,,18455,530,,,0,15,,18476,530,,,0,13,,18477,530,,,0,14,,18456,530,,,0,59,,18457,530,,,0,14,,18458,530,,,0,15,,18459,530,,,0,22,,18460,500,,,0,70,,18461,500,,,0,15,,18462,500,,,0,68,,18463,500,,,0,30,,18464,500,,,0,69,,18465,500,,,0,44,,18466,500,,,0,99,,18467,500,,,0,108,,18468,500,,,0
70901,'Week-end-01',625,,18480,500,,,0,30,,18481,500,,,0,70,,18482,500,,,0,30,,18483,500,,,0,70,,18484,500,,,0,15,,18485,500,,,0,71,,18486,500,,,0,30,,18487,500,,,0,70,,18488,500,,,0,31,,18489,500,,,0,71,,18490,500,,,0,30,,18491,500,,,0,70,,18492,500,,,0,30,,18493,500,,,0,70,,18494,500,,,0,30,,18495,500,,,0,70,,18496,500,,,0,30,,18497,500,,,0,70,,18498,500,,,0,30,,18499,500,,,0,70,,18500,500,,,0,30,,18501,500,,,0,70,,18502,500,,,0,30,,18503,500,,,0,70,,18504,500,,,0,30,,18505,500,,,0,70,,18506,500,,,0,30,,18507,500,,,0,70,,18508,500,,,0,30,,18509,500,,,0,70,,18510,500,,,0,30,,18511,500,,,0,70,,18512,500,,,0,31,,18513,500,,,0,70,,18514,500,,,0,30,,18515,500,,,0,111,,18516,500,,,0
