25001,'Fête-1-05',707,,4425,20,,,0,99,,4409,20,,,0,30,,4412,20,,,0,99,,4419,20,,,0,70,,4420,20,,,0,101,,4411,20,,,0,30,,4414,20,,,0,100,,4422,20,,,0,70,,4423,20,,,0,100,,4410,20,,,0,29,,4421,20,,,0,100,,4413,20,,,0,71,,4418,20,,,0,101,,4424,20,,,0,30,,4415,20,,,0,100,,4416,20,,,0,70,,4408,20,,,0,101,,4417,20,,,0,30,,4426,20,,,0,101,,4407,20,,,0,70,,4427,20,,,0
25001,'Fête-2-04',531,,4428,20,,,0,25,,4429,20,,,0,68,,4430,20,,,0,21,,4431,20,,,0,85,,4432,20,,,0,96,,4433,20,,,0,32,,4434,20,,,0,96,,4435,20,,,0,100,,4436,20,,,0,103,,4437,20,,,0,100,,4438,20,,,0,102,,4439,20,,,0,155,,4440,20,,,0,99,,4441,20,,,0,26,,4442,20,,,0,70,,4443,20,,,0,28,,4444,20,,,0,84,,4445,20,,,0,87,,4446,20,,,0,108,,4447,20,,,0,93,,4448,20,,,0,101,,4449,20,,,0
25001,'Semaine-52',531,,4450,20,,,0,24,,4451,20,,,0,69,,4452,20,,,0,21,,4453,20,,,0,85,,4454,20,,,0,22,,4455,20,,,0,74,,4456,20,,,0,32,,4457,20,,,0,77,,4458,20,,,0,19,,4459,20,,,0,100,,4460,20,,,0,103,,4461,20,,,0,100,,4462,20,,,0,102,,4463,20,,,0,155,,4464,20,,,0,24,,4465,20,,,0,75,,4466,20,,,0,26,,4467,20,,,0,70,,4468,20,,,0,28,,4469,20,,,0,83,,4470,20,,,0,88,,4471,20,,,0,107,,4472,20,,,0,94,,4473,20,,,0,101,,4474,20,,,0
25001,'Week-end-52',707,,4493,20,,,0,99,,4477,20,,,0,30,,4480,20,,,0,99,,4487,20,,,0,70,,4488,20,,,0,101,,4479,20,,,0,30,,4482,20,,,0,100,,4490,20,,,0,70,,4491,20,,,0,100,,4478,20,,,0,29,,4489,20,,,0,100,,4481,20,,,0,71,,4486,20,,,0,101,,4492,20,,,0,30,,4483,20,,,0,100,,4484,20,,,0,70,,4476,20,,,0,101,,4485,20,,,0,30,,4494,20,,,0,101,,4475,20,,,0,70,,4495,20,,,0
31700,'Fête-2-04',650,,5599,20,0,11 23,0,70,,5600,20,0,11 23,0,110,,5601,20,0,11 23,0,290,,5602,20,0,11 23,0,300,,5603,20,0,11 23,0
31700,'Semaine-52',650,,5605,20,0,11 23,0,70,,5606,20,0,11 23,0,110,,5607,20,0,11 23,0,290,,5608,20,0,11 23,0,300,,5609,20,0,11 23,0
31701,'Fête-2-04',1231,,5613,30,0,24,0,270,,5618,30,0,24,0,100,,5614,30,0,24,0,130,,5615,30,0,24,0,100,,5616,30,0,24,0,475,,5617,30,0,24,0
31701,'Semaine-52',1231,,5620,30,0,24,0,270,,5625,30,0,24,0,100,,5621,30,0,24,0,130,,5622,30,0,24,0,100,,5623,30,0,24,0,475,,5624,30,0,24,0
51401,'Fête-2-04',524,,6100,20,,,0,95,,6101,20,,,0,34,,6102,20,,,0
51401,'Semaine-52',524,,6103,20,,,0,95,,6104,20,,,0,34,,6105,20,,,0
