30300,'Fête-1-01',849,,17222,40,,,0,100,,17223,40,,,0,100,,17224,40,,,0,100,,17225,40,,,0,100,,17226,40,,,0,100,,17227,40,,,0,100,,17228,40,,,0,100,,17229,40,,,0,100,,17230,40,,,0,100,,17231,40,,,0,100,,17232,40,,,0,100,,17233,40,,,0,100,,17234,40,,,0,100,,17235,40,,,0,100,,17236,40,,,0
30300,'Semaine-01',619,,17237,40,0,51,0,30,,17238,40,0,51,0,70,,17239,40,0,51,0,30,,17240,40,0,51,0,70,,17241,40,0,51,0,30,,17242,40,0,51,0,100,,17253,40,0,51,0,100,,17243,40,0,51,0,100,,17244,40,0,51,0,100,,17245,40,0,51,0,100,,17246,40,0,51,0,100,,17247,40,0,51,0,100,,17248,40,0,51,0,70,,17254,40,0,51,0,30,,17255,40,0,51,0,70,,17249,40,0,51,0,30,,17250,40,0,51,0,70,,17251,40,0,51,0,30,,17252,40,0,51,0,100,,17256,40,0,51,0,100,,17257,40,0,51,0,100,,17258,40,0,51,0,100,,17259,40,0,51,0
30300,'Week-end-01',849,,17260,40,,,0,100,,17261,40,,,0,100,,17262,40,,,0,100,,17263,40,,,0,100,,17264,40,,,0,100,,17265,40,,,0,100,,17266,40,,,0,100,,17267,40,,,0,100,,17268,40,,,0,100,,17269,40,,,0,100,,17270,40,,,0,100,,17271,40,,,0,100,,17272,40,,,0,100,,17273,40,,,0,100,,17274,40,,,0
30301,'Fête-1-01',812,,17275,190,,,0,100,,17276,190,,,0,100,,17277,190,,,0,100,,17278,190,,,0,101,,17279,190,,,0,100,,17280,190,,,0,100,,17281,190,,,0,100,,17282,190,,,0,100,,17283,190,,,0,100,,17284,190,,,0,100,,17285,190,,,0,99,,17286,190,,,0,100,,17287,190,,,0,100,,17288,190,,,0,100,,17289,190,,,0
30301,'Semaine-01',544,,17303,190,0,31 13,0,100,,17304,190,0,31 13,0,70,,17305,190,0,31 13,0,32,,17306,190,0,31 13,0,70,,17307,190,0,31 13,0,98,,17309,190,0,31 13,0,100,,17310,190,0,31 13,0,100,,17308,190,0,31 13,0,100,,17301,190,0,31 13,0,100,,17302,190,0,31 13,0,100,,17300,190,0,31 13,0,101,,17296,190,0,31 13,0,30,,17311,190,0,31 13,0,70,,17295,190,0,31 13,0,30,,17290,190,0,31 13,0,70,,17291,190,0,31 13,0,30,,17292,190,0,31 13,0,70,,17297,190,0,31 13,0,98,,17298,190,0,31 13,0,100,,17299,190,0,31 13,0,99,,17293,190,0,31 13,0,100,,17294,190,0,31 13,0
30301,'Week-end-01',812,,17312,190,,,0,100,,17313,190,,,0,100,,17314,190,,,0,100,,17315,190,,,0,101,,17316,190,,,0,100,,17317,190,,,0,100,,17318,190,,,0,100,,17319,190,,,0,100,,17320,190,,,0,100,,17321,190,,,0,100,,17322,190,,,0,99,,17323,190,,,0,100,,17324,190,,,0,100,,17325,190,,,0,100,,17326,190,,,0
30600,'Fête-1-01',848,,17327,30,,,0,100,,17328,30,,,0,100,,17329,30,,,0,100,,17330,30,,,0,100,,17331,30,,,0,100,,17332,30,,,0,100,,17333,30,,,0,100,,17334,30,,,0,100,,17335,30,,,0,100,,17336,30,,,0,100,,17337,30,,,0,100,,17338,30,,,0,100,,17339,30,,,0,100,,17340,30,,,0,100,,17341,30,,,0
30600,'Semaine-01',618,,17342,30,,,0,30,,17343,30,,,0,70,,17344,30,,,0,30,,17345,30,,,0,70,,17346,30,,,0,30,,17347,30,,,0,100,,17348,30,,,0,100,,17349,30,,,0,100,,17350,30,,,0,100,,17351,30,,,0,100,,17352,30,,,0,100,,17353,30,,,0,100,,17354,30,,,0,70,,17355,30,,,0,30,,17356,30,,,0,70,,17357,30,,,0,30,,17358,30,,,0,70,,17359,30,,,0,30,,17360,30,,,0,100,,17361,30,,,0,100,,17362,30,,,0,100,,17363,30,,,0,100,,17364,30,,,0
30600,'Week-end-01',848,,17365,30,,,0,100,,17366,30,,,0,100,,17367,30,,,0,100,,17368,30,,,0,100,,17369,30,,,0,100,,17370,30,,,0,100,,17371,30,,,0,100,,17372,30,,,0,100,,17373,30,,,0,100,,17374,30,,,0,100,,17375,30,,,0,100,,17376,30,,,0,100,,17377,30,,,0,100,,17378,30,,,0,100,,17379,30,,,0
30601,'Fête-1-01',811,,17380,80,,,0,100,,17381,80,,,0,100,,17382,80,,,0,100,,17383,80,,,0,101,,17384,80,,,0,100,,17385,80,,,0,100,,17386,80,,,0,100,,17387,80,,,0,100,,17388,80,,,0,100,,17389,80,,,0,100,,17390,80,,,0,99,,17391,80,,,0,100,,17392,80,,,0,100,,17393,80,,,0,100,,17394,80,,,0
30601,'Semaine-01',543,,17395,80,,,0,100,,17396,80,,,0,70,,17397,80,,,0,32,,17398,80,,,0,70,,17399,80,,,0,98,,17400,80,,,0,100,,17401,80,,,0,100,,17402,80,,,0,100,,17403,80,,,0,100,,17404,80,,,0,100,,17405,80,,,0,101,,17406,80,,,0,30,,17407,80,,,0,70,,17408,80,,,0,30,,17409,80,,,0,70,,17410,80,,,0,30,,17411,80,,,0,70,,17412,80,,,0,98,,17416,80,,,0,100,,17413,80,,,0,99,,17414,80,,,0,100,,17415,80,,,0
30601,'Week-end-01',811,,17417,80,,,0,100,,17418,80,,,0,100,,17419,80,,,0,100,,17420,80,,,0,101,,17421,80,,,0,100,,17422,80,,,0,100,,17423,80,,,0,100,,17424,80,,,0,100,,17425,80,,,0,100,,17426,80,,,0,100,,17427,80,,,0,99,,17428,80,,,0,100,,17429,80,,,0,100,,17430,80,,,0,100,,17431,80,,,0
30900,'Fête-1-01',850,,17432,30,,,0,100,,17433,30,,,0,100,,17434,30,,,0,100,,17435,30,,,0,100,,17436,30,,,0,100,,17437,30,,,0,100,,17438,30,,,0,100,,17439,30,,,0,100,,17440,30,,,0,100,,17441,30,,,0,100,,17442,30,,,0,100,,17443,30,,,0,100,,17444,30,,,0,100,,17445,30,,,0,100,,17446,30,,,0
30900,'Semaine-01',620,,17447,30,,,0,30,,17448,30,,,0,70,,17449,30,,,0,30,,17450,30,,,0,70,,17451,30,,,0,30,,17452,30,,,0,100,,17453,30,,,0,100,,17454,30,,,0,100,,17455,30,,,0,100,,17456,30,,,0,100,,17457,30,,,0,100,,17458,30,,,0,100,,17459,30,,,0,70,,17460,30,,,0,30,,17461,30,,,0,70,,17462,30,,,0,30,,17463,30,,,0,70,,17464,30,,,0,30,,17465,30,,,0,100,,17466,30,,,0,100,,17467,30,,,0,100,,17468,30,,,0,100,,17469,30,,,0
30900,'Week-end-01',850,,17470,30,,,0,100,,17471,30,,,0,100,,17472,30,,,0,100,,17473,30,,,0,100,,17474,30,,,0,100,,17475,30,,,0,100,,17476,30,,,0,100,,17477,30,,,0,100,,17478,30,,,0,100,,17479,30,,,0,100,,17480,30,,,0,100,,17481,30,,,0,100,,17482,30,,,0,100,,17483,30,,,0,100,,17484,30,,,0
30901,'Fête-1-01',813,,17485,20,,,0,100,,17486,20,,,0,100,,17487,20,,,0,100,,17488,20,,,0,101,,17489,20,,,0,100,,17490,20,,,0,100,,17491,20,,,0,100,,17492,20,,,0,100,,17493,20,,,0,100,,17494,20,,,0,100,,17495,20,,,0,99,,17496,20,,,0,100,,17497,20,,,0,100,,17498,20,,,0,100,,17499,20,,,0
30901,'Semaine-01',545,,17500,20,,,0,100,,17501,20,,,0,70,,17502,20,,,0,32,,17503,20,,,0,70,,17504,20,,,0,98,,17505,20,,,0,100,,17506,20,,,0,100,,17507,20,,,0,100,,17508,20,,,0,100,,17509,20,,,0,100,,17510,20,,,0,101,,17511,20,,,0,30,,17512,20,,,0,70,,17513,20,,,0,30,,17514,20,,,0,70,,17515,20,,,0,30,,17516,20,,,0,70,,17517,20,,,0,98,,17521,20,,,0,100,,17518,20,,,0,99,,17519,20,,,0,100,,17520,20,,,0
30901,'Week-end-01',813,,17522,20,,,0,100,,17523,20,,,0,100,,17524,20,,,0,100,,17525,20,,,0,101,,17526,20,,,0,100,,17527,20,,,0,100,,17528,20,,,0,100,,17529,20,,,0,100,,17530,20,,,0,100,,17531,20,,,0,100,,17532,20,,,0,99,,17533,20,,,0,100,,17534,20,,,0,100,,17535,20,,,0,100,,17536,20,,,0
31000,'Fête-1-01',848,,17537,30,,,0,100,,17538,30,,,0,100,,17539,30,,,0,100,,17540,30,,,0,100,,17541,30,,,0,100,,17542,30,,,0,100,,17543,30,,,0,100,,17544,30,,,0,100,,17545,30,,,0,100,,17546,30,,,0,100,,17547,30,,,0,100,,17548,30,,,0,100,,17549,30,,,0,100,,17550,30,,,0,100,,17551,30,,,0
31000,'Semaine-01',618,,17552,30,,,0,30,,17553,30,,,0,70,,17554,30,,,0,30,,17555,30,,,0,70,,17556,30,,,0,30,,17557,30,,,0,100,,17558,30,,,0,100,,17559,30,,,0,100,,17560,30,,,0,100,,17561,30,,,0,100,,17562,30,,,0,100,,17563,30,,,0,100,,17564,30,,,0,70,,17565,30,,,0,30,,17566,30,,,0,70,,17567,30,,,0,30,,17568,30,,,0,70,,17569,30,,,0,30,,17570,30,,,0,100,,17571,30,,,0,100,,17572,30,,,0,100,,17573,30,,,0,100,,17574,30,,,0
31000,'Week-end-01',848,,17575,30,,,0,100,,17576,30,,,0,100,,17577,30,,,0,100,,17578,30,,,0,100,,17579,30,,,0,100,,17580,30,,,0,100,,17581,30,,,0,100,,17582,30,,,0,100,,17583,30,,,0,100,,17584,30,,,0,100,,17585,30,,,0,100,,17586,30,,,0,100,,17587,30,,,0,100,,17588,30,,,0,100,,17589,30,,,0
31001,'Fête-1-01',811,,17590,160,,,0,100,,17591,160,,,0,100,,17592,160,,,0,100,,17593,160,,,0,101,,17594,160,,,0,100,,17595,160,,,0,100,,17596,160,,,0,100,,17597,160,,,0,100,,17598,160,,,0,100,,17599,160,,,0,100,,17600,160,,,0,99,,17601,160,,,0,100,,17602,160,,,0,100,,17603,160,,,0,100,,17604,160,,,0
31001,'Semaine-01',543,,17605,160,,,0,100,,17606,160,,,0,70,,17607,160,,,0,32,,17608,160,,,0,70,,17609,160,,,0,98,,17610,160,,,0,100,,17611,160,,,0,100,,17612,160,,,0,100,,17613,160,,,0,100,,17614,160,,,0,100,,17615,160,,,0,101,,17616,160,,,0,30,,17617,160,,,0,70,,17618,160,,,0,30,,17619,160,,,0,70,,17620,160,,,0,30,,17621,160,,,0,70,,17622,160,,,0,98,,17626,160,,,0,100,,17623,160,,,0,99,,17624,160,,,0,100,,17625,160,,,0
31001,'Week-end-01',811,,17627,160,,,0,100,,17628,160,,,0,100,,17629,160,,,0,100,,17630,160,,,0,101,,17631,160,,,0,100,,17632,160,,,0,100,,17633,160,,,0,100,,17634,160,,,0,100,,17635,160,,,0,100,,17636,160,,,0,100,,17637,160,,,0,99,,17638,160,,,0,100,,17639,160,,,0,100,,17640,160,,,0,100,,17641,160,,,0
31100,'Fête-1-01',850,,17642,30,,,0,100,,17643,30,,,0,100,,17644,30,,,0,100,,17645,30,,,0,100,,17646,30,,,0,100,,17647,30,,,0,100,,17648,30,,,0,100,,17649,30,,,0,100,,17650,30,,,0,100,,17651,30,,,0,100,,17652,30,,,0,100,,17653,30,,,0,100,,17654,30,,,0,100,,17655,30,,,0,100,,17656,30,,,0
31100,'Semaine-01',620,,17657,30,,,0,30,,17658,30,,,0,70,,17659,30,,,0,30,,17660,30,,,0,70,,17661,30,,,0,30,,17662,30,,,0,100,,17663,30,,,0,100,,17664,30,,,0,100,,17665,30,,,0,100,,17666,30,,,0,100,,17667,30,,,0,100,,17668,30,,,0,100,,17669,30,,,0,70,,17670,30,,,0,30,,17671,30,,,0,70,,17672,30,,,0,30,,17673,30,,,0,70,,17674,30,,,0,30,,17675,30,,,0,100,,17676,30,,,0,100,,17677,30,,,0,100,,17678,30,,,0,100,,17679,30,,,0
31100,'Week-end-01',850,,17680,30,,,0,100,,17681,30,,,0,100,,17682,30,,,0,100,,17683,30,,,0,100,,17684,30,,,0,100,,17685,30,,,0,100,,17686,30,,,0,100,,17687,30,,,0,100,,17688,30,,,0,100,,17689,30,,,0,100,,17690,30,,,0,100,,17691,30,,,0,100,,17692,30,,,0,100,,17693,30,,,0,100,,17694,30,,,0
31101,'Fête-1-01',813,,17695,190,,,0,100,,17696,190,,,0,100,,17697,190,,,0,100,,17698,190,,,0,101,,17699,190,,,0,100,,17700,190,,,0,100,,17701,190,,,0,100,,17702,190,,,0,100,,17703,190,,,0,100,,17704,190,,,0,100,,17705,190,,,0,99,,17706,190,,,0,100,,17707,190,,,0,100,,17708,190,,,0,100,,17709,190,,,0
31101,'Semaine-01',544,,17710,190,,,0,101,,17711,190,,,0,70,,17712,190,,,0,32,,17713,190,,,0,70,,17714,190,,,0,98,,17715,190,,,0,100,,17716,190,,,0,100,,17717,190,,,0,100,,17718,190,,,0,100,,17719,190,,,0,100,,17720,190,,,0,101,,17721,190,,,0,30,,17722,190,,,0,70,,17723,190,,,0,30,,17724,190,,,0,70,,17725,190,,,0,30,,17726,190,,,0,70,,17727,190,,,0,98,,17731,190,,,0,100,,17728,190,,,0,99,,17729,190,,,0,100,,17730,190,,,0
31101,'Week-end-01',813,,17732,190,,,0,100,,17733,190,,,0,100,,17734,190,,,0,100,,17735,190,,,0,101,,17736,190,,,0,100,,17737,190,,,0,100,,17738,190,,,0,100,,17739,190,,,0,100,,17740,190,,,0,100,,17741,190,,,0,100,,17742,190,,,0,99,,17743,190,,,0,100,,17744,190,,,0,100,,17745,190,,,0,100,,17746,190,,,0
31200,'Fête-1-01',812,,17747,210,,,0,100,,17748,210,,,0,100,,17749,210,,,0,100,,17750,210,,,0,101,,17751,210,,,0,100,,17752,210,,,0,100,,17753,210,,,0,100,,17754,210,,,0,100,,17755,210,,,0,100,,17756,210,,,0,100,,17757,210,,,0,99,,17758,210,,,0,100,,17759,210,,,0,100,,17760,210,,,0,100,,17761,210,,,0
31200,'Semaine-01',547,,17762,210,,,0,100,,17763,210,,,0,70,,17764,210,,,0,32,,17765,210,,,0,70,,17766,210,,,0,98,,17767,210,,,0,100,,17768,210,,,0,100,,17769,210,,,0,100,,17770,210,,,0,100,,17771,210,,,0,100,,17772,210,,,0,101,,17773,210,,,0,30,,17774,210,,,0,70,,17775,210,,,0,30,,17776,210,,,0,70,,17777,210,,,0,30,,17778,210,,,0,70,,17779,210,,,0,98,,17783,210,,,0,100,,17780,210,,,0,99,,17781,210,,,0,100,,17782,210,,,0
31200,'Week-end-01',812,,17784,210,,,0,100,,17785,210,,,0,100,,17786,210,,,0,100,,17787,210,,,0,101,,17788,210,,,0,100,,17789,210,,,0,100,,17790,210,,,0,100,,17791,210,,,0,100,,17792,210,,,0,100,,17793,210,,,0,100,,17794,210,,,0,99,,17795,210,,,0,100,,17796,210,,,0,100,,17797,210,,,0,100,,17798,210,,,0
31201,'Fête-1-01',849,,17799,30,,,0,100,,17800,30,,,0,100,,17801,30,,,0,100,,17802,30,,,0,100,,17803,30,,,0,100,,17804,30,,,0,100,,17805,30,,,0,100,,17806,30,,,0,100,,17807,30,,,0,100,,17808,30,,,0,100,,17809,30,,,0,100,,17810,30,,,0,100,,17811,30,,,0,100,,17812,30,,,0,100,,17813,30,,,0
31201,'Semaine-01',616,,17814,30,,,0,30,,17815,30,,,0,70,,17816,30,,,0,30,,17817,30,,,0,70,,17818,30,,,0,30,,17819,30,,,0,100,,17820,30,,,0,100,,17821,30,,,0,100,,17822,30,,,0,100,,17823,30,,,0,100,,17824,30,,,0,100,,17825,30,,,0,100,,17826,30,,,0,70,,17827,30,,,0,30,,17828,30,,,0,70,,17829,30,,,0,30,,17830,30,,,0,70,,17831,30,,,0,30,,17832,30,,,0,100,,17833,30,,,0,100,,17834,30,,,0,100,,17835,30,,,0,100,,17836,30,,,0
31201,'Week-end-01',849,,17837,30,,,0,100,,17838,30,,,0,100,,17839,30,,,0,100,,17840,30,,,0,100,,17841,30,,,0,100,,17842,30,,,0,100,,17843,30,,,0,100,,17844,30,,,0,100,,17845,30,,,0,100,,17846,30,,,0,100,,17847,30,,,0,100,,17848,30,,,0,100,,17849,30,,,0,100,,17850,30,,,0,100,,17851,30,,,0
