25001,'Fête-1-05',719,,4425,230,,,0,99,,4409,230,,,0,30,,4412,230,,,0,99,,4419,230,,,0,70,,4420,230,,,0,101,,4411,230,,,0,30,,4414,230,,,0,100,,4422,230,,,0,70,,4423,230,,,0,100,,4410,230,,,0,29,,4421,230,,,0,100,,4413,230,,,0,71,,4418,230,,,0,101,,4424,230,,,0,30,,4415,230,,,0,100,,4416,230,,,0,70,,4408,230,,,0,101,,4417,230,,,0,30,,4426,230,,,0,101,,4407,230,,,0,70,,4427,230,,,0
25001,'Fête-2-04',544,,4428,230,,,0,65,,4429,230,,,0,28,,4430,230,,,0,21,,4431,230,,,0,85,,4432,230,,,0,96,,4433,230,,,0,72,,4434,230,,,0,96,,4435,230,,,0,100,,4436,230,,,0,103,,4437,230,,,0,100,,4438,230,,,0,102,,4439,230,,,0,115,,4440,230,,,0,99,,4441,230,,,0,26,,4442,230,,,0,70,,4443,230,,,0,28,,4444,230,,,0,83,,4445,230,,,0,87,,4446,230,,,0,108,,4447,230,,,0,93,,4448,230,,,0,101,,4449,230,,,0
25001,'Semaine-52',544,,4450,230,,,0,64,,4451,230,,,0,29,,4452,230,,,0,21,,4453,230,,,0,85,,4454,230,,,0,62,,4455,230,,,0,34,,4456,230,,,0,72,,4457,230,,,0,37,,4458,230,,,0,59,,4459,230,,,0,100,,4460,230,,,0,103,,4461,230,,,0,100,,4462,230,,,0,102,,4463,230,,,0,115,,4464,230,,,0,24,,4465,230,,,0,75,,4466,230,,,0,26,,4467,230,,,0,70,,4468,230,,,0,28,,4469,230,,,0,82,,4470,230,,,0,88,,4471,230,,,0,107,,4472,230,,,0,94,,4473,230,,,0,101,,4474,230,,,0
25001,'Week-end-52',719,,4493,230,,,0,99,,4477,230,,,0,30,,4480,230,,,0,99,,4487,230,,,0,70,,4488,230,,,0,101,,4479,230,,,0,30,,4482,230,,,0,100,,4490,230,,,0,70,,4491,230,,,0,100,,4478,230,,,0,29,,4489,230,,,0,100,,4481,230,,,0,71,,4486,230,,,0,101,,4492,230,,,0,30,,4483,230,,,0,100,,4484,230,,,0,70,,4476,230,,,0,101,,4485,230,,,0,30,,4494,230,,,0,101,,4475,230,,,0,70,,4495,230,,,0
31700,'Fête-2-04',655,,5599,190,0,11 23,0,70,,5600,190,0,11 23,0,110,,5601,190,0,11 23,0,290,,5602,190,0,11 23,0,300,,5603,190,0,11 23,0
31700,'Semaine-52',655,,5605,190,0,11 23,0,70,,5606,190,0,11 23,0,110,,5607,190,0,11 23,0,290,,5608,190,0,11 23,0,300,,5609,190,0,11 23,0
31701,'Fête-2-04',1235,,5613,200,0,24,0,270,,5618,200,0,24,0,100,,5614,200,0,24,0,130,,5615,200,0,24,0,100,,5616,200,0,24,0,475,,5617,200,0,24,0
31701,'Semaine-52',1235,,5620,200,0,24,0,270,,5625,200,0,24,0,100,,5621,200,0,24,0,130,,5622,200,0,24,0,100,,5623,200,0,24,0,475,,5624,200,0,24,0
51401,'Fête-2-04',534,,6100,230,,,0,95,,6101,230,,,0,74,,6102,230,,,0
51401,'Semaine-52',534,,6103,230,,,0,95,,6104,230,,,0,74,,6105,230,,,0
