24901,'Fête-1-05',738,,4256,340,,,0,168,,4257,340,,,0,130,,4258,340,,,0,170,,4259,340,,,0,130,,4260,340,,,0,170,,4261,340,,,0,130,,4262,340,,,0,170,,4263,340,,,0,130,,4264,340,,,0,170,,4265,340,,,0,130,,4266,340,,,0
24901,'Fête-2-04',601,,4267,340,,,0,23,,4268,340,,,0,78,,4269,340,,,0,57,,4270,340,,,0,65,,4271,340,,,0,105,,4272,340,,,0,95,,4273,340,,,0,100,,4274,340,,,0,100,,4275,340,,,0,100,,4276,340,,,0,100,,4277,340,,,0,121,,4278,340,,,0,90,,4279,340,,,0,75,,4280,340,,,0,38,,4281,340,,,0,89,,4282,340,,,0,103,,4283,340,,,0,101,,4284,340,,,0,103,,4285,340,,,0,97,,4286,340,,,0
24901,'Semaine-52',601,,4287,340,,,0,23,,4288,340,,,0,78,,4289,340,,,0,98,,4290,340,,,0,24,,4291,340,,,0,105,,4292,340,,,0,95,,4293,340,,,0,100,,4294,340,,,0,100,,4295,340,,,0,100,,4296,340,,,0,100,,4297,340,,,0,99,,4298,340,,,0,22,,4299,340,,,0,90,,4300,340,,,0,79,,4301,340,,,0,32,,4302,340,,,0,92,,4303,340,,,0,102,,4304,340,,,0,101,,4305,340,,,0,103,,4306,340,,,0,97,,4307,340,,,0
24901,'Week-end-52',738,,4308,340,,,0,168,,4309,340,,,0,130,,4310,340,,,0,170,,4311,340,,,0,130,,4312,340,,,0,170,,4313,340,,,0,130,,4314,340,,,0,170,,4315,340,,,0,130,,4316,340,,,0,170,,4317,340,,,0,130,,4318,340,,,0
25301,'Fête-2-04',524,,4640,200,,,0,95,,4643,200,,,0,26,,4644,200,,,0,77,,4641,200,,,0,20,,4642,200,,,0
25301,'Semaine-52',524,,4645,200,,,0,95,,4648,200,,,0,26,,4649,200,,,0,77,,4646,200,,,0,20,,4647,200,,,0
61001,'Fête-1-05',746,,6378,430,,,0,100,,6379,430,,,0,70,,6380,430,,,0,100,,6381,430,,,0,100,,6382,430,,,0,100,,6383,430,,,0,100,,6384,430,,,0,100,,6385,430,,,0,100,,6386,430,,,0,100,,6387,430,,,0,100,,6388,430,,,0,99,,6389,430,,,0,100,,6390,430,,,0,100,,6391,430,,,0,100,,6392,430,,,0,100,,6393,430,,,0,100,,6394,430,,,0
61001,'Fête-2-04',549,,6395,430,,,0,70,,6396,430,,,0,100,,6397,430,,,0,100,,6398,430,,,0,99,,6399,430,,,0,100,,6400,430,,,0,99,,6401,430,,,0,100,,6402,430,,,0,100,,6403,430,,,0,100,,6404,430,,,0,101,,6405,430,,,0,100,,6406,430,,,0,103,,6407,430,,,0,99,,6408,430,,,0,96,,6409,430,,,0,100,,6410,430,,,0,100,,6411,430,,,0,100,,6412,430,,,0,100,,6413,430,,,0
61001,'Semaine-52',549,,6414,430,,,0,70,,6415,430,,,0,30,,6416,430,,,0,70,,6417,430,,,0,30,,6418,430,,,0,70,,6419,430,,,0,29,,6438,430,,,0,70,,6420,430,,,0,100,,6421,430,,,0,99,,6422,430,,,0,100,,6423,430,,,0,100,,6424,430,,,0,100,,6425,430,,,0,101,,6426,430,,,0,100,,6427,430,,,0,33,,6428,430,,,0,70,,6429,430,,,0,29,,6430,430,,,0,70,,6431,430,,,0,26,,6432,430,,,0,70,,6433,430,,,0,100,,6434,430,,,0,100,,6435,430,,,0,100,,6436,430,,,0,100,,6437,430,,,0
61001,'Week-end-52',746,,6439,430,,,0,100,,6440,430,,,0,70,,6441,430,,,0,100,,6442,430,,,0,100,,6443,430,,,0,100,,6444,430,,,0,100,,6445,430,,,0,100,,6446,430,,,0,100,,6447,430,,,0,100,,6448,430,,,0,100,,6449,430,,,0,99,,6450,430,,,0,100,,6451,430,,,0,100,,6452,430,,,0,100,,6453,430,,,0,100,,6454,430,,,0,100,,6455,430,,,0
