23001,'Fête-1-05',807,,10691,,,0,100,,10703,,,0,100,,10692,,,0,101,,10697,,,0,100,,10704,,,0,100,,10698,,,0,100,,10699,,,0,100,,10700,,,0,100,,10702,,,0,99,,10695,,,0,100,,10696,,,0,100,,10701,,,0,100,,10694,,,0,100,,10693,,,0,100,,10690,,,0
23001,'Fête-2-04',608,,10713,,,0,31,,10706,,,0,70,,10707,,,0,30,,10708,,,0,70,,10709,,,0,29,,10710,,,0,70,,10711,,,0,100,,10712,,,0,100,,10722,,,0,100,,10723,,,0,100,,10724,,,0,100,,10725,,,0,100,,10726,,,0,101,,10728,,,0,30,,10718,,,0,70,,10719,,,0,30,,10720,,,0,70,,10721,,,0,29,,10717,,,0,70,,10727,,,0,30,,10716,,,0,100,,10715,,,0,100,,10714,,,0,100,,10705,,,0
23001,'Semaine-52',608,,10737,,,0,31,,10730,,,0,70,,10731,,,0,30,,10732,,,0,70,,10733,,,0,29,,10734,,,0,70,,10735,,,0,100,,10736,,,0,100,,10746,,,0,100,,10747,,,0,100,,10748,,,0,100,,10749,,,0,100,,10750,,,0,101,,10752,,,0,30,,10742,,,0,70,,10743,,,0,30,,10744,,,0,70,,10745,,,0,29,,10741,,,0,70,,10751,,,0,30,,10740,,,0,100,,10739,,,0,100,,10738,,,0,100,,10729,,,0
23001,'Week-end-52',807,,10754,,,0,100,,10766,,,0,100,,10755,,,0,101,,10760,,,0,100,,10767,,,0,100,,10761,,,0,100,,10762,,,0,100,,10763,,,0,100,,10765,,,0,99,,10758,,,0,100,,10759,,,0,100,,10764,,,0,100,,10757,,,0,100,,10756,,,0,100,,10753,,,0
23200,'Fête-1-05',928,,10852,,,0,102,,10847,,,0,100,,10853,,,0,102,,10846,,,0,101,,10854,,,0,100,,10845,,,0,100,,10855,,,0,98,,10850,,,0,100,,10856,,,0,99,,10849,,,0,100,,10857,,,0,100,,10844,,,0,100,,10858,,,0,100,,10851,,,0
23200,'Fête-2-04',632,,10859,,,0,70,,10860,,,0,30,,10861,,,0,70,,10862,,,0,30,,10863,,,0,69,,10864,,,0,100,,10865,,,0,100,,10866,,,0,100,,10867,,,0,100,,10868,,,0,100,,10869,,,0,100,,10870,,,0,106,,10871,,,0,35,,10872,,,0,73,,10873,,,0,27,,10874,,,0,67,,10875,,,0,27,,10876,,,0,71,,10877,,,0,94,,10878,,,0,100,,10879,,,0,100,,10880,,,0
23200,'Semaine-52',632,,10883,,,0,70,,10884,,,0,30,,10885,,,0,70,,10886,,,0,30,,10887,,,0,69,,10888,,,0,100,,10889,,,0,100,,10890,,,0,100,,10891,,,0,100,,10892,,,0,100,,10893,,,0,100,,10894,,,0,106,,10895,,,0,35,,10896,,,0,73,,10897,,,0,27,,10898,,,0,67,,10899,,,0,27,,10900,,,0,71,,10901,,,0,94,,10902,,,0,100,,10903,,,0,100,,10904,,,0
23200,'Week-end-52',928,,10915,,,0,102,,10910,,,0,100,,10916,,,0,102,,10909,,,0,101,,10917,,,0,100,,10908,,,0,100,,10918,,,0,98,,10913,,,0,100,,10919,,,0,99,,10912,,,0,100,,10920,,,0,100,,10907,,,0,100,,10921,,,0,100,,10914,,,0
23501,'Fête-1-05',808,,11092,,,0,100,,11096,,,0,100,,11089,,,0,100,,11090,,,0,101,,11086,,,0,100,,11088,,,0,100,,11087,,,0,100,,11091,,,0,100,,11094,,,0,100,,11099,,,0,100,,11100,,,0,99,,11093,,,0,100,,11095,,,0,100,,11097,,,0,100,,11098,,,0
23501,'Fête-2-04',539,,11101,,,0,100,,11103,,,0,64,,11102,,,0,35,,11105,,,0,70,,11104,,,0,100,,11106,,,0,100,,11107,,,0,100,,11108,,,0,100,,11109,,,0,100,,11110,,,0,100,,11111,,,0,100,,11112,,,0,30,,11114,,,0,70,,11113,,,0,30,,11116,,,0,70,,11115,,,0,30,,11118,,,0,70,,11117,,,0,100,,11119,,,0,100,,11120,,,0,100,,11121,,,0,100,,11122,,,0
23501,'Semaine-52',539,,11123,,,0,100,,11125,,,0,64,,11124,,,0,35,,11127,,,0,70,,11126,,,0,100,,11128,,,0,100,,11129,,,0,100,,11130,,,0,100,,11131,,,0,100,,11132,,,0,100,,11133,,,0,100,,11134,,,0,30,,11136,,,0,70,,11135,,,0,30,,11138,,,0,70,,11137,,,0,30,,11140,,,0,70,,11139,,,0,100,,11141,,,0,100,,11142,,,0,100,,11143,,,0,100,,11144,,,0
23501,'Week-end-52',808,,11151,,,0,100,,11155,,,0,100,,11148,,,0,100,,11149,,,0,101,,11145,,,0,100,,11147,,,0,100,,11146,,,0,100,,11150,,,0,100,,11153,,,0,100,,11158,,,0,100,,11159,,,0,99,,11152,,,0,100,,11154,,,0,100,,11156,,,0,100,,11157,,,0
