31000,'Fête-1-01',834,,17537,10,,,0,100,,17538,10,,,0,100,,17539,10,,,0,100,,17540,10,,,0,100,,17541,10,,,0,100,,17542,10,,,0,100,,17543,10,,,0,100,,17544,10,,,0,100,,17545,10,,,0,100,,17546,10,,,0,100,,17547,10,,,0,100,,17548,10,,,0,100,,17549,10,,,0,100,,17550,10,,,0,100,,17551,10,,,0
31000,'Semaine-01',604,,17552,10,,,0,30,,17553,10,,,0,70,,17554,10,,,0,30,,17555,10,,,0,70,,17556,10,,,0,30,,17557,10,,,0,100,,17558,10,,,0,100,,17559,10,,,0,100,,17560,10,,,0,100,,17561,10,,,0,100,,17562,10,,,0,100,,17563,10,,,0,100,,17564,10,,,0,70,,17565,10,,,0,30,,17566,10,,,0,70,,17567,10,,,0,30,,17568,10,,,0,70,,17569,10,,,0,30,,17570,10,,,0,100,,17571,10,,,0,100,,17572,10,,,0,100,,17573,10,,,0,100,,17574,10,,,0
31000,'Week-end-01',834,,17575,10,,,0,100,,17576,10,,,0,100,,17577,10,,,0,100,,17578,10,,,0,100,,17579,10,,,0,100,,17580,10,,,0,100,,17581,10,,,0,100,,17582,10,,,0,100,,17583,10,,,0,100,,17584,10,,,0,100,,17585,10,,,0,100,,17586,10,,,0,100,,17587,10,,,0,100,,17588,10,,,0,100,,17589,10,,,0
31001,'Fête-1-01',825,,17590,180,4,,0,100,,17591,180,4,,0,100,,17592,180,4,,0,100,,17593,180,4,,0,101,,17594,180,4,,0,100,,17595,180,4,,0,100,,17596,180,4,,0,100,,17597,180,4,,0,100,,17598,180,4,,0,100,,17599,180,4,,0,100,,17600,180,4,,0,99,,17601,180,4,,0,100,,17602,180,4,,0,100,,17603,180,4,,0,100,,17604,180,4,,0
31001,'Semaine-01',557,,17605,180,4,,0,100,,17606,180,4,,0,70,,17607,180,4,,0,32,,17608,180,4,,0,70,,17609,180,4,,0,98,,17610,180,4,,0,100,,17611,180,4,,0,100,,17612,180,4,,0,100,,17613,180,4,,0,100,,17614,180,4,,0,100,,17615,180,4,,0,101,,17616,180,4,,0,30,,17617,180,4,,0,70,,17618,180,4,,0,30,,17619,180,4,,0,70,,17620,180,4,,0,30,,17621,180,4,,0,70,,17622,180,4,,0,98,,17626,180,4,,0,100,,17623,180,4,,0,99,,17624,180,4,,0,100,,17625,180,4,,0
31001,'Week-end-01',825,,17627,180,4,,0,100,,17628,180,4,,0,100,,17629,180,4,,0,100,,17630,180,4,,0,101,,17631,180,4,,0,100,,17632,180,4,,0,100,,17633,180,4,,0,100,,17634,180,4,,0,100,,17635,180,4,,0,100,,17636,180,4,,0,100,,17637,180,4,,0,99,,17638,180,4,,0,100,,17639,180,4,,0,100,,17640,180,4,,0,100,,17641,180,4,,0
31100,'Fête-1-01',836,,17642,10,,,0,100,,17643,10,,,0,100,,17644,10,,,0,100,,17645,10,,,0,100,,17646,10,,,0,100,,17647,10,,,0,100,,17648,10,,,0,100,,17649,10,,,0,100,,17650,10,,,0,100,,17651,10,,,0,100,,17652,10,,,0,100,,17653,10,,,0,100,,17654,10,,,0,100,,17655,10,,,0,100,,17656,10,,,0
31100,'Semaine-01',606,,17657,10,,,0,30,,17658,10,,,0,70,,17659,10,,,0,30,,17660,10,,,0,70,,17661,10,,,0,30,,17662,10,,,0,100,,17663,10,,,0,100,,17664,10,,,0,100,,17665,10,,,0,100,,17666,10,,,0,100,,17667,10,,,0,100,,17668,10,,,0,100,,17669,10,,,0,70,,17670,10,,,0,30,,17671,10,,,0,70,,17672,10,,,0,30,,17673,10,,,0,70,,17674,10,,,0,30,,17675,10,,,0,100,,17676,10,,,0,100,,17677,10,,,0,100,,17678,10,,,0,100,,17679,10,,,0
31100,'Week-end-01',836,,17680,10,,,0,100,,17681,10,,,0,100,,17682,10,,,0,100,,17683,10,,,0,100,,17684,10,,,0,100,,17685,10,,,0,100,,17686,10,,,0,100,,17687,10,,,0,100,,17688,10,,,0,100,,17689,10,,,0,100,,17690,10,,,0,100,,17691,10,,,0,100,,17692,10,,,0,100,,17693,10,,,0,100,,17694,10,,,0
31101,'Fête-1-01',827,,17695,210,4,,0,100,,17696,210,4,,0,100,,17697,210,4,,0,100,,17698,210,4,,0,101,,17699,210,4,,0,100,,17700,210,4,,0,100,,17701,210,4,,0,100,,17702,210,4,,0,100,,17703,210,4,,0,100,,17704,210,4,,0,100,,17705,210,4,,0,99,,17706,210,4,,0,100,,17707,210,4,,0,100,,17708,210,4,,0,100,,17709,210,4,,0
31101,'Semaine-01',558,,17710,210,4,,0,101,,17711,210,4,,0,70,,17712,210,4,,0,72,,17713,210,4,,0,30,,17714,210,4,,0,98,,17715,210,4,,0,100,,17716,210,4,,0,100,,17717,210,4,,0,100,,17718,210,4,,0,100,,17719,210,4,,0,100,,17720,210,4,,0,101,,17721,210,4,,0,70,,17722,210,4,,0,30,,17723,210,4,,0,70,,17724,210,4,,0,30,,17725,210,4,,0,70,,17726,210,4,,0,30,,17727,210,4,,0,98,,17731,210,4,,0,100,,17728,210,4,,0,99,,17729,210,4,,0,100,,17730,210,4,,0
31101,'Week-end-01',827,,17732,210,4,,0,100,,17733,210,4,,0,100,,17734,210,4,,0,100,,17735,210,4,,0,101,,17736,210,4,,0,100,,17737,210,4,,0,100,,17738,210,4,,0,100,,17739,210,4,,0,100,,17740,210,4,,0,100,,17741,210,4,,0,100,,17742,210,4,,0,99,,17743,210,4,,0,100,,17744,210,4,,0,100,,17745,210,4,,0,100,,17746,210,4,,0
