22001,'Fête-1-05',822,,10163,,,0,200,,10160,,,0,199,,10158,,,0,200,,10159,,,0,200,,10157,,,0,201,,10162,,,0,200,,10161,,,0
22001,'Fête-2-04',531,,10164,0,6 7,0,69,,10165,0,6 7,0,27,,10166,,,0,30,,10167,,,0,71,,10168,,,0,31,,10169,,,0,71,,10170,,,0,29,,10171,,,0,99,,10172,,,0,100,,10173,,,0,100,,10174,,,0,100,,10175,,,0,100,,10176,,,0,101,,10177,,,0,100,,10178,,,0,142,,10179,,,0,30,,10180,,,0,71,,10181,,,0,30,,10182,,,0,68,,10183,,,0,28,,10184,,,0,30,,10185,,,0,100,,10186,,,0,99,,10187,,,0,100,,10188,,,0
22001,'Semaine-52',531,,10190,0,6 7,0,69,,10191,0,6 7,0,27,,10192,,,0,30,,10193,,,0,71,,10194,,,0,31,,10195,,,0,71,,10196,,,0,29,,10197,,,0,99,,10198,,,0,100,,10199,,,0,100,,10200,,,0,100,,10201,,,0,100,,10202,,,0,101,,10203,,,0,100,,10204,,,0,142,,10205,,,0,30,,10206,,,0,71,,10207,,,0,30,,10208,,,0,68,,10209,,,0,28,,10210,,,0,30,,10211,,,0,100,,10212,,,0,99,,10213,,,0,100,,10214,,,0
22001,'Week-end-52',822,,10223,,,0,200,,10220,,,0,199,,10218,,,0,200,,10219,,,0,200,,10217,,,0,201,,10222,,,0,200,,10221,,,0
22100,'Fête-1-05',922,,10224,,,0,200,,10228,,,0,200,,10229,,,0,200,,10230,,,0,200,,10225,,,0,200,,10227,,,0,200,,10226,,,0
22100,'Fête-2-04',544,,10232,0,6 7,0,70,,10233,0,6 7,0,31,,10234,,,0,70,,10231,,,0,31,,10235,,,0,70,,10236,,,0,30,,10237,,,0,85,,10238,,,0,100,,10239,,,0,100,,10240,,,0,100,,10241,,,0,100,,10242,,,0,100,,10243,,,0,100,,10244,,,0,100,,10245,,,0,85,,10246,,,0,30,,10247,,,0,70,,10248,,,0,31,,10249,,,0,68,,10250,,,0,30,,10251,,,0,85,,10252,,,0,99,,10253,,,0,100,,10254,,,0
22100,'Semaine-52',544,,10256,0,6 7,0,70,,10257,0,6 7,0,31,,10258,,,0,70,,10255,,,0,31,,10259,,,0,70,,10260,,,0,30,,10261,,,0,85,,10262,,,0,100,,10263,,,0,100,,10264,,,0,100,,10265,,,0,100,,10266,,,0,100,,10267,,,0,100,,10268,,,0,100,,10269,,,0,85,,10270,,,0,30,,10271,,,0,70,,10272,,,0,31,,10273,,,0,68,,10274,,,0,30,,10275,,,0,85,,10276,,,0,99,,10277,,,0,100,,10278,,,0
22100,'Week-end-52',922,,10279,,,0,200,,10283,,,0,200,,10284,,,0,200,,10285,,,0,200,,10280,,,0,200,,10282,,,0,200,,10281,,,0
22201,'Fête-1-05',758,,10300,,,0,100,,10288,,,0,100,,10287,,,0,100,,10286,,,0,100,,10289,,,0,100,,10290,,,0,100,,10291,,,0,100,,10292,,,0,100,,10293,,,0,100,,10294,,,0,100,,10295,,,0,100,,10296,,,0,100,,10297,,,0,100,,10298,,,0,99,,10299,0,8 6 22,0
22201,'Fête-2-04',547,,10318,,,0,80,,10301,,,0,30,,10319,,,0,80,,10302,,,0,80,,10303,,,0,110,,10304,,,0,100,,10305,,,0,100,,10306,,,0,100,,10307,,,0,100,,10308,,,0,100,,10309,,,0,100,,10310,,,0,100,,10311,,,0,80,,10320,,,0,35,,10312,,,0,80,,10313,,,0,105,,10314,,,0,100,,10315,,,0,100,,10316,,,0,100,,10317,0,8 6 22,0
22201,'Semaine-52',547,,10339,,,0,80,,10322,,,0,30,,10340,,,0,80,,10323,,,0,80,,10324,,,0,110,,10325,,,0,100,,10326,,,0,100,,10327,,,0,100,,10328,,,0,100,,10329,,,0,100,,10330,,,0,100,,10331,,,0,100,,10332,,,0,80,,10341,,,0,35,,10333,,,0,80,,10334,,,0,105,,10335,,,0,100,,10336,,,0,100,,10337,,,0,100,,10338,0,8 6 22,0
22201,'Week-end-52',758,,10357,,,0,100,,10345,,,0,100,,10344,,,0,100,,10343,,,0,100,,10346,,,0,100,,10347,,,0,100,,10348,,,0,100,,10349,,,0,100,,10350,,,0,100,,10351,,,0,100,,10352,,,0,100,,10353,,,0,100,,10354,,,0,100,,10355,,,0,99,,10356,0,8 6 22,0
