'LA-A25-LAGTFS-Dimanche-05',22201,74400,,'',0,9600,4,'',0,400,,'',0,9600,4,'',0,400,,'',0,9600,4,'',0,400,,'',0,9600,4,'',0,400,,'',0,9600,4,'',0,400,,'',0,9600,4,'',0,400,,'',0,9600,4,'',0,400,,'',0,9600,4,'',0,400,,'',0,9600,4,'',0,400,,'',0,9600,4,'',0,400,,'',0,9600,4,'',0,400,,'',0,9600,4,'',0,400,,'',0,9600,4,'',0,400,,'',0,9600,4,'',0,400,0,'Fin Ston Grand-Moulin',0
'LA-A25-LAGTFS-Fête-1-03',22201,74400,,'',0,9600,4,'',0,400,,'',0,9600,4,'',0,400,,'',0,9600,4,'',0,400,,'',0,9600,4,'',0,400,,'',0,9600,4,'',0,400,,'',0,9600,4,'',0,400,,'',0,9600,4,'',0,400,,'',0,9600,4,'',0,400,,'',0,9600,4,'',0,400,,'',0,9600,4,'',0,400,,'',0,9600,4,'',0,400,,'',0,9600,4,'',0,400,,'',0,9600,4,'',0,400,,'',0,9600,4,'',0,400,0,'Fin Ston Grand-Moulin',0
'LA-A25-LAGTFS-Samedi-05',22201,74400,,'',0,9600,4,'',0,400,,'',0,9600,4,'',0,400,,'',0,9600,4,'',0,400,,'',0,9600,4,'',0,400,,'',0,9600,4,'',0,400,,'',0,9600,4,'',0,400,,'',0,9600,4,'',0,400,,'',0,9600,4,'',0,400,,'',0,9600,4,'',0,400,,'',0,9600,4,'',0,400,,'',0,9600,4,'',0,400,,'',0,9600,4,'',0,400,,'',0,9600,4,'',0,400,,'',0,9600,4,'',0,400,0,'Fin Ston Grand-Moulin',0
'LA-A25-LAGTFS-Semaine-05',22201,53400,,'',0,7500,4,'',0,500,,'',0,1800,4,'',0,1200,,'',0,6800,4,'',0,1200,,'',0,1800,4,'',0,6200,,'',0,2100,4,'',0,8000,4,'',0,900,,'',0,9900,4,'',0,100,,'',0,9800,4,'',0,200,,'',0,9800,4,'',0,200,,'',0,9800,4,'',0,200,,'',0,9800,4,'',0,200,,'',0,9800,4,'',0,200,,'',0,9800,4,'',0,200,,'',0,4000,,'',0,6100,4,'',0,1400,,'',0,2600,4,'',0,5400,,'',0,2100,4,'',0,8000,4,'',0,400,,'',0,9800,4,'',0,200,,'',0,9800,4,'',0,200,,'',0,9800,4,'',0,200,0,'Fin Ston Grand-Moulin',0
'LA-A25-LAGTFS-Semaine-20',22201,53400,,'',0,7500,4,'',0,500,,'',0,1800,4,'',0,1200,,'',0,6800,4,'',0,1200,,'',0,1800,4,'',0,6200,,'',0,2100,4,'',0,8000,4,'',0,900,,'',0,9900,4,'',0,100,,'',0,9800,4,'',0,200,,'',0,9800,4,'',0,200,,'',0,9800,4,'',0,200,,'',0,9800,4,'',0,200,,'',0,9800,4,'',0,200,,'',0,9800,4,'',0,200,,'',0,4000,,'',0,6100,4,'',0,1400,,'',0,2600,4,'',0,5400,,'',0,2100,4,'',0,8000,4,'',0,400,,'',0,9800,4,'',0,200,,'',0,9800,4,'',0,200,,'',0,9800,4,'',0,200,0,'Fin Ston Grand-Moulin',0
'LA-A25-LAGTFS-Dimanche-05',22501,84900,,'',0,8300,4,'',0,11700,,'',0,8300,4,'',0,11700,,'',0,8300,4,'',0,11700,,'',0,8300,4,'',0,11700,,'',0,8300,4,'',0,11700,,'',0,8300,4,'',0,11700,,'',0,8300,4,'',0
'LA-A25-LAGTFS-Fête-1-03',22501,84900,,'',0,8300,4,'',0,11700,,'',0,8300,4,'',0,11700,,'',0,8300,4,'',0,11700,,'',0,8300,4,'',0,11700,,'',0,8300,4,'',0,11700,,'',0,8300,4,'',0,11700,,'',0,8300,4,'',0
'LA-A25-LAGTFS-Samedi-05',22501,84900,,'',0,8300,4,'',0,11700,,'',0,8300,4,'',0,11700,,'',0,8300,4,'',0,11700,,'',0,8300,4,'',0,11700,,'',0,8300,4,'',0,11700,,'',0,8300,4,'',0,11700,,'',0,8300,4,'',0
'LA-A25-LAGTFS-Semaine-05',22501,54900,,'',0,1000,4,'',0,6000,,'',0,1800,4,'',0,1200,,'',0,5800,4,'',0,1200,,'',0,2100,4,'',0,900,,'',0,6100,4,'',0,3000,4,'',0,900,,'',0,8800,4,'',0,1200,,'',0,8800,4,'',0,1200,,'',0,8800,4,'',0,1200,,'',0,8800,4,'',0,1200,,'',0,8800,4,'',0,1200,,'',0,8800,4,'',0,1200,,'',0,8800,4,'',0,1200,,'',0,8500,,'',0,600,4,'',0,6400,,'',0,2100,4,'',0,900,,'',0,2100,4,'',0,4900,,'',0,2100,4,'',0,900,,'',0,2100,4,'',0,4900,,'',0,1800,4,'',0,2700,,'',0,300,4,'',0,8500,4,'',0,1200,,'',0,8800,4,'',0,1200,,'',0,8800,4,'',0
'LA-A25-LAGTFS-Semaine-20',22501,54900,,'',0,1000,4,'',0,6000,,'',0,1800,4,'',0,1200,,'',0,5800,4,'',0,1200,,'',0,2100,4,'',0,900,,'',0,6100,4,'',0,3000,4,'',0,900,,'',0,8800,4,'',0,1200,,'',0,8800,4,'',0,1200,,'',0,8800,4,'',0,1200,,'',0,8800,4,'',0,1200,,'',0,8800,4,'',0,1200,,'',0,8800,4,'',0,1200,,'',0,8800,4,'',0,1200,,'',0,8500,,'',0,600,4,'',0,6400,,'',0,2100,4,'',0,900,,'',0,2100,4,'',0,4900,,'',0,2100,4,'',0,900,,'',0,2100,4,'',0,4900,,'',0,1800,4,'',0,2700,,'',0,300,4,'',0,8500,4,'',0,1200,,'',0,8800,4,'',0,1200,,'',0,8800,4,'',0
'LA-A25-LAGTFS-Dimanche-05',22600,74900,,'',0,8400,4,'',0,11600,,'',0,8400,4,'',0,11600,,'',0,8400,4,'',0,11600,,'',0,8400,4,'',0,11600,,'',0,8400,4,'',0,11600,0,'Term Ste-Thérèse',0,8400,4,'',0,11600,,'',0,8400,4,'',0,11600,0,'Arthur-Sauvé / Ind',0
'LA-A25-LAGTFS-Fête-1-03',22600,74900,,'',0,8400,4,'',0,11600,,'',0,8400,4,'',0,11600,,'',0,8400,4,'',0,11600,,'',0,8400,4,'',0,11600,,'',0,8400,4,'',0,11600,0,'Term Ste-Thérèse',0,8400,4,'',0,11600,,'',0,8400,4,'',0,11600,0,'Arthur-Sauvé / Ind',0
'LA-A25-LAGTFS-Samedi-05',22600,74900,,'',0,8400,4,'',0,11600,,'',0,8400,4,'',0,11600,,'',0,8400,4,'',0,11600,,'',0,8400,4,'',0,11600,,'',0,8400,4,'',0,11600,0,'Term Ste-Thérèse',0,8400,4,'',0,11600,,'',0,8400,4,'',0,11600,0,'Arthur-Sauvé / Ind',0
'LA-A25-LAGTFS-Semaine-05',22600,54400,4,'',0,6000,,'',0,1000,4,'',0,2000,,'',0,1800,4,'',0,5200,,'',0,2300,4,'',0,700,,'',0,2300,4,'',0,6200,,'',0,800,4,'',0,8500,4,'',0,700,,'',0,8800,4,'',0,1200,,'',0,8800,4,'',0,1200,,'',0,8800,4,'',0,1200,,'',0,8800,4,'',0,1200,,'',0,8800,4,'',0,1200,,'',0,8800,4,'',0,1200,,'',0,8800,4,'',0,1200,,'',0,3000,,'',0,6300,4,'',0,700,,'',0,2300,4,'',0,700,,'',0,6300,4,'',0,700,,'',0,2300,4,'',0,700,,'',0,6300,4,'',0,700,,'',0,1800,4,'',0,7000,4,'',0,1200,,'',0,8800,4,'',0,1200,,'',0,8800,4,'',0,1200,,'',0,8800,4,'',0,1200,,'',0,8800,4,'',0
'LA-A25-LAGTFS-Semaine-20',22600,54400,4,'',0,6000,,'',0,1000,4,'',0,2000,,'',0,1800,4,'',0,5200,,'',0,2300,4,'',0,700,,'',0,2300,4,'',0,6200,,'',0,800,4,'',0,8500,4,'',0,700,,'',0,8800,4,'',0,1200,,'',0,8800,4,'',0,1200,,'',0,8800,4,'',0,1200,,'',0,8800,4,'',0,1200,,'',0,8800,4,'',0,1200,,'',0,8800,4,'',0,1200,,'',0,8800,4,'',0,1200,,'',0,3000,,'',0,6300,4,'',0,700,,'',0,2300,4,'',0,700,,'',0,6300,4,'',0,700,,'',0,2300,4,'',0,700,,'',0,6300,4,'',0,700,,'',0,1800,4,'',0,7000,4,'',0,1200,,'',0,8800,4,'',0,1200,,'',0,8800,4,'',0,1200,,'',0,8800,4,'',0,1200,,'',0,8800,4,'',0
'LA-A25-LAGTFS-Semaine-05',49600,170900,4,'',0,10000,4,'',0,4400,4,'',0
'LA-A25-LAGTFS-Semaine-05',49601,61000,,'',0,10500,,'',0,9500,,'',0
'LA-A25-LAGTFS-Semaine-20',49600,170900,4,'',0,10000,4,'',0,4400,4,'',0
'LA-A25-LAGTFS-Semaine-20',49601,61000,,'',0,10500,,'',0,9500,,'',0
'LA-A25-LAGTFS-Semaine-05',49900,71800,4,'',0,2900,4,'',0,6700,4,'',0,2800,4,'',0,9000,4,'',0,10400,4,'',0,10000,4,'',0,9700,4,'',0,10000,4,'',0,10300,4,'',0,11500,4,'',0,6200,4,'',0,2000,4,'',0,1800,4,'',0,5900,4,'',0,2000,4,'',0,2000,4,'',0,5700,4,'',0,1400,4,'',0,1600,4,'',0,2000,4,'',0,6500,4,'',0,10900,4,'',0,9600,4,'',0,9500,4,'',0,10000,4,'',0,13000,4,'',0
'LA-A25-LAGTFS-Semaine-05',49901,51500,,'',0,3000,,'',0,6000,,'',0,1500,,'',0,1000,,'',0,1000,,'',0,1000,,'',0,5000,,'',0,1000,,'',0,1000,,'',0,1000,,'',0,1000,,'',0,6000,,'',0,2000,,'',0,2000,,'',0,6000,,'',0,10000,,'',0,10000,,'',0,10000,,'',0,10000,,'',0,10000,,'',0,10000,,'',0,10000,,'',0,3000,,'',0,7000,,'',0,3000,,'',0,7000,,'',0,10000,,'',0,10000,,'',0,10000,,'',0,10000,,'',0,11500,,'',0
'LA-A25-LAGTFS-Semaine-20',49900,71800,4,'',0,2900,4,'',0,6700,4,'',0,2800,4,'',0,9000,4,'',0,10400,4,'',0,10000,4,'',0,9700,4,'',0,10000,4,'',0,10300,4,'',0,11500,4,'',0,6200,4,'',0,2000,4,'',0,1800,4,'',0,5900,4,'',0,2000,4,'',0,2000,4,'',0,5700,4,'',0,1400,4,'',0,1600,4,'',0,2000,4,'',0,6500,4,'',0,10900,4,'',0,9600,4,'',0,9500,4,'',0,10000,4,'',0,13000,4,'',0
'LA-A25-LAGTFS-Semaine-20',49901,51500,,'',0,3000,,'',0,6000,,'',0,1500,,'',0,1000,,'',0,1000,,'',0,1000,,'',0,5000,,'',0,1000,,'',0,1000,,'',0,1000,,'',0,1000,,'',0,6000,,'',0,2000,,'',0,2000,,'',0,6000,,'',0,10000,,'',0,10000,,'',0,10000,,'',0,10000,,'',0,10000,,'',0,10000,,'',0,10000,,'',0,3000,,'',0,7000,,'',0,3000,,'',0,7000,,'',0,10000,,'',0,10000,,'',0,10000,,'',0,10000,,'',0,11500,,'',0
