24601,'Semaine-01',559,,16837,450,,,0,87,,16836,450,,,0,89,,16835,450,,,0,93,,16834,450,,,0,89,,16833,450,,,0,699,,16832,450,,,0,92,,16831,450,,,0,93,,16830,450,,,0,52,,16829,450,,,0,87,,16828,450,,,0
25001,'Fête-1-01',749,,17082,540,,,0,100,,17066,540,,,0,70,,17069,540,,,0,100,,17076,540,,,0,30,,17077,540,,,0,100,,17068,540,,,0,70,,17071,540,,,0,100,,17079,540,,,0,30,,17080,540,,,0,100,,17067,540,,,0,70,,17078,540,,,0,100,,17070,540,,,0,31,,17075,540,,,0,100,,17081,540,,,0,70,,17072,540,,,0,100,,17073,540,,,0,30,,17065,540,,,0,100,,17074,540,,,0,70,,17083,540,,,0,100,,17064,540,,,0,30,,17084,540,,,0
25001,'Semaine-01',618,,17085,540,,,0,25,,17086,540,,,0,72,,17087,540,0,8 27 76,0,22,,17088,540,,,0,85,,17089,540,,,0,94,,17090,540,,,0,28,,17091,540,,,0,95,,17092,540,,,0,100,,17093,540,,,0,103,,17094,540,,,0,100,,17095,540,,,0,102,,17096,540,,,0,115,,17097,540,,,0,142,,17098,540,,,0,26,,17099,540,,,0,30,,17100,540,,,0,68,,17101,540,,,0,81,,17102,540,,,0,47,,17103,540,,,0,147,,17104,540,,,0,55,,17105,540,,,0,99,,17106,540,,,0
25001,'Week-end-01',749,,17125,540,,,0,100,,17109,540,,,0,70,,17112,540,,,0,100,,17119,540,,,0,30,,17120,540,,,0,100,,17111,540,,,0,70,,17114,540,,,0,100,,17122,540,,,0,30,,17123,540,,,0,100,,17110,540,,,0,70,,17121,540,,,0,100,,17113,540,,,0,31,,17118,540,,,0,100,,17124,540,,,0,70,,17115,540,,,0,100,,17116,540,,,0,30,,17108,540,,,0,100,,17117,540,,,0,70,,17126,540,,,0,100,,17107,540,,,0,30,,17127,540,,,0
25100,'Fête-1-01',740,,17128,70,0,31 32,0,93,,17143,410,,,0,100,,17141,410,,,0,100,,17144,410,,,0,100,,17140,410,,,0,100,,17139,410,,,0,100,,17142,410,,,0,100,,17135,410,,,0,100,,17138,410,,,0,100,,17134,410,,,0,100,,17136,410,,,0,100,,17132,410,,,0,99,,17137,410,,,0,100,,17129,410,,,0,100,,17130,410,,,0,100,,17131,410,,,0
25100,'Semaine-01',928,,17146,410,,,0,100,,17145,410,,,0,100,,17154,410,,,0,100,,17150,410,,,0,100,,17153,410,,,0,100,,17148,410,,,0,615,,17151,410,,,0,97,,17149,410,,,0,98,,17147,410,,,0
25100,'Week-end-01',740,,17155,70,0,31 32,0,93,,17170,410,,,0,100,,17168,410,,,0,100,,17171,410,,,0,100,,17167,410,,,0,100,,17166,410,,,0,100,,17169,410,,,0,100,,17162,410,,,0,100,,17165,410,,,0,100,,17161,410,,,0,100,,17163,410,,,0,100,,17159,410,,,0,99,,17164,410,,,0,100,,17156,410,,,0,100,,17157,410,,,0,100,,17158,410,,,0
70901,'Fête-1-01',623,,18387,460,,,0,30,,18388,460,,,0,70,,18389,460,,,0,30,,18390,460,,,0,70,,18391,460,,,0,15,,18392,460,,,0,71,,18393,460,,,0,30,,18394,460,,,0,70,,18395,460,,,0,31,,18396,460,,,0,71,,18397,460,,,0,30,,18398,460,,,0,70,,18399,460,,,0,30,,18400,460,,,0,70,,18401,460,,,0,30,,18402,460,,,0,70,,18403,460,,,0,30,,18404,460,,,0,70,,18405,460,,,0,30,,18406,460,,,0,70,,18407,460,,,0,30,,18408,460,,,0,70,,18409,460,,,0,30,,18410,460,,,0,70,,18411,460,,,0,30,,18412,460,,,0,70,,18413,460,,,0,30,,18414,460,,,0,70,,18415,460,,,0,30,,18416,460,,,0,70,,18417,460,,,0,30,,18418,460,,,0,70,,18419,460,,,0,31,,18420,460,,,0,70,,18421,460,,,0,30,,18422,460,,,0,111,,18423,460,,,0
70901,'Semaine-01',454,,18427,460,,,0,70,,18469,460,,,0,20,,18425,460,,,0,10,,18424,460,,,0,63,,18426,460,,,0,20,,18428,460,,,0,20,,18429,460,,,0,67,,18430,460,,,0,12,,18431,460,,,0,21,,18432,460,,,0,50,,18433,460,,,0,10,,18434,460,,,0,20,,18435,460,,,0,10,,18436,460,,,0,54,,18437,460,,,0,13,,18439,460,,,0,15,,18475,460,,,0,15,,18438,460,,,0,70,,18440,460,,,0,15,,18441,460,,,0,22,,18442,490,,,0,70,,18443,490,,,0,15,,18444,490,,,0,15,,18445,490,,,0,55,,18446,490,,,0,15,,18478,490,,,0,15,,18447,490,,,0,15,,18479,490,,,0,70,,18448,490,,,0,15,,18449,490,,,0,15,,18450,490,,,0,70,,18470,490,,,0,30,,18471,490,,,0,70,,18472,490,,,0,16,,18473,490,,,0,16,,18474,490,,,0,89,,18452,490,,,0,15,,18451,490,,,0,68,,18453,490,,,0,15,,18454,490,,,0,62,,18455,490,,,0,15,,18476,490,,,0,13,,18477,490,,,0,14,,18456,490,,,0,59,,18457,490,,,0,14,,18458,490,,,0,15,,18459,490,,,0,22,,18460,460,,,0,70,,18461,460,,,0,15,,18462,460,,,0,68,,18463,460,,,0,30,,18464,460,,,0,69,,18465,460,,,0,44,,18466,460,,,0,100,,18467,460,,,0,108,,18468,460,,,0
70901,'Week-end-01',623,,18480,460,,,0,30,,18481,460,,,0,70,,18482,460,,,0,30,,18483,460,,,0,70,,18484,460,,,0,15,,18485,460,,,0,71,,18486,460,,,0,30,,18487,460,,,0,70,,18488,460,,,0,31,,18489,460,,,0,71,,18490,460,,,0,30,,18491,460,,,0,70,,18492,460,,,0,30,,18493,460,,,0,70,,18494,460,,,0,30,,18495,460,,,0,70,,18496,460,,,0,30,,18497,460,,,0,70,,18498,460,,,0,30,,18499,460,,,0,70,,18500,460,,,0,30,,18501,460,,,0,70,,18502,460,,,0,30,,18503,460,,,0,70,,18504,460,,,0,30,,18505,460,,,0,70,,18506,460,,,0,30,,18507,460,,,0,70,,18508,460,,,0,30,,18509,460,,,0,70,,18510,460,,,0,30,,18511,460,,,0,70,,18512,460,,,0,31,,18513,460,,,0,70,,18514,460,,,0,30,,18515,460,,,0,111,,18516,460,,,0
