'LA-E24-LAGTFS-Dimanche-01',10500,85000,4,'',0,10000,4,'',0,10100,4,'',0,10000,4,'',0,10000,4,'',0,10000,4,'',0,10000,4,'',0,10000,4,'',0,10000,4,'',0,10000,4,'',0,9900,4,'',0,10000,4,'',0,10000,4,'',0,10000,4,'',0,10000,4,'',0
'LA-E24-LAGTFS-Dimanche-01',10501,80000,,'',0,5100,,'',0,10000,,'',0,10100,,'',0,10000,,'',0,10000,,'',0,10000,,'',0,10000,,'',0,10000,,'',0,10000,,'',0,10000,,'',0,9900,,'',0,10000,,'',0,10000,,'',0,10000,,'',0,10000,,'',0
'LA-E24-LAGTFS-Fête-1-01',10500,85000,4,'',0,10000,4,'',0,10100,4,'',0,10000,4,'',0,10000,4,'',0,10000,4,'',0,10000,4,'',0,10000,4,'',0,10000,4,'',0,10000,4,'',0,9900,4,'',0,10000,4,'',0,10000,4,'',0,10000,4,'',0,10000,4,'',0
'LA-E24-LAGTFS-Fête-1-01',10501,80000,,'',0,5100,,'',0,10000,,'',0,10100,,'',0,10000,,'',0,10000,,'',0,10000,,'',0,10000,,'',0,10000,,'',0,10000,,'',0,10000,,'',0,9900,,'',0,10000,,'',0,10000,,'',0,10000,,'',0,10000,,'',0
'LA-E24-LAGTFS-Samedi-01',10500,85000,4,'',0,10000,4,'',0,10100,4,'',0,10000,4,'',0,10000,4,'',0,10000,4,'',0,10000,4,'',0,10000,4,'',0,10000,4,'',0,10000,4,'',0,9900,4,'',0,10000,4,'',0,10000,4,'',0,10000,4,'',0,10000,4,'',0
'LA-E24-LAGTFS-Samedi-01',10501,80000,,'',0,5100,,'',0,10000,,'',0,10100,,'',0,10000,,'',0,10000,,'',0,10000,,'',0,10000,,'',0,10000,,'',0,10000,,'',0,10000,,'',0,9900,,'',0,10000,,'',0,10000,,'',0,10000,,'',0,10000,,'',0
'LA-E24-LAGTFS-Semaine-01',10500,63700,4,'',0,2000,4,'',0,7700,4,'',0,2100,4,'',0,7500,4,'',0,2800,4,'',0,9400,4,'',0,10000,4,'',0,10100,4,'',0,10000,4,'',0,10000,4,'',0,10000,4,'',0,10000,4,'',0,7700,4,'',0,7800,4,'',0,3400,4,'',0,6300,4,'',0,3300,4,'',0,6500,4,'',0,3500,4,'',0,9900,4,'',0,10000,4,'',0,10000,4,'',0
'LA-E24-LAGTFS-Semaine-01',10501,53800,,'',0,6700,,'',0,3300,,'',0,2000,,'',0,7700,,'',0,2100,,'',0,7500,,'',0,2800,,'',0,9400,,'',0,10000,,'',0,10100,,'',0,10000,,'',0,10000,,'',0,10000,,'',0,8000,,'',0,2000,,'',0,7700,,'',0,7800,,'',0,3400,,'',0,6300,,'',0,3300,,'',0,6500,,'',0,3500,,'',0,9900,,'',0,10200,,'',0,9800,,'',0
'LA-E24-LAGTFS-Semaine-30',10500,63700,4,'',0,2000,4,'',0,7700,4,'',0,2100,4,'',0,7500,4,'',0,2800,4,'',0,9400,4,'',0,10000,4,'',0,10100,4,'',0,10000,4,'',0,10000,4,'',0,10000,4,'',0,10000,4,'',0,7700,4,'',0,7800,4,'',0,3400,4,'',0,6300,4,'',0,3300,4,'',0,6500,4,'',0,3500,4,'',0,9900,4,'',0,10000,4,'',0,10000,4,'',0
'LA-E24-LAGTFS-Semaine-30',10501,53800,,'',0,6700,,'',0,3300,,'',0,2000,,'',0,7700,,'',0,2100,,'',0,7500,,'',0,2800,,'',0,9400,,'',0,10000,,'',0,10100,,'',0,10000,,'',0,10000,,'',0,10000,,'',0,8000,,'',0,2000,,'',0,7700,,'',0,7800,,'',0,3400,,'',0,6300,,'',0,3300,,'',0,6500,,'',0,3500,,'',0,9900,,'',0,10200,,'',0,9800,,'',0
'LA-E24-LAGTFS-Semaine-01',2000010500,133000,4,'',0
'LA-E24-LAGTFS-Semaine-01',2000010501,102700,,'',0
'LA-E24-LAGTFS-Semaine-30',2000010500,133000,4,'',0
'LA-E24-LAGTFS-Semaine-30',2000010501,102700,,'',0
