24100,'Semaine-01',623,,16728,620,,,0,23,,16729,620,,,0,76,,16730,620,,,0,24,,16731,620,,,0,102,,16732,620,,,0,100,,16733,620,,,0,100,,16734,620,,,0,100,,16735,620,,,0,100,,16736,620,,,0,100,,16737,620,,,0,100,,16738,620,,,0,107,,16739,620,,,0,151,,16740,620,,,0,101,,16741,620,,,0,28,,16742,620,,,0,71,,16743,620,,,0,32,,16744,620,,,0,97,,16745,620,,,0,69,,16746,620,,,0,98,,16747,620,,,0,98,,16748,620,,,0,58,,16749,620,,,0
24300,'Semaine-01',617,,16804,360,0,31 32,0,22,,16805,360,0,31 32,0,83,,16806,610,,,0,22,,16807,610,,,0,87,,16808,610,,,0,18,,16809,610,,,0,85,,16810,610,,,0,14,,16811,610,,,0,106,,16812,610,,,0,100,,16813,610,,,0,100,,16814,610,,,0,100,,16815,610,,,0,100,,16816,610,,,0,156,,16817,610,,,0,40,,16818,610,,,0,72,,16819,610,,,0,84,,16820,610,,,0,30,,16821,610,,,0,78,,16822,610,,,0,32,,16823,610,,,0,72,,16824,610,,,0,84,,16825,610,,,0,100,,16826,610,,,0,100,,16827,610,,,0
24601,'Semaine-01',603,,16837,500,,,0,47,,16836,500,,,0,89,,16835,500,,,0,93,,16834,500,,,0,89,,16833,500,,,0,699,,16832,500,,,0,92,,16831,500,,,0,93,,16830,500,,,0,52,,16829,500,,,0,87,,16828,500,,,0
24701,'Fête-1-01',756,,16871,510,,,0,170,,16872,510,,,0,130,,16873,510,,,0,170,,16874,510,,,0,130,,16875,510,,,0,170,,16876,510,,,0,130,,16877,510,,,0,170,,16878,510,,,0,130,,16879,510,,,0
24701,'Semaine-01',555,,16884,510,,,0,70,,16885,510,,,0,122,,16886,510,,,0,60,,16887,510,,,0,42,,16888,510,,,0,106,,16889,510,,,0,171,,16890,510,,,0,130,,16891,510,,,0,170,,16892,510,,,0,183,,16893,510,,,0,24,,16894,510,,,0,116,,16880,510,,,0,92,,16895,510,,,0,162,,16881,510,,,0,129,,16882,510,,,0,169,,16883,510,,,0
24701,'Week-end-01',756,,16896,510,,,0,170,,16897,510,,,0,130,,16898,510,,,0,170,,16899,510,,,0,130,,16900,510,,,0,170,,16901,510,,,0,130,,16902,510,,,0,170,,16903,510,,,0,130,,16904,510,,,0
24901,'Fête-1-01',757,,16958,620,,,0,168,,16959,620,,,0,130,,16960,620,,,0,170,,16961,620,,,0,130,,16962,620,,,0,170,,16963,620,,,0,130,,16964,620,,,0,170,,16965,620,,,0,130,,16966,620,,,0,170,,16967,620,,,0,130,,16968,620,,,0
24901,'Semaine-01',624,,16969,620,,,0,23,,16970,620,0,8 27 76,0,78,,16971,620,,,0,97,,16972,620,,,0,25,,16973,620,,,0,100,,16974,620,,,0,95,,16975,620,,,0,100,,16976,620,,,0,100,,16977,620,,,0,100,,16978,620,,,0,100,,16979,620,,,0,161,,16980,620,,,0,54,,16981,620,,,0,75,,16982,620,,,0,78,,16983,620,,,0,49,,16984,620,,,0,99,,16985,620,,,0,101,,16986,620,,,0,143,,16987,620,,,0,57,,16988,620,,,0
24901,'Week-end-01',757,,16989,620,,,0,168,,16990,620,,,0,130,,16991,620,,,0,170,,16992,620,,,0,130,,16993,620,,,0,170,,16994,620,,,0,130,,16995,620,,,0,170,,16996,620,,,0,130,,16997,620,,,0,170,,16998,620,,,0,130,,16999,620,,,0
25001,'Fête-1-01',752,,17082,590,,,0,100,,17066,590,,,0,70,,17069,590,,,0,100,,17076,590,,,0,30,,17077,590,,,0,100,,17068,590,,,0,70,,17071,590,,,0,100,,17079,590,,,0,30,,17080,590,,,0,100,,17067,590,,,0,70,,17078,590,,,0,100,,17070,590,,,0,31,,17075,590,,,0,100,,17081,590,,,0,70,,17072,590,,,0,100,,17073,590,,,0,30,,17065,590,,,0,100,,17074,590,,,0,70,,17083,590,,,0,100,,17064,590,,,0,30,,17084,590,,,0
25001,'Semaine-01',621,,17085,590,,,0,25,,17086,590,,,0,72,,17087,590,0,8 27 76,0,22,,17088,590,,,0,85,,17089,590,,,0,94,,17090,590,,,0,28,,17091,590,,,0,95,,17092,590,,,0,100,,17093,590,,,0,103,,17094,590,,,0,100,,17095,590,,,0,102,,17096,590,,,0,155,,17097,590,,,0,102,,17098,590,,,0,26,,17099,590,,,0,70,,17100,590,,,0,28,,17101,590,,,0,81,,17102,590,,,0,47,,17103,590,,,0,147,,17104,590,,,0,55,,17105,590,,,0,99,,17106,590,,,0
25001,'Week-end-01',752,,17125,590,,,0,100,,17109,590,,,0,70,,17112,590,,,0,100,,17119,590,,,0,30,,17120,590,,,0,100,,17111,590,,,0,70,,17114,590,,,0,100,,17122,590,,,0,30,,17123,590,,,0,100,,17110,590,,,0,70,,17121,590,,,0,100,,17113,590,,,0,31,,17118,590,,,0,100,,17124,590,,,0,70,,17115,590,,,0,100,,17116,590,,,0,30,,17108,590,,,0,100,,17117,590,,,0,70,,17126,590,,,0,100,,17107,590,,,0,30,,17127,590,,,0
25100,'Fête-1-01',755,,17128,330,0,31 32,0,93,,17143,670,,,0,100,,17141,670,,,0,100,,17144,670,,,0,100,,17140,670,,,0,100,,17139,670,,,0,100,,17142,670,,,0,100,,17135,670,,,0,100,,17138,670,,,0,100,,17134,670,,,0,100,,17136,670,,,0,100,,17132,670,,,0,99,,17137,670,,,0,100,,17129,670,,,0,100,,17130,670,,,0,100,,17131,670,,,0
25100,'Semaine-01',944,,17146,670,,,0,100,,17145,670,,,0,100,,17154,670,,,0,100,,17150,670,,,0,100,,17153,670,,,0,100,,17148,670,,,0,615,,17151,670,,,0,97,,17149,670,,,0,98,,17147,670,,,0
25100,'Week-end-01',755,,17155,330,0,31 32,0,93,,17170,670,,,0,100,,17168,670,,,0,100,,17171,670,,,0,100,,17167,670,,,0,100,,17166,670,,,0,100,,17169,670,,,0,100,,17162,670,,,0,100,,17165,670,,,0,100,,17161,670,,,0,100,,17163,670,,,0,100,,17159,670,,,0,99,,17164,670,,,0,100,,17156,670,,,0,100,,17157,670,,,0,100,,17158,670,,,0
25201,'Semaine-01',625,,17180,300,,,0,78,,17172,300,,,0,36,,17186,300,,,0,76,,17184,300,,,0,33,,17181,300,,,0,679,,17182,300,,,0,79,,17178,300,,,0,34,,17175,300,,,0,71,,17177,300,,,0,30,,17183,300,,,0,69,,17173,300,,,0,29,,17185,300,,,0,71,,17179,300,,,0,28,,17176,300,,,0,68,,17174,300,,,0
70901,'Fête-1-01',625,,18387,510,,,0,30,,18388,510,,,0,70,,18389,510,,,0,30,,18390,510,,,0,70,,18391,510,,,0,16,,18392,510,,,0,71,,18393,510,,,0,30,,18394,510,,,0,70,,18395,510,,,0,31,,18396,510,,,0,71,,18397,510,,,0,30,,18398,510,,,0,70,,18399,510,,,0,30,,18400,510,,,0,70,,18401,510,,,0,30,,18402,510,,,0,70,,18403,510,,,0,30,,18404,510,,,0,70,,18405,510,,,0,30,,18406,510,,,0,70,,18407,510,,,0,30,,18408,510,,,0,70,,18409,510,,,0,30,,18410,510,,,0,70,,18411,510,,,0,30,,18412,510,,,0,70,,18413,510,,,0,30,,18414,510,,,0,70,,18415,510,,,0,30,,18416,510,,,0,70,,18417,510,,,0,30,,18418,510,,,0,70,,18419,510,,,0,30,,18420,510,,,0,70,,18421,510,,,0,30,,18422,510,,,0,111,,18423,510,,,0
70901,'Semaine-01',456,,18427,510,,,0,70,,18469,510,,,0,20,,18425,510,,,0,10,,18424,510,,,0,63,,18426,510,,,0,20,,18428,510,,,0,20,,18429,510,,,0,68,,18430,510,,,0,12,,18431,510,,,0,61,,18432,510,,,0,10,,18433,510,,,0,10,,18434,510,,,0,20,,18435,510,,,0,10,,18436,510,,,0,54,,18437,510,,,0,13,,18439,510,,,0,15,,18475,510,,,0,15,,18438,510,,,0,70,,18440,510,,,0,15,,18441,510,,,0,22,,18442,540,,,0,70,,18443,540,,,0,15,,18444,540,,,0,15,,18445,540,,,0,55,,18446,540,,,0,15,,18478,540,,,0,15,,18447,540,,,0,15,,18479,540,,,0,70,,18448,540,,,0,15,,18449,540,,,0,15,,18450,540,,,0,70,,18470,540,,,0,30,,18471,540,,,0,70,,18472,540,,,0,16,,18473,540,,,0,16,,18474,540,,,0,89,,18452,540,,,0,55,,18451,540,,,0,28,,18453,540,,,0,15,,18454,540,,,0,62,,18455,540,,,0,15,,18476,540,,,0,13,,18477,540,,,0,14,,18456,540,,,0,59,,18457,540,,,0,14,,18458,540,,,0,15,,18459,540,,,0,22,,18460,510,,,0,70,,18461,510,,,0,15,,18462,510,,,0,67,,18463,510,,,0,30,,18464,510,,,0,69,,18465,510,,,0,44,,18466,510,,,0,99,,18467,510,,,0,108,,18468,510,,,0
70901,'Week-end-01',625,,18480,510,,,0,30,,18481,510,,,0,70,,18482,510,,,0,30,,18483,510,,,0,70,,18484,510,,,0,16,,18485,510,,,0,71,,18486,510,,,0,30,,18487,510,,,0,70,,18488,510,,,0,31,,18489,510,,,0,71,,18490,510,,,0,30,,18491,510,,,0,70,,18492,510,,,0,30,,18493,510,,,0,70,,18494,510,,,0,30,,18495,510,,,0,70,,18496,510,,,0,30,,18497,510,,,0,70,,18498,510,,,0,30,,18499,510,,,0,70,,18500,510,,,0,30,,18501,510,,,0,70,,18502,510,,,0,30,,18503,510,,,0,70,,18504,510,,,0,30,,18505,510,,,0,70,,18506,510,,,0,30,,18507,510,,,0,70,,18508,510,,,0,30,,18509,510,,,0,70,,18510,510,,,0,30,,18511,510,,,0,70,,18512,510,,,0,30,,18513,510,,,0,70,,18514,510,,,0,30,,18515,510,,,0,111,,18516,510,,,0
