22001,'Fête-1-01',831,,15846,790,,,0,200,,15843,790,,,0,199,,15841,790,,,0,200,,15842,790,,,0,200,,15840,790,,,0,201,,15845,790,,,0,200,,15844,790,,,0
22001,'Semaine-01',539,,15847,460,0,6 7,0,70,,15848,460,0,6 7,0,27,,15849,790,,,0,70,,15850,790,,,0,31,,15851,790,,,0,71,,15852,790,,,0,31,,15853,790,,,0,69,,15854,790,,,0,99,,15855,790,,,0,100,,15856,790,,,0,100,,15857,790,,,0,100,,15858,790,,,0,100,,15859,790,,,0,101,,15860,790,,,0,100,,15861,790,,,0,102,,15862,790,,,0,30,,15863,790,,,0,70,,15864,790,,,0,30,,15865,790,,,0,68,,15866,790,,,0,27,,15867,790,,,0,70,,15868,790,,,0,100,,15869,790,,,0,99,,15870,790,,,0,100,,15871,790,,,0
22001,'Week-end-01',831,,15880,790,,,0,200,,15877,790,,,0,199,,15875,790,,,0,200,,15876,790,,,0,200,,15874,790,,,0,201,,15879,790,,,0,200,,15878,790,,,0
22100,'Fête-1-01',931,,15881,790,,,0,200,,15885,790,,,0,200,,15886,790,,,0,200,,15887,790,,,0,199,,15882,790,,,0,200,,15884,790,,,0,200,,15883,790,,,0
22100,'Semaine-01',554,,15889,400,0,6 7,0,70,,15890,400,0,6 7,0,31,,15891,790,,,0,70,,15888,790,,,0,31,,15892,790,,,0,70,,15893,790,,,0,30,,15894,790,,,0,85,,15895,790,,,0,100,,15896,790,,,0,100,,15897,790,,,0,100,,15898,790,,,0,100,,15899,790,,,0,100,,15900,790,,,0,100,,15901,790,,,0,100,,15902,790,,,0,85,,15903,790,,,0,30,,15904,790,,,0,70,,15905,790,,,0,29,,15906,790,,,0,67,,15907,790,,,0,30,,15908,790,,,0,85,,15909,790,,,0,99,,15910,790,,,0,100,,15911,790,,,0
22100,'Week-end-01',931,,15912,790,,,0,200,,15916,790,,,0,200,,15917,790,,,0,200,,15918,790,,,0,199,,15913,790,,,0,200,,15915,790,,,0,200,,15914,790,,,0
22201,'Fête-1-01',841,,15933,990,,,0,100,,15921,990,,,0,100,,15920,990,,,0,100,,15919,990,,,0,100,,15922,990,,,0,100,,15923,990,,,0,100,,15924,990,,,0,100,,15925,990,,,0,100,,15926,990,,,0,100,,15927,990,,,0,100,,15928,990,,,0,100,,15929,990,,,0,100,,15930,990,,,0,100,,15931,990,,,0
22201,'Semaine-01',607,,15954,500,0,6 7,0,23,,15951,990,,,0,80,,15934,990,,,0,30,,15952,990,,,0,83,,15935,990,,,0,80,,15936,990,,,0,108,,15937,990,,,0,99,,15938,990,,,0,100,,15939,990,,,0,100,,15940,990,,,0,100,,15941,990,,,0,100,,15942,990,,,0,100,,15943,990,,,0,103,,15944,990,,,0,40,,15953,990,,,0,75,,15945,990,,,0,80,,15946,990,,,0,102,,15947,990,,,0,100,,15948,990,,,0,100,,15949,990,,,0
22201,'Week-end-01',841,,15969,990,,,0,100,,15957,990,,,0,100,,15956,990,,,0,100,,15955,990,,,0,100,,15958,990,,,0,100,,15959,990,,,0,100,,15960,990,,,0,100,,15961,990,,,0,100,,15962,990,,,0,100,,15963,990,,,0,100,,15964,990,,,0,100,,15965,990,,,0,100,,15966,990,,,0,100,,15967,990,,,0
22501,'Fête-1-01',933,,15970,640,,,0,204,,15971,640,,,0,201,,15972,640,,,0,200,,15973,640,,,0,197,,15974,640,,,0,197,,15975,640,,,0,198,,15976,640,,,0
22501,'Semaine-01',555,,15977,350,0,6 7,0,83,,15978,640,,,0,70,,15979,640,,,0,32,,15980,640,,,0,80,,15981,640,,,0,80,,15982,640,,,0,40,,15983,640,,,0,96,,15984,640,,,0,103,,15985,640,,,0,100,,15986,640,,,0,99,,15987,640,,,0,102,,15988,640,,,0,100,,15989,640,,,0,100,,15990,640,,,0,90,,15991,640,,,0,80,,15992,640,,,0,40,,15993,640,,,0,70,,15994,640,,,0,30,,15995,640,,,0,85,,15996,640,,,0,100,,15997,640,,,0,98,,15998,640,,,0
22501,'Week-end-01',933,,15999,640,,,0,204,,16000,640,,,0,201,,16001,640,,,0,200,,16002,640,,,0,197,,16003,640,,,0,197,,16004,640,,,0,198,,16005,640,,,0
