23000,'Fête-1-01',839,,16126,80,,,0,100,,16127,80,,,0,101,,16131,80,,,0,100,,16132,80,,,0,100,,16133,80,,,0,100,,16134,80,,,0,100,,16135,80,,,0,100,,16137,80,,,0,100,,16125,80,,,0,99,,16124,80,,,0,100,,16136,80,,,0,100,,16130,80,,,0,100,,16129,80,,,0,100,,16128,80,,,0,100,,16138,80,,,0
23000,'Semaine-01',611,,16143,80,,,0,30,,16144,80,,,0,71,,16145,80,,,0,30,,16146,80,,,0,70,,16147,80,,,0,29,,16148,80,,,0,100,,16149,80,,,0,105,,16154,80,,,0,105,,16155,80,,,0,150,,16156,80,,,0,116,,16157,80,,,0,115,,16158,80,,,0,75,,16141,80,,,0,39,,16140,80,,,0,80,,16139,80,0,8 27 76,0,30,,16142,80,,,0,69,,16159,80,,,0,30,,16153,80,,,0,100,,16152,80,,,0,100,,16151,80,,,0,100,,16150,80,,,0
23000,'Week-end-01',839,,16162,80,,,0,100,,16163,80,,,0,101,,16167,80,,,0,100,,16168,80,,,0,100,,16169,80,,,0,100,,16170,80,,,0,100,,16171,80,,,0,100,,16173,80,,,0,100,,16161,80,,,0,99,,16160,80,,,0,100,,16172,80,,,0,100,,16166,80,,,0,100,,16165,80,,,0,100,,16164,80,,,0,100,,16174,80,,,0
23101,'Fête-1-01',915,,16234,500,,,0,100,,16233,500,,,0,100,,16235,500,,,0,100,,16231,500,,,0,100,,16236,500,,,0,100,,16230,500,,,0,100,,16237,500,,,0,100,,16229,500,,,0,100,,16238,500,,,0,100,,16232,500,,,0,100,,16239,500,,,0,100,,16228,500,,,0,100,,16240,500,,,0,100,,16227,500,,,0
23101,'Semaine-01',651,,16242,500,,,0,64,,16243,500,,,0,37,,16244,500,,,0,67,,16245,500,,,0,33,,16246,500,,,0,93,,16247,500,,,0,100,,16248,500,,,0,100,,16249,500,,,0,100,,16250,500,,,0,100,,16251,500,,,0,101,,16252,500,,,0,102,,16253,500,,,0,88,,16254,500,,,0,72,,16255,500,,,0,25,,16256,500,,,0,67,,16257,500,,,0,31,,16258,500,,,0,27,,16259,500,,,0,84,,16260,500,,,0,100,,16261,500,,,0,102,,16262,500,,,0,99,,16263,500,,,0
23101,'Week-end-01',915,,16272,500,,,0,100,,16271,500,,,0,100,,16273,500,,,0,100,,16269,500,,,0,100,,16274,500,,,0,100,,16268,500,,,0,100,,16275,500,,,0,100,,16267,500,,,0,100,,16276,500,,,0,100,,16270,500,,,0,100,,16277,500,,,0,100,,16266,500,,,0,100,,16278,500,,,0,100,,16265,500,,,0
23600,'Fête-1-01',857,,16506,330,,,0,100,,16497,330,,,0,100,,16507,330,,,0,100,,16495,330,,,0,100,,16503,330,,,0,100,,16499,330,,,0,100,,16505,330,,,0,100,,16496,330,,,0,100,,16509,330,,,0,100,,16498,330,,,0,100,,16504,330,,,0,100,,16500,330,,,0,100,,16502,330,,,0,100,,16501,330,,,0
23600,'Semaine-01',622,,16510,330,,,0,110,,16511,330,,,0,81,,16528,330,,,0,39,,16512,330,,,0,76,,16513,330,,,0,95,,16514,330,,,0,99,,16515,330,,,0,101,,16516,330,,,0,100,,16517,330,,,0,100,,16518,330,,,0,100,,16519,330,,,0,100,,16520,330,,,0,85,,16521,330,,,0,40,,16522,330,,,0,83,,16523,330,,,0,124,,16524,330,,,0,103,,16525,330,,,0,100,,16526,330,,,0
23600,'Week-end-01',857,,16540,330,,,0,100,,16531,330,,,0,100,,16541,330,,,0,100,,16529,330,,,0,100,,16537,330,,,0,100,,16533,330,,,0,100,,16539,330,,,0,100,,16530,330,,,0,100,,16543,330,,,0,100,,16532,330,,,0,100,,16538,330,,,0,100,,16534,330,,,0,100,,16536,330,,,0,100,,16535,330,,,0
23801,'Fête-1-01',826,,16608,220,,,0,93,,16601,320,,,0,103,,16604,320,,,0,100,,16605,320,,,0,100,,16598,320,,,0,100,,16606,320,,,0,100,,16596,320,,,0,100,,16595,320,,,0,100,,16594,320,,,0,100,,16593,320,,,0,100,,16600,320,,,0,98,,16599,320,,,0,100,,16602,320,,,0,98,,16603,320,,,0,99,,16597,320,,,0
23801,'Semaine-01',552,,16623,220,0,31 13,0,64,,16624,220,0,31 13,0,38,,16625,320,,,0,62,,16626,320,,,0,42,,16627,320,,,0,62,,16628,320,,,0,99,,16629,320,,,0,105,,16609,320,,,0,100,,16610,320,,,0,100,,16611,320,,,0,100,,16612,320,,,0,100,,16613,320,,,0,100,,16614,320,,,0,100,,16615,320,,,0,81,,16616,320,,,0,32,,16617,320,,,0,74,,16631,320,,,0,31,,16618,320,,,0,75,,16630,320,,,0,106,,16619,320,,,0,100,,16622,320,,,0,100,,16621,320,,,0
23801,'Week-end-01',826,,16648,220,,,0,93,,16641,320,,,0,103,,16644,320,,,0,100,,16645,320,,,0,100,,16638,320,,,0,100,,16646,320,,,0,100,,16636,320,,,0,100,,16635,320,,,0,100,,16634,320,,,0,100,,16633,320,,,0,100,,16640,320,,,0,98,,16639,320,,,0,100,,16642,320,,,0,98,,16643,320,,,0,99,,16637,320,,,0
70900,'Fête-1-01',707,,18259,540,,,0,25,,18260,540,,,0,15,,18261,540,,,0,70,,18262,540,,,0,30,,18263,540,,,0,71,,18264,540,,,0,30,,18265,540,,,0,70,,18266,540,,,0,30,,18267,540,,,0,70,,18268,540,,,0,31,,18269,540,,,0,70,,18270,540,,,0,30,,18271,540,,,0,70,,18272,540,,,0,30,,18273,540,,,0,70,,18274,540,,,0,30,,18275,540,,,0,71,,18276,540,,,0,30,,18277,540,,,0,70,,18278,540,,,0,30,,18279,540,,,0,70,,18280,540,,,0,30,,18281,540,,,0,69,,18282,540,,,0,30,,18283,540,,,0,70,,18284,540,,,0,28,,18285,540,,,0,70,,18286,540,,,0,30,,18287,540,,,0,69,,18288,540,,,0,30,,18289,540,,,0,70,,18290,540,,,0,30,,18291,540,,,0,60,,18292,540,,,0,29,,18293,540,,,0,70,,18294,540,,,0,30,,18295,540,,,0,70,,18296,540,,,0,109,,18297,540,,,0
70900,'Semaine-01',626,,18299,540,0,11 12 13,0,79,,18300,540,0,11 12 13,0,20,,18301,540,0,11 12 13,0,7,,18302,540,0,11 12 13,0,78,,18303,540,0,11 12 13,0,19,,18304,540,0,11 12 13,0,25,,18305,540,0,11 12 13,0,68,,18306,540,0,11 12 13,0,34,,18307,540,0,11 12 13,0,65,,18345,540,0,11 12 13,0,28,,18308,540,0,11 12 13,0,55,,18309,540,0,11 12 13,0,29,,18310,540,0,11 12 13,0,15,,18311,540,0,11 12 13,0,55,,18312,540,0,11 12 13,0,23,,18313,540,0,11 12 13,0,31,,18314,540,0,11 12 13,0,55,,18341,540,0,11 12 13,0,15,,18344,540,0,11 12 13,0,15,,18343,540,0,11 12 13,0,70,,18342,540,0,11 12 13,0,45,,18340,540,0,11 12 13,0,55,,18315,540,0,11 12 13,0,24,,18316,540,0,11 12 13,0,86,,18317,540,,,0,30,,18318,540,,,0,60,,18338,540,,,0,17,,18339,540,,,0,8,,18332,540,,,0,15,,18337,540,,,0,51,,18333,540,,,0,12,,18334,540,,,0,9,,18335,540,,,0,10,,18336,540,,,0,12,,18331,540,,,0,65,,18319,540,,,0,13,,18320,540,,,0,11,,18321,540,,,0,11,,18322,540,,,0,67,,18330,540,,,0,19,,18323,540,,,0,69,,18324,540,,,0,22,,18347,540,,,0,30,,18325,540,,,0,54,,18326,540,,,0,97,,18327,540,,,0,29,,18328,540,,,0,82,,18346,540,,,0,99,,18329,540,,,0,108,,18298,540,,,0
70900,'Week-end-01',707,,18348,540,,,0,25,,18349,540,,,0,15,,18350,540,,,0,70,,18351,540,,,0,30,,18352,540,,,0,71,,18353,540,,,0,30,,18354,540,,,0,70,,18355,540,,,0,30,,18356,540,,,0,70,,18357,540,,,0,31,,18358,540,,,0,70,,18359,540,,,0,30,,18360,540,,,0,70,,18361,540,,,0,30,,18362,540,,,0,70,,18363,540,,,0,30,,18364,540,,,0,71,,18365,540,,,0,30,,18366,540,,,0,70,,18367,540,,,0,30,,18368,540,,,0,70,,18369,540,,,0,30,,18370,540,,,0,69,,18371,540,,,0,30,,18372,540,,,0,70,,18373,540,,,0,28,,18374,540,,,0,70,,18375,540,,,0,30,,18376,540,,,0,69,,18377,540,,,0,30,,18378,540,,,0,70,,18379,540,,,0,30,,18380,540,,,0,60,,18381,540,,,0,29,,18382,540,,,0,70,,18383,540,,,0,30,,18384,540,,,0,70,,18385,540,,,0,109,,18386,540,,,0
