23101,'Fête-1-05',836,,10775,,,0,100,,10774,,,0,100,,10776,,,0,100,,10772,,,0,100,,10777,,,0,100,,10771,,,0,100,,10778,,,0,100,,10770,,,0,100,,10779,,,0,100,,10773,,,0,100,,10780,,,0,100,,10769,,,0,100,,10781,,,0,100,,10768,,,0,100,,10782,0,8 45 1 46,0
23101,'Fête-2-04',611,,10783,,,0,30,,10784,,,0,70,,10785,,,0,30,,10786,,,0,70,,10787,,,0,95,,10788,,,0,100,,10789,,,0,100,,10790,,,0,100,,10791,,,0,100,,10792,,,0,100,,10793,,,0,100,,10794,,,0,48,,10795,,,0,67,,10796,,,0,33,,10797,,,0,67,,10798,,,0,33,,10799,,,0,67,,10800,,,0,85,,10801,,,0,100,,10802,,,0,100,,10803,,,0,100,,10804,,,0,37,,10805,0,8 45 1 46,0
23101,'Semaine-52',611,,10806,,,0,30,,10807,,,0,70,,10808,,,0,30,,10809,,,0,70,,10810,,,0,95,,10811,,,0,100,,10812,,,0,100,,10813,,,0,100,,10814,,,0,100,,10815,,,0,100,,10816,,,0,100,,10817,,,0,48,,10818,,,0,67,,10819,,,0,33,,10820,,,0,67,,10821,,,0,33,,10822,,,0,67,,10823,,,0,85,,10824,,,0,100,,10825,,,0,100,,10826,,,0,100,,10827,,,0,37,,10828,0,8 45 1 46,0
23101,'Week-end-52',836,,10836,,,0,100,,10835,,,0,100,,10837,,,0,100,,10833,,,0,100,,10838,,,0,100,,10832,,,0,100,,10839,,,0,100,,10831,,,0,100,,10840,,,0,100,,10834,,,0,100,,10841,,,0,100,,10830,,,0,100,,10842,,,0,100,,10829,,,0,100,,10843,0,8 45 1 46,0
23500,'Fête-1-05',836,,11018,,,0,100,,11014,,,0,100,,11019,,,0,100,,11020,,,0,100,,11023,,,0,100,,11021,,,0,100,,11022,,,0,100,,11016,,,0,100,,11017,,,0,100,,11015,,,0,100,,11010,,,0,100,,11012,,,0,100,,11013,,,0,100,,11011,,,0,100,,11024,,,0
23500,'Fête-2-04',606,,11026,,,0,27,,11025,,,0,73,,11028,,,0,30,,11027,,,0,70,,11030,,,0,30,,11029,,,0,100,,11031,,,0,100,,11032,,,0,100,,11033,,,0,100,,11034,,,0,100,,11035,,,0,100,,11036,,,0,100,,11037,,,0,70,,11039,,,0,30,,11038,,,0,70,,11041,,,0,31,,11040,,,0,70,,11043,,,0,29,,11042,,,0,100,,11044,,,0,100,,11045,,,0,100,,11046,,,0,107,,11047,,,0
23500,'Semaine-52',606,,11049,,,0,27,,11048,,,0,73,,11051,,,0,30,,11050,,,0,70,,11053,,,0,30,,11052,,,0,100,,11054,,,0,100,,11055,,,0,100,,11056,,,0,100,,11057,,,0,100,,11058,,,0,100,,11059,,,0,100,,11060,,,0,70,,11062,,,0,30,,11061,,,0,70,,11064,,,0,31,,11063,,,0,70,,11066,,,0,29,,11065,,,0,100,,11067,,,0,100,,11068,,,0,100,,11069,,,0,107,,11070,,,0
23500,'Week-end-52',836,,11079,,,0,100,,11075,,,0,100,,11080,,,0,100,,11081,,,0,100,,11084,,,0,100,,11082,,,0,100,,11083,,,0,100,,11077,,,0,100,,11078,,,0,100,,11076,,,0,100,,11071,,,0,100,,11073,,,0,100,,11074,,,0,100,,11072,,,0,100,,11085,,,0
70901,'Fête-2-04',1007,,14604,,,0,30,,14605,,,0,15,,14606,,,0,55,,14607,,,0,15,,14608,,,0,15,,14641,,,0,15,,14609,,,0,55,,14642,,,0,30,,14610,,,0,15,,14611,,,0,55,,14612,,,0,30,,14633,,,0,70,,14634,,,0,30,,14635,,,0,15,,14636,,,0,55,,14637,,,0,45,,14614,,,0,55,,14613,,,0,30,,14615,,,0,15,,14616,,,0,50,,14617,,,0,15,,14618,,,0,15,,14639,,,0,15,,14640,,,0,55,,14619,,,0,20,,14620,,,0,15,,14621,,,0,15,,14622,,,0
70901,'Semaine-52',1007,,14667,,,0,30,,14668,,,0,15,,14669,,,0,55,,14670,,,0,15,,14671,,,0,15,,14706,,,0,15,,14672,,,0,55,,14707,,,0,30,,14673,,,0,15,,14674,,,0,55,,14675,,,0,30,,14698,,,0,70,,14699,,,0,30,,14700,,,0,15,,14701,,,0,55,,14702,,,0,30,,14697,,,0,15,,14677,,,0,55,,14676,,,0,15,,14678,,,0,15,,14679,,,0,15,,14680,,,0,50,,14681,,,0,15,,14682,,,0,15,,14704,,,0,15,,14705,,,0,55,,14683,,,0,20,,14684,,,0,15,,14685,,,0,15,,14686,,,0
