22201,'Fête-1-05',744,,10300,,,0,100,,10300,4,,0,100,,10288,4,,0,100,,10287,4,,0,100,,10289,,,0,100,,10290,,,0,100,,10291,,,0,100,,10292,,,0,100,,10293,,,0,100,,10294,,,0,100,,10295,,,0,100,,10296,,,0,100,,10297,,,0,100,,10298,,,0,100,,10299,0,8 6 22,0
22201,'Fête-2-04',534,,10318,,,0,75,,10321,4,,0,5,,10301,,,0,18,,10318,4,,0,12,,10319,,,0,68,,10301,4,,0,12,,10302,,,0,18,,10319,4,,0,62,,10303,,,0,21,,10302,4,,0,80,,10303,4,,0,9,,10304,,,0,99,,10304,4,,0,1,,10305,,,0,98,,10305,4,,0,2,,10306,,,0,98,,10306,4,,0,2,,10307,,,0,98,,10307,4,,0,2,,10308,,,0,98,,10308,4,,0,2,,10309,,,0,98,,10309,4,,0,2,,10310,,,0,98,,10310,4,,0,2,,10311,,,0,40,,10320,,,0,61,,10311,4,,0,14,,10312,,,0,26,,10320,4,,0,54,,10313,,,0,21,,10312,4,,0,80,,10313,4,,0,4,,10314,,,0,98,,10314,4,,0,2,,10315,,,0,98,,10315,4,,0,2,,10316,,,0,98,,10316,4,,0,2,,10317,0,8 6 22,0
22201,'Semaine-52',534,,10339,,,0,75,,10342,4,,0,5,,10322,,,0,18,,10339,4,,0,12,,10340,,,0,68,,10322,4,,0,12,,10323,,,0,18,,10340,4,,0,62,,10324,,,0,21,,10323,4,,0,80,,10324,4,,0,9,,10325,,,0,99,,10325,4,,0,1,,10326,,,0,98,,10326,4,,0,2,,10327,,,0,98,,10327,4,,0,2,,10328,,,0,98,,10328,4,,0,2,,10329,,,0,98,,10329,4,,0,2,,10330,,,0,98,,10330,4,,0,2,,10331,,,0,98,,10331,4,,0,2,,10332,,,0,40,,10341,,,0,61,,10332,4,,0,14,,10333,,,0,26,,10341,4,,0,54,,10334,,,0,21,,10333,4,,0,80,,10334,4,,0,4,,10335,,,0,98,,10335,4,,0,2,,10336,,,0,98,,10336,4,,0,2,,10337,,,0,98,,10337,4,,0,2,,10338,0,8 6 22,0
22201,'Week-end-52',744,,10357,,,0,100,,10357,4,,0,100,,10345,4,,0,100,,10344,4,,0,100,,10346,,,0,100,,10347,,,0,100,,10348,,,0,100,,10349,,,0,100,,10350,,,0,100,,10351,,,0,100,,10352,,,0,100,,10353,,,0,100,,10354,,,0,100,,10355,,,0,100,,10356,0,8 6 22,0
22501,'Fête-1-05',849,,10358,,,0,88,,10358,4,,0,112,,10359,,,0,92,,10359,4,,0,108,,10360,,,0,93,,10360,4,,0,107,,10361,,,0,93,,10361,4,,0,107,,10362,,,0,90,,10362,4,,0,110,,10363,,,0,87,,10363,4,,0,113,,10364,,,0,85,,10364,4,,0
22501,'Fête-2-04',549,,10366,,,0,10,,10365,4,,0,60,,10367,,,0,23,,10366,4,,0,7,,10368,,,0,63,,10367,4,,0,7,,10369,,,0,25,,10368,4,,0,5,,10370,,,0,65,,10369,4,,0,30,,10370,4,,0,5,,10371,,,0,95,,10371,4,,0,5,,10372,,,0,91,,10372,4,,0,9,,10373,,,0,94,,10373,4,,0,6,,10374,,,0,94,,10374,4,,0,6,,10375,,,0,93,,10375,4,,0,7,,10376,,,0,95,,10376,4,,0,5,,10377,,,0,95,,10377,4,,0,5,,10378,,,0,85,,10379,,,0,10,,10378,4,,0,60,,10380,,,0,25,,10379,4,,0,5,,10381,,,0,25,,10380,4,,0,45,,10382,,,0,25,,10381,4,,0,5,,10383,,,0,21,,10382,4,,0,49,,10384,,,0,20,,10383,4,,0,25,,10385,,,0,5,,10384,4,,0,85,,10385,4,,0,10,,10386,,,0,90,,10386,4,,0,10,,10387,,,0,88,,10387,4,,0
22501,'Semaine-52',549,,10389,,,0,10,,10388,4,,0,60,,10390,,,0,23,,10389,4,,0,7,,10391,,,0,63,,10390,4,,0,7,,10392,,,0,25,,10391,4,,0,5,,10393,,,0,65,,10392,4,,0,30,,10393,4,,0,5,,10394,,,0,95,,10394,4,,0,5,,10395,,,0,91,,10395,4,,0,9,,10396,,,0,94,,10396,4,,0,6,,10397,,,0,94,,10397,4,,0,6,,10398,,,0,93,,10398,4,,0,7,,10399,,,0,95,,10399,4,,0,5,,10400,,,0,95,,10400,4,,0,5,,10401,,,0,85,,10402,,,0,10,,10401,4,,0,60,,10403,,,0,25,,10402,4,,0,5,,10404,,,0,25,,10403,4,,0,45,,10405,,,0,25,,10404,4,,0,5,,10406,,,0,21,,10405,4,,0,49,,10407,,,0,20,,10406,4,,0,25,,10408,,,0,5,,10407,4,,0,85,,10408,4,,0,10,,10409,,,0,90,,10409,4,,0,10,,10410,,,0,88,,10410,4,,0
22501,'Week-end-52',849,,10411,,,0,88,,10411,4,,0,112,,10412,,,0,92,,10412,4,,0,108,,10413,,,0,93,,10413,4,,0,107,,10414,,,0,93,,10414,4,,0,107,,10415,,,0,90,,10415,4,,0,110,,10416,,,0,87,,10416,4,,0,113,,10417,,,0,85,,10417,4,,0
22600,'Fête-1-05',749,,10424,,,0,86,,10424,4,,0,114,,10418,,,0,88,,10418,4,,0,112,,10419,,,0,93,,10419,4,,0,107,,10420,,,0,91,,10420,4,,0,109,,10421,,,0,90,,10421,4,,0,110,,10425,0,6 7,0,90,,10425,4,,0,110,,10422,,,0,88,,10422,4,,0,112,,10423,0,8 33 1 34,0
22600,'Fête-2-04',544,,10449,4,,0,60,,10426,,,0,10,,10450,4,,0,20,,10427,,,0,20,,10426,4,,0,50,,10428,,,0,20,,10427,4,,0,10,,10429,,,0,21,,10428,4,,0,64,,10430,,,0,6,,10429,4,,0,85,,10430,4,,0,9,,10431,,,0,91,,10431,4,,0,9,,10432,,,0,91,,10432,4,,0,9,,10433,,,0,91,,10433,4,,0,9,,10434,,,0,91,,10434,4,,0,9,,10435,,,0,92,,10435,4,,0,8,,10436,,,0,92,,10436,4,,0,8,,10437,,,0,94,,10437,4,,0,6,,10438,,,0,30,,10439,,,0,64,,10438,4,,0,6,,10440,,,0,24,,10439,4,,0,6,,10441,,,0,62,,10440,4,,0,8,,10442,,,0,22,,10441,4,,0,8,,10443,,,0,62,,10442,4,,0,8,,10444,,,0,20,,10443,4,,0,70,,10444,4,,0,10,,10445,,,0,88,,10445,4,,0,12,,10446,,,0,86,,10446,4,,0,14,,10447,,,0,86,,10447,4,,0,14,,10448,,,0,84,,10448,4,,0
22600,'Semaine-52',544,,10474,4,,0,60,,10451,,,0,10,,10475,4,,0,20,,10452,,,0,20,,10451,4,,0,50,,10453,,,0,20,,10452,4,,0,10,,10454,,,0,21,,10453,4,,0,64,,10455,,,0,6,,10454,4,,0,85,,10455,4,,0,9,,10456,,,0,91,,10456,4,,0,9,,10457,,,0,91,,10457,4,,0,9,,10458,,,0,91,,10458,4,,0,9,,10459,,,0,91,,10459,4,,0,9,,10460,,,0,92,,10460,4,,0,8,,10461,,,0,92,,10461,4,,0,8,,10462,,,0,94,,10462,4,,0,6,,10463,,,0,30,,10464,,,0,64,,10463,4,,0,6,,10465,,,0,24,,10464,4,,0,6,,10466,,,0,62,,10465,4,,0,8,,10467,,,0,22,,10466,4,,0,8,,10468,,,0,62,,10467,4,,0,8,,10469,,,0,20,,10468,4,,0,70,,10469,4,,0,10,,10470,,,0,88,,10470,4,,0,12,,10471,,,0,86,,10471,4,,0,14,,10472,,,0,86,,10472,4,,0,14,,10473,,,0,84,,10473,4,,0
22600,'Week-end-52',749,,10482,,,0,86,,10482,4,,0,114,,10476,,,0,88,,10476,4,,0,112,,10477,,,0,93,,10477,4,,0,107,,10478,,,0,91,,10478,4,,0,109,,10479,,,0,90,,10479,4,,0,110,,10483,,,0,90,,10483,4,,0,110,,10480,,,0,88,,10480,4,,0,112,,10481,0,8 33 1 34,0
