25001,'Fête-1-05',715,,4425,150,,,0,99,,4409,150,,,0,30,,4412,150,,,0,99,,4419,150,,,0,70,,4420,150,,,0,101,,4411,150,,,0,30,,4414,150,,,0,100,,4422,150,,,0,70,,4423,150,,,0,100,,4410,150,,,0,29,,4421,150,,,0,100,,4413,150,,,0,71,,4418,150,,,0,101,,4424,150,,,0,30,,4415,150,,,0,100,,4416,150,,,0,70,,4408,150,,,0,101,,4417,150,,,0,30,,4426,150,,,0,101,,4407,150,,,0,70,,4427,150,,,0
25001,'Fête-2-04',540,,4428,150,,,0,65,,4429,150,,,0,28,,4430,150,,,0,21,,4431,150,,,0,85,,4432,150,,,0,96,,4433,150,,,0,72,,4434,150,,,0,96,,4435,150,,,0,100,,4436,150,,,0,103,,4437,150,,,0,100,,4438,150,,,0,102,,4439,150,,,0,115,,4440,150,,,0,99,,4441,150,,,0,26,,4442,150,,,0,70,,4443,150,,,0,28,,4444,150,,,0,83,,4445,150,,,0,87,,4446,150,,,0,108,,4447,150,,,0,93,,4448,150,,,0,101,,4449,150,,,0
25001,'Semaine-52',540,,4450,150,,,0,64,,4451,150,,,0,29,,4452,150,,,0,21,,4453,150,,,0,85,,4454,150,,,0,62,,4455,150,,,0,34,,4456,150,,,0,72,,4457,150,,,0,37,,4458,150,,,0,59,,4459,150,,,0,100,,4460,150,,,0,103,,4461,150,,,0,100,,4462,150,,,0,102,,4463,150,,,0,115,,4464,150,,,0,24,,4465,150,,,0,75,,4466,150,,,0,26,,4467,150,,,0,70,,4468,150,,,0,28,,4469,150,,,0,82,,4470,150,,,0,88,,4471,150,,,0,107,,4472,150,,,0,94,,4473,150,,,0,101,,4474,150,,,0
25001,'Week-end-52',715,,4493,150,,,0,99,,4477,150,,,0,30,,4480,150,,,0,99,,4487,150,,,0,70,,4488,150,,,0,101,,4479,150,,,0,30,,4482,150,,,0,100,,4490,150,,,0,70,,4491,150,,,0,100,,4478,150,,,0,29,,4489,150,,,0,100,,4481,150,,,0,71,,4486,150,,,0,101,,4492,150,,,0,30,,4483,150,,,0,100,,4484,150,,,0,70,,4476,150,,,0,101,,4485,150,,,0,30,,4494,150,,,0,101,,4475,150,,,0,70,,4495,150,,,0
31700,'Fête-2-04',653,,5599,110,0,11 23,0,70,,5600,110,0,11 23,0,110,,5601,110,0,11 23,0,290,,5602,110,0,11 23,0,300,,5603,110,0,11 23,0
31700,'Semaine-52',653,,5605,110,0,11 23,0,70,,5606,110,0,11 23,0,110,,5607,110,0,11 23,0,290,,5608,110,0,11 23,0,300,,5609,110,0,11 23,0
31701,'Fête-2-04',1233,,5613,120,0,24,0,270,,5618,120,0,24,0,100,,5614,120,0,24,0,130,,5615,120,0,24,0,100,,5616,120,0,24,0,475,,5617,120,0,24,0
31701,'Semaine-52',1233,,5620,120,0,24,0,270,,5625,120,0,24,0,100,,5621,120,0,24,0,130,,5622,120,0,24,0,100,,5623,120,0,24,0,475,,5624,120,0,24,0
51401,'Fête-2-04',530,,6100,150,,,0,95,,6101,150,,,0,34,,6102,150,,,0
51401,'Semaine-52',530,,6103,150,,,0,95,,6104,150,,,0,34,,6105,150,,,0
