24900,'Fête-1-05',821,,11833,0,5,0,130,,11834,0,5,0,170,,11843,0,5,0,130,,11835,0,5,0,170,,11836,0,5,0,130,,11837,0,5,0,170,,11838,0,5,0,130,,11839,0,5,0,170,,11840,0,5,0,130,,11841,0,5,0,170,,11842,0,5,0
24900,'Fête-2-04',656,,11845,,,0,65,,11846,,,0,34,,11847,,,0,97,,11848,,,0,174,,11849,,,0,99,,11850,,,0,101,,11851,,,0,100,,11852,,,0,100,,11853,,,0,108,,11854,,,0,75,,11855,,,0,35,,11856,,,0,91,,11857,,,0,72,,11858,,,0,34,,11859,,,0,90,,11860,,,0,99,,11861,,,0,98,,11862,,,0,100,,11863,,,0,99,,11844,,,0
24900,'Semaine-52',653,,11865,,,0,68,,11866,,,0,34,,11867,,,0,97,,11868,,,0,69,,11869,,,0,105,,11870,,,0,99,,11871,,,0,101,,11872,,,0,100,,11873,,,0,100,,11874,,,0,108,,11875,,,0,79,,11876,,,0,31,,11877,,,0,92,,11878,,,0,72,,11879,,,0,33,,11880,,,0,90,,11881,,,0,99,,11882,,,0,98,,11883,,,0,100,,11884,,,0,99,,11864,,,0
24900,'Week-end-52',821,,11885,0,5,0,130,,11886,0,5,0,170,,11895,0,5,0,130,,11887,0,5,0,170,,11888,0,5,0,130,,11889,0,5,0,170,,11890,0,5,0,130,,11891,0,5,0,170,,11892,0,5,0,130,,11893,0,5,0,170,,11894,0,5,0
25300,'Fête-2-04',1621,,12270,4,,0,96,,12271,4,,0,26,,12269,4,,0,82,,12273,4,,0,28,,12272,4,,0,99,,12268,4,,0
25300,'Semaine-52',1621,,12276,4,,0,96,,12277,4,,0,26,,12275,4,,0,82,,12279,4,,0,28,,12278,4,,0,99,,12274,4,,0
61000,'Fête-1-05',821,,13944,,,0,100,,13945,,,0,99,,13946,,,0,100,,13947,,,0,100,,13948,,,0,100,,13949,,,0,101,,13950,,,0,100,,13951,,,0,100,,13952,,,0,100,,13953,,,0,98,,13954,,,0,100,,13955,,,0,100,,13956,,,0,100,,13957,,,0,100,,13958,,,0,100,,13959,,,0
61000,'Fête-2-04',618,,13960,,,0,99,,13961,,,0,101,,13962,,,0,96,,13963,,,0,100,,13964,,,0,100,,13965,,,0,100,,13966,,,0,100,,13967,,,0,101,,13968,,,0,102,,13969,,,0,92,,13970,,,0,102,,13971,,,0,107,,13972,,,0,102,,13973,,,0,99,,13974,,,0,100,,13975,,,0,100,,13976,,,0,104,,13977,,,0
61000,'Semaine-52',618,,13978,,,0,30,,14001,,,0,69,,13979,,,0,31,,13980,,,0,70,,13981,,,0,31,,13982,,,0,65,,13983,,,0,100,,13984,,,0,100,,13985,,,0,100,,13986,,,0,100,,13987,,,0,101,,13988,,,0,102,,13989,,,0,92,,13990,,,0,27,,13991,,,0,75,,13992,,,0,31,,13993,,,0,76,,13994,,,0,31,,13995,,,0,71,,13996,,,0,99,,13997,,,0,100,,13998,,,0,100,,13999,,,0,104,,14000,,,0
61000,'Week-end-52',821,,14002,,,0,100,,14003,,,0,99,,14004,,,0,100,,14005,,,0,100,,14006,,,0,100,,14007,,,0,101,,14008,,,0,100,,14009,,,0,100,,14010,,,0,100,,14011,,,0,98,,14012,,,0,100,,14013,,,0,100,,14014,,,0,100,,14015,,,0,100,,14016,,,0,100,,14017,,,0
