40500,'Semaine-53',644,,12462,10,,,0,100,,12463,10,,,0,910,,12464,10,,,0
40501,'Semaine-53',1640,,12465,140,4,,0,170,,12466,140,4,,0
60000,'Fête-1-06',649,,12763,10,,,0,100,,12762,10,,,0,100,,12761,10,,,0,100,,12760,10,,,0,100,,12759,10,,,0,100,,12758,10,,,0,100,,12757,10,,,0,100,,12756,10,,,0,100,,12755,10,,,0,100,,12754,10,,,0,100,,12753,10,,,0,100,,12752,10,,,0,100,,12751,10,,,0,100,,12750,10,,,0,100,,12749,10,,,0,100,,12747,10,,,0,88,,12748,10,,,0
60000,'Semaine-53',530,,12770,10,,,0,19,,12771,10,,,0,70,,12773,10,,,0,30,,12775,10,,,0,70,,12777,10,,,0,30,,12779,10,,,0,70,,12781,10,,,0,30,,12782,10,,,0,100,,12783,10,,,0,100,,12784,10,,,0,100,,12785,10,,,0,70,,12786,10,,,0,30,,12787,10,,,0,70,,12788,10,,,0,100,,12789,10,,,0,30,,12790,10,,,0,70,,12769,10,,,0,30,,12768,10,,,0,70,,12767,10,,,0,30,,12766,10,,,0,70,,12764,10,,,0,30,,12765,10,,,0,100,,12780,10,,,0,100,,12778,10,,,0,100,,12776,10,,,0,96,,12774,10,,,0,104,,12772,10,,,0
60000,'Week-end-53',649,,12807,10,,,0,100,,12806,10,,,0,100,,12805,10,,,0,100,,12804,10,,,0,100,,12803,10,,,0,100,,12802,10,,,0,100,,12801,10,,,0,100,,12800,10,,,0,100,,12799,10,,,0,100,,12798,10,,,0,100,,12797,10,,,0,100,,12796,10,,,0,100,,12795,10,,,0,100,,12794,10,,,0,100,,12793,10,,,0,100,,12791,10,,,0,88,,12792,10,,,0
60001,'Fête-1-06',843,,12823,860,4,,0,100,,12822,860,4,,0,100,,12820,860,4,,0,100,,12821,860,4,,0,100,,12818,860,4,,0,100,,12819,860,4,,0,100,,12815,860,4,,0,100,,12816,860,4,,0,100,,12817,860,4,,0,100,,12814,860,4,,0,100,,12811,860,4,,0,100,,12812,860,4,,0,100,,12813,860,4,,0,100,,12809,860,4,,0,89,,12810,860,4,,0,185,,12808,860,4,,0
60001,'Semaine-53',542,,12849,440,4,,0,70,,12850,440,4,,0,30,,12851,440,4,,0,70,,12852,730,4,,0,24,,12824,860,4,,0,73,,12825,860,4,,0,32,,12826,860,4,,0,100,,12827,860,4,,0,98,,12828,860,4,,0,98,,12829,860,4,,0,100,,12830,860,4,,0,70,,12831,860,4,,0,100,,12832,860,4,,0,30,,12833,860,4,,0,70,,12834,860,4,,0,30,,12835,860,4,,0,75,,12836,860,4,,0,30,,12837,860,4,,0,70,,12838,860,4,,0,30,,12839,860,4,,0,70,,12840,860,4,,0,30,,12841,860,4,,0,70,,12842,860,4,,0,30,,12843,860,4,,0,93,,12844,860,4,,0,100,,12845,860,4,,0,100,,12846,860,4,,0,100,,12847,860,4,,0,100,,12848,860,4,,0
60001,'Week-end-53',843,,12868,860,4,,0,100,,12867,860,4,,0,100,,12865,860,4,,0,100,,12866,860,4,,0,100,,12863,860,4,,0,100,,12864,860,4,,0,100,,12860,860,4,,0,100,,12861,860,4,,0,100,,12862,860,4,,0,100,,12859,860,4,,0,100,,12856,860,4,,0,100,,12857,860,4,,0,100,,12858,860,4,,0,100,,12854,860,4,,0,89,,12855,860,4,,0,185,,12853,860,4,,0
60500,'Semaine-53',639,,12883,10,,,0,205,,12884,10,,,0
60501,'Semaine-53',1655,,12885,530,4,,0,252,,12886,530,4,,0
