23001,'Fête-1-05',812,,3051,140,,,0,100,,3063,140,,,0,100,,3052,140,,,0,101,,3057,140,,,0,102,,3064,140,,,0,100,,3058,140,,,0,100,,3059,140,,,0,99,,3060,140,,,0,100,,3062,140,,,0,99,,3055,140,,,0,100,,3056,140,,,0,99,,3061,140,,,0,99,,3054,140,,,0,100,,3053,140,,,0,100,,3050,140,,,0
23001,'Fête-2-04',616,,3073,140,,,0,32,,3066,140,,,0,70,,3067,140,,,0,30,,3068,140,,,0,70,,3069,140,,,0,29,,3070,140,,,0,70,,3071,140,,,0,100,,3072,140,,,0,100,,3082,140,,,0,100,,3083,140,,,0,100,,3084,140,,,0,100,,3085,140,,,0,100,,3086,140,,,0,101,,3088,140,,,0,30,,3078,140,,,0,70,,3079,140,,,0,30,,3080,140,,,0,70,,3081,140,,,0,28,,3077,140,,,0,70,,3087,140,,,0,30,,3076,140,,,0,100,,3075,140,,,0,100,,3074,140,,,0,100,,3065,140,,,0
23001,'Semaine-52',616,,3097,140,,,0,32,,3090,140,,,0,70,,3091,140,,,0,30,,3092,140,,,0,70,,3093,140,,,0,29,,3094,140,,,0,70,,3095,140,,,0,100,,3096,140,,,0,100,,3106,140,,,0,100,,3107,140,,,0,100,,3108,140,,,0,100,,3109,140,,,0,100,,3110,140,,,0,101,,3112,140,,,0,30,,3102,140,,,0,70,,3103,140,,,0,30,,3104,140,,,0,70,,3105,140,,,0,28,,3101,140,,,0,70,,3111,140,,,0,30,,3100,140,,,0,100,,3099,140,,,0,100,,3098,140,,,0,100,,3089,140,,,0
23001,'Week-end-52',812,,3114,140,,,0,100,,3126,140,,,0,100,,3115,140,,,0,101,,3120,140,,,0,102,,3127,140,,,0,100,,3121,140,,,0,100,,3122,140,,,0,99,,3123,140,,,0,100,,3125,140,,,0,99,,3118,140,,,0,100,,3119,140,,,0,99,,3124,140,,,0,99,,3117,140,,,0,100,,3116,140,,,0,100,,3113,140,,,0
23701,'Fête-1-05',905,,3602,30,,,0,98,,3593,30,,,0,100,,3599,30,,,0,100,,3601,30,,,0,100,,3590,30,,,0,100,,3592,30,,,0,100,,3591,30,,,0,100,,3598,30,,,0,100,,3594,30,,,0,100,,3596,30,,,0,100,,3597,30,,,0,101,,3600,30,,,0,100,,3595,30,,,0,100,,3603,30,,,0
23701,'Fête-2-04',557,,3624,30,,,0,73,,3605,30,,,0,73,,3625,30,,,0,33,,3619,30,,,0,64,,3620,30,,,0,33,,3606,30,,,0,100,,3622,30,,,0,98,,3621,30,,,0,100,,3607,30,,,0,100,,3608,30,,,0,100,,3609,30,,,0,100,,3610,30,,,0,105,,3611,30,,,0,100,,3612,30,,,0,73,,3616,30,,,0,33,,3613,30,,,0,109,,3617,30,,,0,150,,3614,30,,,0,100,,3618,30,,,0,100,,3615,30,,,0
23701,'Semaine-52',557,,3645,30,,,0,73,,3626,30,,,0,73,,3646,30,,,0,33,,3640,30,,,0,64,,3641,30,,,0,33,,3627,30,,,0,100,,3643,30,,,0,98,,3642,30,,,0,100,,3628,30,,,0,100,,3629,30,,,0,100,,3630,30,,,0,100,,3631,30,,,0,105,,3632,30,,,0,100,,3633,30,,,0,73,,3637,30,,,0,33,,3634,30,,,0,109,,3638,30,,,0,150,,3635,30,,,0,100,,3639,30,,,0,100,,3636,30,,,0
23701,'Week-end-52',905,,3659,30,,,0,98,,3650,30,,,0,100,,3656,30,,,0,100,,3658,30,,,0,100,,3647,30,,,0,100,,3649,30,,,0,100,,3648,30,,,0,100,,3655,30,,,0,100,,3651,30,,,0,100,,3653,30,,,0,100,,3654,30,,,0,101,,3657,30,,,0,100,,3652,30,,,0,100,,3660,30,,,0
70901,'Fête-1-05',552,,6906,30,,,0,70,,6907,30,,,0,29,,6908,30,,,0,70,,6909,30,,,0,30,,6910,30,,,0,55,,6911,30,,,0,30,,6912,30,,,0,70,,6913,30,,,0,30,,6914,30,,,0,70,,6915,30,,,0,30,,6916,30,,,0,70,,6917,30,,,0,30,,6918,30,,,0,70,,6919,30,,,0,30,,6920,30,,,0,70,,6921,30,,,0,30,,6922,30,,,0,70,,6923,30,,,0,30,,6924,30,,,0,70,,6925,30,,,0,30,,6926,30,,,0,70,,6927,30,,,0,30,,6928,30,,,0,70,,6929,30,,,0,30,,6930,30,,,0,70,,6931,30,,,0,31,,6932,30,,,0,70,,6933,30,,,0,30,,6934,30,,,0,71,,6935,30,,,0,30,,6936,30,,,0,70,,6937,30,,,0,30,,6938,30,,,0,71,,6939,30,,,0,30,,6940,30,,,0,70,,6941,30,,,0,111,,6942,30,,,0
70901,'Fête-2-04',421,,6947,30,,,0,30,,6992,30,,,0,60,,6944,30,,,0,10,,6943,30,,,0,10,,6945,30,,,0,10,,6946,30,,,0,60,,6948,30,,,0,10,,6949,30,,,0,10,,6950,30,,,0,25,,6951,30,,,0,10,,6952,30,,,0,50,,6953,30,,,0,10,,6954,30,,,0,10,,6955,30,,,0,10,,6956,30,,,0,20,,6957,30,,,0,50,,6958,30,,,0,15,,6959,30,,,0,15,,6961,30,,,0,15,,6998,30,,,0,55,,6960,30,,,0,30,,6962,30,,,0,15,,6963,30,,,0,63,,6964,60,,,0,30,,6965,60,,,0,15,,6966,60,,,0,55,,6967,60,,,0,15,,6968,60,,,0,15,,7001,60,,,0,15,,6969,60,,,0,55,,7002,60,,,0,30,,6970,60,,,0,15,,6971,60,,,0,55,,6972,60,,,0,30,,6993,60,,,0,70,,6994,60,,,0,30,,6995,60,,,0,15,,6996,60,,,0,55,,6997,60,,,0,45,,6974,60,,,0,55,,6973,60,,,0,30,,6975,60,,,0,15,,6976,60,,,0,50,,6977,60,,,0,15,,6978,60,,,0,15,,6999,60,,,0,15,,7000,60,,,0,55,,6979,60,,,0,20,,6980,60,,,0,15,,6981,60,,,0,15,,6982,60,,,0,62,,6983,30,,,0,30,,6984,30,,,0,55,,6985,30,,,0,30,,6986,30,,,0,70,,6987,30,,,0,30,,6988,30,,,0,85,,6989,30,,,0,100,,6990,30,,,0,108,,6991,30,,,0
70901,'Semaine-52',421,,7007,30,,,0,30,,7056,30,,,0,60,,7004,30,,,0,10,,7003,30,,,0,10,,7005,30,,,0,10,,7006,30,,,0,10,,7008,30,,,0,50,,7009,30,,,0,10,,7010,30,,,0,10,,7011,30,,,0,15,,7012,30,,,0,10,,7013,30,,,0,10,,7014,30,,,0,50,,7015,30,,,0,10,,7016,30,,,0,10,,7017,30,,,0,10,,7018,30,,,0,10,,7019,30,,,0,10,,7020,30,,,0,50,,7021,30,,,0,15,,7022,30,,,0,15,,7024,30,,,0,15,,7063,30,,,0,55,,7023,30,,,0,30,,7025,30,,,0,15,,7026,30,,,0,63,,7027,60,,,0,30,,7028,60,,,0,15,,7029,60,,,0,55,,7030,60,,,0,15,,7031,60,,,0,15,,7066,60,,,0,15,,7032,60,,,0,55,,7067,60,,,0,30,,7033,60,,,0,15,,7034,60,,,0,55,,7035,60,,,0,30,,7058,60,,,0,70,,7059,60,,,0,30,,7060,60,,,0,15,,7061,60,,,0,55,,7062,60,,,0,30,,7057,60,,,0,15,,7037,60,,,0,55,,7036,60,,,0,15,,7038,60,,,0,15,,7039,60,,,0,15,,7040,60,,,0,50,,7041,60,,,0,15,,7042,60,,,0,15,,7064,60,,,0,15,,7065,60,,,0,55,,7043,60,,,0,20,,7044,60,,,0,15,,7045,60,,,0,15,,7046,60,,,0,62,,7047,30,,,0,30,,7048,30,,,0,55,,7049,30,,,0,30,,7050,30,,,0,70,,7051,30,,,0,30,,7052,30,,,0,85,,7053,30,,,0,100,,7054,30,,,0,108,,7055,30,,,0
70901,'Week-end-52',552,,7068,30,,,0,70,,7069,30,,,0,29,,7070,30,,,0,70,,7071,30,,,0,30,,7072,30,,,0,55,,7073,30,,,0,30,,7074,30,,,0,70,,7075,30,,,0,30,,7076,30,,,0,70,,7077,30,,,0,30,,7078,30,,,0,70,,7079,30,,,0,30,,7080,30,,,0,70,,7081,30,,,0,30,,7082,30,,,0,70,,7083,30,,,0,30,,7084,30,,,0,70,,7085,30,,,0,30,,7086,30,,,0,70,,7087,30,,,0,30,,7088,30,,,0,70,,7089,30,,,0,30,,7090,30,,,0,70,,7091,30,,,0,30,,7092,30,,,0,70,,7093,30,,,0,31,,7094,30,,,0,70,,7095,30,,,0,30,,7096,30,,,0,71,,7097,30,,,0,30,,7098,30,,,0,70,,7099,30,,,0,30,,7100,30,,,0,71,,7101,30,,,0,30,,7102,30,,,0,70,,7103,30,,,0,111,,7104,30,,,0
