'LA-A25-LAGTFS-Semaine-05',50801,162400,,'',0,3000,,'',0,7000,,'',0
'LA-A25-LAGTFS-Semaine-20',50801,162400,,'',0,3000,0,'Term Montmorency',0,7000,,'',0
'LA-A25-LAGTFS-Dimanche-05',70800,74400,4,'',0,10200,4,'',0,9300,4,'',0,10000,4,'',0,10000,4,'',0,10000,4,'',0,10000,4,'',0,10000,4,'',0,10000,4,'',0,10000,4,'',0,10000,4,'',0,10000,4,'',0,10000,4,'',0,9700,4,'',0,10300,4,'',0,8000,4,'',0,8300,4,'',0,4000,4,'',0,11700,4,'',0
'LA-A25-LAGTFS-Dimanche-05',70801,62400,,'',0,10000,,'',0,3400,,'',0,10000,,'',0,9100,,'',0,10000,,'',0,10000,,'',0,10000,,'',0,10000,,'',0,10000,,'',0,10000,,'',0,10000,,'',0,10000,,'',0,10000,,'',0,10000,,'',0,10000,,'',0,10000,,'',0,8000,,'',0,11800,,'',0
'LA-A25-LAGTFS-Fête-1-03',70800,74400,4,'',0,10200,4,'',0,9300,4,'',0,10000,4,'',0,10000,4,'',0,10000,4,'',0,10000,4,'',0,10000,4,'',0,10000,4,'',0,10000,4,'',0,10000,4,'',0,10000,4,'',0,10000,4,'',0,9700,4,'',0,10300,4,'',0,8000,4,'',0,8300,4,'',0,4000,4,'',0,11700,4,'',0
'LA-A25-LAGTFS-Fête-1-03',70801,62400,,'',0,10000,,'',0,3400,,'',0,10000,,'',0,9100,,'',0,10000,,'',0,10000,,'',0,10000,,'',0,10000,,'',0,10000,,'',0,10000,,'',0,10000,,'',0,10000,,'',0,10000,,'',0,10000,,'',0,10000,,'',0,10000,,'',0,8000,,'',0,11800,,'',0
'LA-A25-LAGTFS-Samedi-05',70800,74400,4,'',0,10200,4,'',0,9300,4,'',0,10000,4,'',0,10000,4,'',0,10000,4,'',0,10000,4,'',0,10000,4,'',0,10000,4,'',0,10000,4,'',0,10000,4,'',0,10000,4,'',0,10000,4,'',0,9700,4,'',0,10300,4,'',0,8000,4,'',0,8300,4,'',0,4000,4,'',0,11700,4,'',0
'LA-A25-LAGTFS-Samedi-05',70801,62400,,'',0,10000,,'',0,3400,,'',0,10000,,'',0,9100,,'',0,10000,,'',0,10000,,'',0,10000,,'',0,10000,,'',0,10000,,'',0,10000,,'',0,10000,,'',0,10000,,'',0,10000,,'',0,10000,,'',0,10000,,'',0,10000,,'',0,8000,,'',0,11800,,'',0
'LA-A25-LAGTFS-Semaine-05',70800,60700,4,'',0,3000,4,'',0,7000,4,'',0,3000,4,'',0,7000,4,'',0,1500,4,'',0,1700,4,'',0,7000,4,'',0,3100,4,'',0,6900,4,'',0,3000,4,'',0,7000,4,'',0,3000,4,'',0,7000,4,'',0,3000,4,'',0,7000,4,'',0,3000,4,'',0,7000,4,'',0,3000,4,'',0,7000,4,'',0,3000,4,'',0,6800,4,'',0,700,4,'',0,2300,4,'',0,700,4,'',0,6300,4,'',0,700,4,'',0,2300,4,'',0,700,4,'',0,6300,4,'',0,700,4,'',0,2300,4,'',0,300,4,'',0,6700,4,'',0,3000,4,'',0,7000,4,'',0,3000,4,'',0,7000,4,'',0,3000,4,'',0,2000,4,'',0,7000,4,'',0,8900,4,'',0,9200,4,'',0,10000,4,'',0,10000,4,'',0
'LA-A25-LAGTFS-Semaine-05',70801,43500,,'',0,6900,,'',0,4500,,'',0,7000,,'',0,2500,,'',0,500,,'',0,7000,,'',0,3000,,'',0,7000,,'',0,3000,,'',0,7000,,'',0,3000,,'',0,7000,,'',0,3000,,'',0,7000,,'',0,3000,,'',0,7000,,'',0,3000,,'',0,7000,,'',0,3000,,'',0,7000,,'',0,3000,,'',0,7000,,'',0,3000,,'',0,7000,,'',0,3000,,'',0,7000,,'',0,3000,,'',0,7000,,'',0,3000,,'',0,7000,,'',0,3000,,'',0,7000,,'',0,3000,,'',0,10000,,'',0,10000,,'',0,9600,,'',0,10000,,'',0
'LA-A25-LAGTFS-Semaine-20',70800,60700,4,'',0,3000,4,'',0,7000,4,'',0,3000,4,'',0,7000,4,'',0,1500,4,'',0,1700,4,'',0,7000,4,'',0,3100,4,'',0,9900,4,'',0,7000,4,'',0,3000,4,'',0,10000,4,'',0,10000,4,'',0,10000,4,'',0,10000,4,'',0,7500,4,'',0,2300,4,'',0,700,4,'',0,6300,4,'',0,700,4,'',0,2300,4,'',0,700,4,'',0,6300,4,'',0,700,4,'',0,2300,4,'',0,300,4,'',0,6700,4,'',0,3000,4,'',0,7000,4,'',0,3000,4,'',0,10000,4,'',0,9000,4,'',0,8900,4,'',0,9200,4,'',0,10000,4,'',0,10000,4,'',0
'LA-A25-LAGTFS-Semaine-20',70801,43500,,'',0,6900,,'',0,4500,,'',0,7000,,'',0,3000,,'',0,7000,,'',0,3000,,'',0,7000,,'',0,3000,,'',0,7000,,'',0,3000,,'',0,10000,,'',0,10000,,'',0,10000,,'',0,10000,,'',0,10000,,'',0,10000,,'',0,7000,,'',0,3000,,'',0,7000,,'',0,3000,,'',0,7000,,'',0,3000,,'',0,10000,,'',0,10000,,'',0,10000,,'',0,10000,,'',0,9600,,'',0,10000,,'',0
