22701,'Fête-1-06',931,,10509,600,,,0,200,,10510,600,,,0,200,,10511,600,,,0,200,,10512,600,,,0,200,,10513,600,,,0,200,,10514,600,,,0,200,,10515,600,,,0
22701,'Semaine-53',540,,10516,300,0,6 7,0,70,,10517,300,0,6 7,0,21,,10518,600,,,0,70,,10519,600,,,0,35,,10520,600,,,0,70,,10521,600,,,0,30,,10522,600,,,0,95,,10523,600,,,0,100,,10524,600,,,0,100,,10525,600,,,0,100,,10526,600,,,0,100,,10527,600,,,0,100,,10528,600,,,0,100,,10529,600,,,0,105,,10530,600,,,0,85,,10531,600,,,0,30,,10532,600,,,0,70,,10533,600,,,0,25,,10534,600,,,0,70,,10535,600,,,0,30,,10536,600,,,0,85,,10537,600,,,0,100,,10538,600,,,0,100,,10539,600,,,0
22701,'Week-end-53',931,,10541,600,,,0,200,,10542,600,,,0,200,,10543,600,,,0,200,,10544,600,,,0,200,,10545,600,,,0,200,,10546,600,,,0,200,,10547,600,,,0
22800,'Fête-1-06',834,,10555,610,,,0,200,,10552,610,,,0,200,,10553,610,,,0,200,,10548,610,,,0,200,,10550,610,,,0,200,,10554,610,,,0,200,,10551,610,,,0
22800,'Semaine-53',555,,10556,310,0,6 7,0,70,,10580,310,0,6 7,0,24,,10557,610,,,0,77,,10558,610,,,0,30,,10559,610,,,0,70,,10560,610,,,0,85,,10561,610,,,0,93,,10562,610,,,0,100,,10563,610,,,0,100,,10564,610,,,0,100,,10565,610,,,0,100,,10566,610,,,0,100,,10567,610,,,0,100,,10568,610,,,0,107,,10569,610,,,0,30,,10570,610,,,0,70,,10571,610,,,0,30,,10572,610,,,0,70,,10573,610,,,0,23,,10574,610,,,0,70,,10575,610,,,0,100,,10576,610,,,0,100,,10577,610,,,0,100,,10578,610,,,0
22800,'Week-end-53',834,,10588,610,,,0,200,,10585,610,,,0,200,,10586,610,,,0,200,,10581,610,,,0,200,,10583,610,,,0,200,,10587,610,,,0,200,,10584,610,,,0
60501,'Semaine-53',1652,,12885,500,,,0,252,,12886,500,,,0
70800,'Fête-1-06',744,,13016,360,,,0,104,,13017,360,,,0,89,,13018,360,,,0,100,,13019,360,,,0,102,,13020,360,,,0,99,,13021,360,,,0,100,,13022,360,,,0,100,,13023,360,,,0,100,,13024,360,,,0,100,,13025,360,,,0,100,,13026,360,,,0,100,,13027,360,,,0,100,,13028,360,,,0,95,,13029,360,,,0,103,,13030,360,,,0,80,,13031,360,,,0,43,,13032,360,,,0,80,,13014,360,,,0,117,,13015,360,,,0
70800,'Semaine-53',604,,13033,360,,,0,30,,13034,360,,,0,70,,13035,360,,,0,30,,13036,360,,,0,70,,13037,360,,,0,15,,13038,360,,,0,17,,13039,360,,,0,70,,13040,360,,,0,31,,13041,360,,,0,69,,13042,360,,,0,30,,13043,360,,,0,70,,13044,360,,,0,30,,13045,360,,,0,70,,13046,360,,,0,30,,13047,360,,,0,70,,13048,360,,,0,30,,13049,360,,,0,70,,13050,360,,,0,30,,13051,360,,,0,70,,13052,360,,,0,30,,13053,360,,,0,68,,13054,360,,,0,7,,13055,360,,,0,23,,13056,360,,,0,7,,13057,360,,,0,63,,13058,360,,,0,7,,13059,360,,,0,23,,13060,360,,,0,7,,13061,360,,,0,63,,13062,360,,,0,7,,13063,360,,,0,23,,13064,360,,,0,3,,13065,360,,,0,67,,13066,360,,,0,30,,13067,360,,,0,70,,13068,360,,,0,30,,13069,360,,,0,70,,13070,360,,,0,30,,13071,360,,,0,20,,13072,360,,,0,70,,13073,360,,,0,89,,13074,360,,,0,92,,13075,360,,,0,100,,13076,360,,,0,100,,13077,360,,,0
70800,'Week-end-53',744,,13080,360,,,0,104,,13081,360,,,0,89,,13082,360,,,0,100,,13083,360,,,0,102,,13084,360,,,0,99,,13085,360,,,0,100,,13086,360,,,0,100,,13087,360,,,0,100,,13088,360,,,0,100,,13089,360,,,0,100,,13090,360,,,0,100,,13091,360,,,0,100,,13092,360,,,0,95,,13093,360,,,0,103,,13094,360,,,0,80,,13095,360,,,0,43,,13096,360,,,0,80,,13078,360,,,0,117,,13079,360,,,0
