24100,'Semaine-01',624,,16728,630,,,0,23,,16729,630,,,0,76,,16730,630,,,0,24,,16731,630,,,0,102,,16732,630,,,0,100,,16733,630,,,0,100,,16734,630,,,0,100,,16735,630,,,0,100,,16736,630,,,0,100,,16737,630,,,0,100,,16738,630,,,0,107,,16739,630,,,0,151,,16740,630,,,0,100,,16741,630,,,0,28,,16742,630,,,0,71,,16743,630,,,0,33,,16744,630,,,0,97,,16745,630,,,0,69,,16746,630,,,0,98,,16747,630,,,0,97,,16748,630,,,0,58,,16749,630,,,0
24300,'Semaine-01',617,,16804,370,0,31 32,0,22,,16805,370,0,31 32,0,83,,16806,620,,,0,22,,16807,620,,,0,87,,16808,620,,,0,18,,16809,620,,,0,85,,16810,620,,,0,14,,16811,620,,,0,106,,16812,620,,,0,100,,16813,620,,,0,100,,16814,620,,,0,100,,16815,620,,,0,100,,16816,620,,,0,156,,16817,620,,,0,40,,16818,620,,,0,72,,16819,620,,,0,84,,16820,620,,,0,30,,16821,620,,,0,78,,16822,620,,,0,32,,16823,620,,,0,72,,16824,620,,,0,84,,16825,620,,,0,100,,16826,620,,,0,100,,16827,620,,,0
24601,'Semaine-01',603,,16837,510,,,0,47,,16836,510,,,0,90,,16835,510,,,0,93,,16834,510,,,0,89,,16833,510,,,0,699,,16832,510,,,0,92,,16831,510,,,0,93,,16830,510,,,0,51,,16829,510,,,0,87,,16828,510,,,0
24701,'Fête-1-01',756,,16871,520,,,0,170,,16872,520,,,0,130,,16873,520,,,0,170,,16874,520,,,0,130,,16875,520,,,0,170,,16876,520,,,0,130,,16877,520,,,0,170,,16878,520,,,0,130,,16879,520,,,0
24701,'Semaine-01',555,,16884,520,,,0,70,,16885,520,,,0,122,,16886,520,,,0,60,,16887,520,,,0,42,,16888,520,,,0,106,,16889,520,,,0,171,,16890,520,,,0,130,,16891,520,,,0,170,,16892,520,,,0,183,,16893,520,,,0,24,,16894,520,,,0,116,,16880,520,,,0,92,,16895,520,,,0,162,,16881,520,,,0,129,,16882,520,,,0,169,,16883,520,,,0
24701,'Week-end-01',756,,16896,520,,,0,170,,16897,520,,,0,130,,16898,520,,,0,170,,16899,520,,,0,130,,16900,520,,,0,170,,16901,520,,,0,130,,16902,520,,,0,170,,16903,520,,,0,130,,16904,520,,,0
24901,'Fête-1-01',758,,16958,630,,,0,168,,16959,630,,,0,130,,16960,630,,,0,170,,16961,630,,,0,130,,16962,630,,,0,170,,16963,630,,,0,130,,16964,630,,,0,170,,16965,630,,,0,130,,16966,630,,,0,170,,16967,630,,,0,130,,16968,630,,,0
24901,'Semaine-01',625,,16969,630,,,0,23,,16970,630,0,8 27 76,0,78,,16971,630,,,0,97,,16972,630,,,0,25,,16973,630,,,0,100,,16974,630,,,0,95,,16975,630,,,0,100,,16976,630,,,0,100,,16977,630,,,0,100,,16978,630,,,0,100,,16979,630,,,0,161,,16980,630,,,0,54,,16981,630,,,0,75,,16982,630,,,0,78,,16983,630,,,0,89,,16984,630,,,0,59,,16985,630,,,0,141,,16986,630,,,0,103,,16987,630,,,0,97,,16988,630,,,0
24901,'Week-end-01',758,,16989,630,,,0,168,,16990,630,,,0,130,,16991,630,,,0,170,,16992,630,,,0,130,,16993,630,,,0,170,,16994,630,,,0,130,,16995,630,,,0,170,,16996,630,,,0,130,,16997,630,,,0,170,,16998,630,,,0,130,,16999,630,,,0
25001,'Fête-1-01',753,,17082,600,,,0,100,,17066,600,,,0,70,,17069,600,,,0,100,,17076,600,,,0,30,,17077,600,,,0,100,,17068,600,,,0,70,,17071,600,,,0,100,,17079,600,,,0,30,,17080,600,,,0,100,,17067,600,,,0,70,,17078,600,,,0,100,,17070,600,,,0,30,,17075,600,,,0,100,,17081,600,,,0,70,,17072,600,,,0,100,,17073,600,,,0,30,,17065,600,,,0,100,,17074,600,,,0,70,,17083,600,,,0,100,,17064,600,,,0,30,,17084,600,,,0
25001,'Semaine-01',622,,17085,600,,,0,25,,17086,600,,,0,72,,17087,600,0,8 27 76,0,22,,17088,600,,,0,85,,17089,600,,,0,94,,17090,600,,,0,28,,17091,600,,,0,95,,17092,600,,,0,100,,17093,600,,,0,103,,17094,600,,,0,100,,17095,600,,,0,102,,17096,600,,,0,155,,17097,600,,,0,102,,17098,600,,,0,26,,17099,600,,,0,70,,17100,600,,,0,28,,17101,600,,,0,81,,17102,600,,,0,47,,17103,600,,,0,147,,17104,600,,,0,55,,17105,600,,,0,99,,17106,600,,,0
25001,'Week-end-01',753,,17125,600,,,0,100,,17109,600,,,0,70,,17112,600,,,0,100,,17119,600,,,0,30,,17120,600,,,0,100,,17111,600,,,0,70,,17114,600,,,0,100,,17122,600,,,0,30,,17123,600,,,0,100,,17110,600,,,0,70,,17121,600,,,0,100,,17113,600,,,0,30,,17118,600,,,0,100,,17124,600,,,0,70,,17115,600,,,0,100,,17116,600,,,0,30,,17108,600,,,0,100,,17117,600,,,0,70,,17126,600,,,0,100,,17107,600,,,0,30,,17127,600,,,0
25100,'Fête-1-01',755,,17128,340,0,31 32,0,93,,17143,680,,,0,100,,17141,680,,,0,100,,17144,680,,,0,100,,17140,680,,,0,100,,17139,680,,,0,100,,17142,680,,,0,100,,17135,680,,,0,100,,17138,680,,,0,100,,17134,680,,,0,100,,17136,680,,,0,100,,17132,680,,,0,99,,17137,680,,,0,100,,17129,680,,,0,100,,17130,680,,,0,100,,17131,680,,,0
25100,'Semaine-01',945,,17146,680,,,0,100,,17145,680,,,0,100,,17154,680,,,0,100,,17150,680,,,0,100,,17153,680,,,0,100,,17148,680,,,0,655,,17151,680,,,0,57,,17149,680,,,0,98,,17147,680,,,0
25100,'Week-end-01',755,,17155,340,0,31 32,0,93,,17170,680,,,0,100,,17168,680,,,0,100,,17171,680,,,0,100,,17167,680,,,0,100,,17166,680,,,0,100,,17169,680,,,0,100,,17162,680,,,0,100,,17165,680,,,0,100,,17161,680,,,0,100,,17163,680,,,0,100,,17159,680,,,0,99,,17164,680,,,0,100,,17156,680,,,0,100,,17157,680,,,0,100,,17158,680,,,0
25201,'Semaine-01',626,,17180,310,,,0,78,,17172,310,,,0,36,,17186,310,,,0,76,,17184,310,,,0,33,,17181,310,,,0,679,,17182,310,,,0,79,,17178,310,,,0,34,,17175,310,,,0,71,,17177,310,,,0,30,,17183,310,,,0,69,,17173,310,,,0,29,,17185,310,,,0,71,,17179,310,,,0,28,,17176,310,,,0,68,,17174,310,,,0
70901,'Fête-1-01',625,,18387,520,,,0,30,,18388,520,,,0,70,,18389,520,,,0,30,,18390,520,,,0,70,,18391,520,,,0,16,,18392,520,,,0,71,,18393,520,,,0,30,,18394,520,,,0,70,,18395,520,,,0,31,,18396,520,,,0,71,,18397,520,,,0,30,,18398,520,,,0,70,,18399,520,,,0,30,,18400,520,,,0,70,,18401,520,,,0,30,,18402,520,,,0,70,,18403,520,,,0,30,,18404,520,,,0,70,,18405,520,,,0,30,,18406,520,,,0,70,,18407,520,,,0,30,,18408,520,,,0,70,,18409,520,,,0,30,,18410,520,,,0,70,,18411,520,,,0,30,,18412,520,,,0,70,,18413,520,,,0,30,,18414,520,,,0,70,,18415,520,,,0,30,,18416,520,,,0,70,,18417,520,,,0,30,,18418,520,,,0,70,,18419,520,,,0,31,,18420,520,,,0,70,,18421,520,,,0,30,,18422,520,,,0,111,,18423,520,,,0
70901,'Semaine-01',456,,18427,520,,,0,70,,18469,520,,,0,21,,18425,520,,,0,10,,18424,520,,,0,63,,18426,520,,,0,20,,18428,520,,,0,60,,18429,520,,,0,27,,18430,520,,,0,12,,18431,520,,,0,61,,18432,520,,,0,10,,18433,520,,,0,10,,18434,520,,,0,20,,18435,520,,,0,10,,18436,520,,,0,54,,18437,520,,,0,13,,18439,520,,,0,15,,18475,520,,,0,15,,18438,520,,,0,70,,18440,520,,,0,15,,18441,520,,,0,22,,18442,550,,,0,71,,18443,550,,,0,15,,18444,550,,,0,15,,18445,550,,,0,55,,18446,550,,,0,15,,18478,550,,,0,15,,18447,550,,,0,15,,18479,550,,,0,70,,18448,550,,,0,15,,18449,550,,,0,15,,18450,550,,,0,70,,18470,550,,,0,30,,18471,550,,,0,70,,18472,550,,,0,16,,18473,550,,,0,16,,18474,550,,,0,89,,18452,550,,,0,55,,18451,550,,,0,28,,18453,550,,,0,15,,18454,550,,,0,61,,18455,550,,,0,15,,18476,550,,,0,13,,18477,550,,,0,14,,18456,550,,,0,59,,18457,550,,,0,14,,18458,550,,,0,15,,18459,550,,,0,22,,18460,520,,,0,70,,18461,520,,,0,15,,18462,520,,,0,68,,18463,520,,,0,30,,18464,520,,,0,69,,18465,520,,,0,44,,18466,520,,,0,99,,18467,520,,,0,148,,18468,520,,,0
70901,'Week-end-01',625,,18480,520,,,0,30,,18481,520,,,0,70,,18482,520,,,0,30,,18483,520,,,0,70,,18484,520,,,0,16,,18485,520,,,0,71,,18486,520,,,0,30,,18487,520,,,0,70,,18488,520,,,0,31,,18489,520,,,0,71,,18490,520,,,0,30,,18491,520,,,0,70,,18492,520,,,0,30,,18493,520,,,0,70,,18494,520,,,0,30,,18495,520,,,0,70,,18496,520,,,0,30,,18497,520,,,0,70,,18498,520,,,0,30,,18499,520,,,0,70,,18500,520,,,0,30,,18501,520,,,0,70,,18502,520,,,0,30,,18503,520,,,0,70,,18504,520,,,0,30,,18505,520,,,0,70,,18506,520,,,0,30,,18507,520,,,0,70,,18508,520,,,0,30,,18509,520,,,0,70,,18510,520,,,0,30,,18511,520,,,0,70,,18512,520,,,0,31,,18513,520,,,0,70,,18514,520,,,0,30,,18515,520,,,0,111,,18516,520,,,0
