24001,'Semaine-01',537,,16706,50,,,0,64,,16707,50,,,0,34,,16708,50,,,0,23,,16709,50,,,0,143,,16710,50,,,0,102,,16711,50,,,0,100,,16712,50,,,0,100,,16713,50,,,0,100,,16714,50,,,0,100,,16715,50,,,0,100,,16716,50,,,0,107,,16717,50,,,0,112,,16718,50,,,0,99,,16719,50,,,0,28,,16720,50,,,0,71,,16721,50,,,0,33,,16722,50,,,0,97,,16723,50,,,0,68,,16724,50,,,0,99,,16725,50,,,0,98,,16726,50,,,0,97,,16727,50,,,0
24300,'Semaine-01',628,,16806,50,,,0,22,,16807,50,,,0,88,,16808,50,,,0,18,,16809,50,,,0,88,,16810,50,,,0,14,,16811,50,,,0,145,,16812,50,,,0,100,,16813,50,,,0,100,,16814,50,,,0,100,,16815,50,,,0,100,,16816,50,,,0,110,,16817,50,,,0,40,,16818,50,,,0,75,,16819,50,,,0,85,,16820,50,,,0,30,,16821,50,,,0,77,,16822,50,,,0,35,,16823,50,,,0,73,,16824,50,,,0,84,,16825,50,,,0,102,,16826,50,,,0,100,,16827,50,,,0,100,,16803,50,0,8 9 1 10,0
24601,'Semaine-01',602,,16837,480,,,0,47,,16836,480,,,0,89,,16835,480,,,0,93,,16834,480,,,0,89,,16833,480,,,0,699,,16832,480,,,0,92,,16831,480,,,0,93,,16830,480,,,0,52,,16829,480,,,0,87,,16828,480,,,0
24700,'Fête-1-01',808,,16844,50,,,0,130,,16838,50,,,0,170,,16840,50,,,0,130,,16845,50,,,0,170,,16846,50,,,0,130,,16841,50,,,0,170,,16839,50,,,0,130,,16842,50,,,0,170,,16843,50,,,0
24700,'Semaine-01',637,,16852,50,,,0,82,,16853,50,,,0,103,,16854,50,,,0,186,,16860,50,,,0,130,,16861,50,,,0,170,,16858,50,,,0,130,,16859,50,,,0,71,,16847,50,,,0,112,,16848,50,,,0,92,,16849,50,,,0,107,,16850,50,,,0,33,,16851,50,,,0,161,,16855,50,,,0,129,,16856,50,,,0,170,,16857,50,,,0
24700,'Week-end-01',808,,16868,50,,,0,130,,16862,50,,,0,170,,16864,50,,,0,130,,16869,50,,,0,170,,16870,50,,,0,130,,16865,50,,,0,170,,16863,50,,,0,130,,16866,50,,,0,170,,16867,50,,,0
24701,'Fête-1-01',755,,16871,490,,,0,170,,16872,490,,,0,130,,16873,490,,,0,170,,16874,490,,,0,130,,16875,490,,,0,170,,16876,490,,,0,130,,16877,490,,,0,170,,16878,490,,,0,130,,16879,490,,,0
24701,'Semaine-01',554,,16884,490,,,0,70,,16885,490,,,0,122,,16886,490,,,0,60,,16887,490,,,0,42,,16888,490,,,0,106,,16889,490,,,0,171,,16890,490,,,0,130,,16891,490,,,0,170,,16892,490,,,0,183,,16893,490,,,0,24,,16894,490,,,0,116,,16880,490,,,0,92,,16895,490,,,0,162,,16881,490,,,0,129,,16882,490,,,0,169,,16883,490,,,0
24701,'Week-end-01',755,,16896,490,,,0,170,,16897,490,,,0,130,,16898,490,,,0,170,,16899,490,,,0,130,,16900,490,,,0,170,,16901,490,,,0,130,,16902,490,,,0,170,,16903,490,,,0,130,,16904,490,,,0
24900,'Fête-1-01',807,,16916,50,0,5,0,130,,16917,50,0,5,0,170,,16926,50,0,5,0,130,,16918,50,0,5,0,170,,16919,50,0,5,0,130,,16920,50,0,5,0,170,,16921,50,0,5,0,130,,16922,50,0,5,0,170,,16923,50,0,5,0,130,,16924,50,0,5,0,170,,16925,50,0,5,0
24900,'Semaine-01',638,,16928,50,,,0,65,,16929,50,,,0,34,,16930,50,,,0,97,,16931,50,,,0,174,,16932,50,,,0,100,,16933,50,,,0,101,,16934,50,,,0,100,,16935,50,,,0,100,,16936,50,,,0,106,,16937,50,,,0,35,,16938,50,,,0,73,,16939,50,,,0,92,,16940,50,,,0,32,,16941,50,,,0,75,,16942,50,,,0,91,,16943,50,,,0,100,,16944,50,,,0,100,,16945,50,,,0,100,,16946,50,,,0,100,,16927,50,,,0
24900,'Week-end-01',807,,16947,50,0,5,0,130,,16948,50,0,5,0,170,,16957,50,0,5,0,130,,16949,50,0,5,0,170,,16950,50,0,5,0,130,,16951,50,0,5,0,170,,16952,50,0,5,0,130,,16953,50,0,5,0,170,,16954,50,0,5,0,130,,16955,50,0,5,0,170,,16956,50,0,5,0
24901,'Fête-1-01',756,,16958,600,,,0,168,,16959,600,,,0,130,,16960,600,,,0,170,,16961,600,,,0,130,,16962,600,,,0,170,,16963,600,,,0,130,,16964,600,,,0,170,,16965,600,,,0,130,,16966,600,,,0,170,,16967,600,,,0,130,,16968,600,,,0
24901,'Semaine-01',623,,16969,600,,,0,23,,16970,600,0,8 27 76,0,78,,16971,600,,,0,97,,16972,600,,,0,25,,16973,600,,,0,100,,16974,600,,,0,95,,16975,600,,,0,100,,16976,600,,,0,100,,16977,600,,,0,100,,16978,600,,,0,100,,16979,600,,,0,161,,16980,600,,,0,54,,16981,600,,,0,75,,16982,600,,,0,78,,16983,600,,,0,49,,16984,600,,,0,99,,16985,600,,,0,101,,16986,600,,,0,143,,16987,600,,,0,57,,16988,600,,,0
24901,'Week-end-01',756,,16989,600,,,0,168,,16990,600,,,0,130,,16991,600,,,0,170,,16992,600,,,0,130,,16993,600,,,0,170,,16994,600,,,0,130,,16995,600,,,0,170,,16996,600,,,0,130,,16997,600,,,0,170,,16998,600,,,0,130,,16999,600,,,0
25001,'Fête-1-01',751,,17082,570,,,0,100,,17066,570,,,0,70,,17069,570,,,0,100,,17076,570,,,0,30,,17077,570,,,0,100,,17068,570,,,0,70,,17071,570,,,0,100,,17079,570,,,0,30,,17080,570,,,0,100,,17067,570,,,0,70,,17078,570,,,0,100,,17070,570,,,0,31,,17075,570,,,0,100,,17081,570,,,0,70,,17072,570,,,0,100,,17073,570,,,0,30,,17065,570,,,0,100,,17074,570,,,0,70,,17083,570,,,0,100,,17064,570,,,0,30,,17084,570,,,0
25001,'Semaine-01',620,,17085,570,,,0,25,,17086,570,,,0,72,,17087,570,0,8 27 76,0,22,,17088,570,,,0,85,,17089,570,,,0,94,,17090,570,,,0,28,,17091,570,,,0,95,,17092,570,,,0,100,,17093,570,,,0,103,,17094,570,,,0,100,,17095,570,,,0,102,,17096,570,,,0,155,,17097,570,,,0,102,,17098,570,,,0,26,,17099,570,,,0,30,,17100,570,,,0,68,,17101,570,,,0,81,,17102,570,,,0,47,,17103,570,,,0,147,,17104,570,,,0,55,,17105,570,,,0,99,,17106,570,,,0
25001,'Week-end-01',751,,17125,570,,,0,100,,17109,570,,,0,70,,17112,570,,,0,100,,17119,570,,,0,30,,17120,570,,,0,100,,17111,570,,,0,70,,17114,570,,,0,100,,17122,570,,,0,30,,17123,570,,,0,100,,17110,570,,,0,70,,17121,570,,,0,100,,17113,570,,,0,31,,17118,570,,,0,100,,17124,570,,,0,70,,17115,570,,,0,100,,17116,570,,,0,30,,17108,570,,,0,100,,17117,570,,,0,70,,17126,570,,,0,100,,17107,570,,,0,30,,17127,570,,,0
25100,'Fête-1-01',754,,17128,310,0,31 32,0,93,,17143,650,,,0,100,,17141,650,,,0,100,,17144,650,,,0,100,,17140,650,,,0,100,,17139,650,,,0,100,,17142,650,,,0,100,,17135,650,,,0,100,,17138,650,,,0,100,,17134,650,,,0,100,,17136,650,,,0,100,,17132,650,,,0,99,,17137,650,,,0,100,,17129,650,,,0,100,,17130,650,,,0,100,,17131,650,,,0
25100,'Semaine-01',944,,17146,650,,,0,100,,17145,650,,,0,100,,17154,650,,,0,100,,17150,650,,,0,100,,17153,650,,,0,100,,17148,650,,,0,615,,17151,650,,,0,97,,17149,650,,,0,98,,17147,650,,,0
25100,'Week-end-01',754,,17155,310,0,31 32,0,93,,17170,650,,,0,100,,17168,650,,,0,100,,17171,650,,,0,100,,17167,650,,,0,100,,17166,650,,,0,100,,17169,650,,,0,100,,17162,650,,,0,100,,17165,650,,,0,100,,17161,650,,,0,100,,17163,650,,,0,100,,17159,650,,,0,99,,17164,650,,,0,100,,17156,650,,,0,100,,17157,650,,,0,100,,17158,650,,,0
25201,'Semaine-01',625,,17180,280,,,0,78,,17172,280,,,0,36,,17186,280,,,0,76,,17184,280,,,0,33,,17181,280,,,0,679,,17182,280,,,0,79,,17178,280,,,0,33,,17175,280,,,0,71,,17177,280,,,0,31,,17183,280,,,0,69,,17173,280,,,0,29,,17185,280,,,0,71,,17179,280,,,0,28,,17176,280,,,0,68,,17174,280,,,0
70901,'Fête-1-01',625,,18387,490,,,0,30,,18388,490,,,0,70,,18389,490,,,0,30,,18390,490,,,0,70,,18391,490,,,0,15,,18392,490,,,0,71,,18393,490,,,0,30,,18394,490,,,0,70,,18395,490,,,0,31,,18396,490,,,0,71,,18397,490,,,0,30,,18398,490,,,0,70,,18399,490,,,0,30,,18400,490,,,0,70,,18401,490,,,0,30,,18402,490,,,0,70,,18403,490,,,0,30,,18404,490,,,0,70,,18405,490,,,0,30,,18406,490,,,0,70,,18407,490,,,0,30,,18408,490,,,0,70,,18409,490,,,0,30,,18410,490,,,0,70,,18411,490,,,0,30,,18412,490,,,0,70,,18413,490,,,0,30,,18414,490,,,0,70,,18415,490,,,0,30,,18416,490,,,0,70,,18417,490,,,0,30,,18418,490,,,0,70,,18419,490,,,0,31,,18420,490,,,0,70,,18421,490,,,0,30,,18422,490,,,0,111,,18423,490,,,0
70901,'Semaine-01',456,,18427,490,,,0,70,,18469,490,,,0,20,,18425,490,,,0,10,,18424,490,,,0,63,,18426,490,,,0,20,,18428,490,,,0,20,,18429,490,,,0,67,,18430,490,,,0,12,,18431,490,,,0,21,,18432,490,,,0,50,,18433,490,,,0,10,,18434,490,,,0,20,,18435,490,,,0,10,,18436,490,,,0,54,,18437,490,,,0,13,,18439,490,,,0,15,,18475,490,,,0,15,,18438,490,,,0,70,,18440,490,,,0,15,,18441,490,,,0,22,,18442,520,,,0,70,,18443,520,,,0,15,,18444,520,,,0,15,,18445,520,,,0,55,,18446,520,,,0,15,,18478,520,,,0,15,,18447,520,,,0,15,,18479,520,,,0,70,,18448,520,,,0,15,,18449,520,,,0,15,,18450,520,,,0,70,,18470,520,,,0,30,,18471,520,,,0,70,,18472,520,,,0,16,,18473,520,,,0,16,,18474,520,,,0,89,,18452,520,,,0,15,,18451,520,,,0,68,,18453,520,,,0,15,,18454,520,,,0,62,,18455,520,,,0,15,,18476,520,,,0,13,,18477,520,,,0,14,,18456,520,,,0,59,,18457,520,,,0,14,,18458,520,,,0,15,,18459,520,,,0,22,,18460,490,,,0,70,,18461,490,,,0,15,,18462,490,,,0,68,,18463,490,,,0,30,,18464,490,,,0,69,,18465,490,,,0,44,,18466,490,,,0,99,,18467,490,,,0,108,,18468,490,,,0
70901,'Week-end-01',625,,18480,490,,,0,30,,18481,490,,,0,70,,18482,490,,,0,30,,18483,490,,,0,70,,18484,490,,,0,15,,18485,490,,,0,71,,18486,490,,,0,30,,18487,490,,,0,70,,18488,490,,,0,31,,18489,490,,,0,71,,18490,490,,,0,30,,18491,490,,,0,70,,18492,490,,,0,30,,18493,490,,,0,70,,18494,490,,,0,30,,18495,490,,,0,70,,18496,490,,,0,30,,18497,490,,,0,70,,18498,490,,,0,30,,18499,490,,,0,70,,18500,490,,,0,30,,18501,490,,,0,70,,18502,490,,,0,30,,18503,490,,,0,70,,18504,490,,,0,30,,18505,490,,,0,70,,18506,490,,,0,30,,18507,490,,,0,70,,18508,490,,,0,30,,18509,490,,,0,70,,18510,490,,,0,30,,18511,490,,,0,70,,18512,490,,,0,31,,18513,490,,,0,70,,18514,490,,,0,30,,18515,490,,,0,111,,18516,490,,,0
