'LA-A25-LAGTFS-Dimanche-05',24900,80500,,'',0,13000,,'',0,17000,,'',0,13000,,'',0,17000,,'',0,13000,,'',0,17000,,'',0,13000,,'',0,17000,,'',0,13000,,'',0,17000,,'',0
'LA-A25-LAGTFS-Dimanche-05',24901,80000,4,'',0,13000,4,'',0,17000,4,'',0,13000,4,'',0,17000,4,'',0,13000,4,'',0,17000,4,'',0,13000,4,'',0,17000,4,'',0,13000,4,'',0,17000,4,'',0
'LA-A25-LAGTFS-Fête-1-03',24900,80500,,'',0,13000,,'',0,17000,,'',0,13000,,'',0,17000,,'',0,13000,,'',0,17000,,'',0,13000,,'',0,17000,,'',0,13000,,'',0,17000,,'',0
'LA-A25-LAGTFS-Fête-1-03',24901,80000,4,'',0,13000,4,'',0,17000,4,'',0,13000,4,'',0,17000,4,'',0,13000,4,'',0,17000,4,'',0,13000,4,'',0,17000,4,'',0,13000,4,'',0,17000,4,'',0
'LA-A25-LAGTFS-Samedi-05',24900,80500,,'',0,13000,,'',0,17000,,'',0,13000,,'',0,17000,,'',0,13000,,'',0,17000,,'',0,13000,,'',0,17000,,'',0,13000,,'',0,17000,,'',0
'LA-A25-LAGTFS-Samedi-05',24901,80000,4,'',0,13000,4,'',0,17000,4,'',0,13000,4,'',0,17000,4,'',0,13000,4,'',0,17000,4,'',0,13000,4,'',0,17000,4,'',0,13000,4,'',0,17000,4,'',0
'LA-A25-LAGTFS-Semaine-05',24900,63200,,'',0,6800,,'',0,3300,,'',0,9800,,'',0,6900,,'',0,10500,,'',0,10000,,'',0,10000,,'',0,10000,,'',0,10000,,'',0,10500,,'',0,3500,,'',0,7300,,'',0,9300,,'',0,3200,,'',0,7600,,'',0,9100,,'',0,10000,,'',0,10000,,'',0,10000,,'',0,10000,,'',0
'LA-A25-LAGTFS-Semaine-05',24901,62700,4,'',0,2300,4,'',0,7800,4,'',0,9800,4,'',0,2400,4,'',0,10000,4,'',0,9500,4,'',0,10000,4,'',0,10000,4,'',0,10000,4,'',0,10000,4,'',0,9500,4,'',0,6600,4,'',0,9400,4,'',0,3500,4,'',0,7600,4,'',0,9100,4,'',0,9800,4,'',0,10200,4,'',0,10300,4,'',0,9700,4,'',0
'LA-A25-LAGTFS-Semaine-20',24900,63200,,'',0,6800,,'',0,3300,,'',0,9800,,'',0,17400,,'',0,10000,,'',0,10000,,'',0,10000,,'',0,10000,,'',0,10500,,'',0,3500,,'',0,7300,,'',0,9300,,'',0,3200,,'',0,7600,,'',0,9100,,'',0,10000,,'',0,10000,,'',0,10000,,'',0,10000,,'',0
'LA-A25-LAGTFS-Semaine-20',24901,62700,4,'',0,2300,4,'',0,7800,4,'',0,9800,4,'',0,2400,4,'',0,10000,4,'',0,9500,4,'',0,10000,4,'',0,10000,4,'',0,10000,4,'',0,10000,4,'',0,16100,4,'',0,9400,4,'',0,3500,4,'',0,7600,4,'',0,9100,4,'',0,9800,4,'',0,10200,4,'',0,10300,4,'',0,9700,4,'',0
