23300,'Fête-1-05',837,,3286,40,,,0,200,,3288,40,,,0,200,,3284,40,,,0,200,,3289,40,,,0,200,,3287,40,,,0,200,,3285,40,,,0,200,,3282,40,,,0,200,,3283,40,0,8 41 1 42 43 44,0
23300,'Fête-2-04',603,,3290,40,,,0,99,,3291,40,,,0,105,,3302,40,,,0,99,,3303,40,,,0,130,,3292,40,,,0,200,,3293,40,,,0,200,,3294,40,,,0,75,,3295,40,,,0,101,,3296,40,,,0,105,,3297,40,,,0,100,,3301,40,,,0,104,,3298,40,,,0,115,,3299,40,,,0,207,,3300,40,0,8 41 1 42 43 44,0
23300,'Semaine-52',603,,3304,40,,,0,99,,3305,40,,,0,105,,3316,40,,,0,99,,3317,40,,,0,130,,3306,40,,,0,200,,3307,40,,,0,200,,3308,40,,,0,75,,3309,40,,,0,101,,3310,40,,,0,105,,3311,40,,,0,100,,3315,40,,,0,104,,3312,40,,,0,115,,3313,40,,,0,207,,3314,40,0,8 41 1 42 43 44,0
23300,'Week-end-52',837,,3322,40,,,0,200,,3324,40,,,0,200,,3320,40,,,0,200,,3325,40,,,0,200,,3323,40,,,0,200,,3321,40,,,0,200,,3318,40,,,0,200,,3319,40,0,8 41 1 42 43 44,0
23400,'Fête-1-05',937,,3331,40,,,0,200,,3329,40,,,0,200,,3326,40,,,0,200,,3328,40,,,0,200,,3327,40,,,0,200,,3332,40,,,0,200,,3330,40,,,0
23400,'Fête-2-04',631,,3334,40,,,0,102,,3347,40,,,0,99,,3335,40,,,0,104,,3336,40,,,0,200,,3337,40,,,0,200,,3338,40,,,0,201,,3339,40,,,0,107,,3340,40,,,0,103,,3341,40,,,0,94,,3346,40,,,0,97,,3342,40,,,0,198,,3343,40,,,0
23400,'Semaine-52',631,,3348,40,,,0,102,,3361,40,,,0,99,,3349,40,,,0,104,,3350,40,,,0,200,,3351,40,,,0,200,,3352,40,,,0,201,,3353,40,,,0,107,,3354,40,,,0,103,,3355,40,,,0,94,,3360,40,,,0,97,,3356,40,,,0,198,,3357,40,,,0
23400,'Week-end-52',937,,3367,40,,,0,200,,3365,40,,,0,200,,3362,40,,,0,200,,3364,40,,,0,200,,3363,40,,,0,200,,3368,40,,,0,200,,3366,40,,,0
23900,'Fête-1-05',836,,3742,40,,,0,100,,3750,40,,,0,100,,3751,40,,,0,101,,3752,40,,,0,100,,3753,40,,,0,100,,3754,40,,,0,100,,3755,40,,,0,100,,3748,40,,,0,99,,3744,40,,,0,100,,3743,40,,,0,100,,3745,40,,,0,100,,3746,40,,,0,100,,3747,40,,,0,100,,3749,40,,,0,100,,3756,40,0,8 35 1 36,0
23900,'Fête-2-04',618,,3758,40,,,0,18,,3759,40,,,0,71,,3760,40,,,0,29,,3761,40,,,0,73,,3775,40,,,0,27,,3772,40,,,0,100,,3762,40,,,0,100,,3763,40,,,0,100,,3764,40,,,0,101,,3765,40,,,0,100,,3766,40,,,0,100,,3767,40,,,0,100,,3768,40,,,0,75,,3769,40,,,0,25,,3780,40,,,0,80,,3781,40,,,0,23,,3776,40,,,0,81,,3773,40,,,0,22,,3770,40,,,0,93,,3782,40,,,0,100,,3779,40,,,0,100,,3778,40,,,0,107,,3777,40,0,8 35 1 36,0
23900,'Semaine-52',618,,3783,40,,,0,18,,3784,40,,,0,71,,3785,40,,,0,29,,3786,40,,,0,73,,3800,40,,,0,27,,3797,40,,,0,100,,3787,40,,,0,100,,3788,40,,,0,100,,3789,40,,,0,101,,3790,40,,,0,100,,3791,40,,,0,100,,3792,40,,,0,100,,3793,40,,,0,75,,3794,40,,,0,25,,3805,40,,,0,80,,3806,40,,,0,23,,3801,40,,,0,81,,3798,40,,,0,22,,3795,40,,,0,93,,3807,40,,,0,100,,3804,40,,,0,100,,3803,40,,,0,107,,3802,40,0,8 35 1 36,0
23900,'Week-end-52',836,,3808,40,,,0,100,,3816,40,,,0,100,,3817,40,,,0,101,,3818,40,,,0,100,,3819,40,,,0,100,,3820,40,,,0,100,,3821,40,,,0,100,,3814,40,,,0,99,,3810,40,,,0,100,,3809,40,,,0,100,,3811,40,,,0,100,,3812,40,,,0,100,,3813,40,,,0,100,,3815,40,,,0,100,,3822,40,0,8 35 1 36,0
