22701,'Fête-1-06',930,,10509,580,,,0,200,,10510,580,,,0,200,,10511,580,,,0,200,,10512,580,,,0,200,,10513,580,,,0,200,,10514,580,,,0,200,,10515,580,,,0
22701,'Semaine-53',539,,10516,280,0,6 7,0,70,,10517,280,0,6 7,0,21,,10518,580,,,0,70,,10519,580,,,0,34,,10520,580,,,0,70,,10521,580,,,0,30,,10522,580,,,0,96,,10523,580,,,0,100,,10524,580,,,0,100,,10525,580,,,0,100,,10526,580,,,0,100,,10527,580,,,0,100,,10528,580,,,0,100,,10529,580,,,0,104,,10530,580,,,0,85,,10531,580,,,0,30,,10532,580,,,0,70,,10533,580,,,0,26,,10534,580,,,0,70,,10535,580,,,0,30,,10536,580,,,0,85,,10537,580,,,0,100,,10538,580,,,0,100,,10539,580,,,0
22701,'Week-end-53',930,,10541,580,,,0,200,,10542,580,,,0,200,,10543,580,,,0,200,,10544,580,,,0,200,,10545,580,,,0,200,,10546,580,,,0,200,,10547,580,,,0
22800,'Fête-1-06',832,,10555,590,,,0,200,,10552,590,,,0,200,,10553,590,,,0,200,,10548,590,,,0,200,,10550,590,,,0,200,,10554,590,,,0,200,,10551,590,,,0
22800,'Semaine-53',553,,10556,290,0,6 7,0,70,,10580,290,0,6 7,0,24,,10557,590,,,0,77,,10558,590,,,0,30,,10559,590,,,0,70,,10560,590,,,0,85,,10561,590,,,0,93,,10562,590,,,0,100,,10563,590,,,0,100,,10564,590,,,0,100,,10565,590,,,0,100,,10566,590,,,0,100,,10567,590,,,0,100,,10568,590,,,0,107,,10569,590,,,0,30,,10570,590,,,0,70,,10571,590,,,0,30,,10572,590,,,0,70,,10573,590,,,0,23,,10574,590,,,0,70,,10575,590,,,0,100,,10576,590,,,0,100,,10577,590,,,0,100,,10578,590,,,0
22800,'Week-end-53',832,,10588,590,,,0,200,,10585,590,,,0,200,,10586,590,,,0,200,,10581,590,,,0,200,,10583,590,,,0,200,,10587,590,,,0,200,,10584,590,,,0
60501,'Semaine-53',1650,,12885,480,,,0,252,,12886,480,,,0
70800,'Fête-1-06',742,,13016,340,,,0,104,,13017,340,,,0,89,,13018,340,,,0,100,,13019,340,,,0,102,,13020,340,,,0,99,,13021,340,,,0,100,,13022,340,,,0,100,,13023,340,,,0,100,,13024,340,,,0,100,,13025,340,,,0,100,,13026,340,,,0,100,,13027,340,,,0,100,,13028,340,,,0,96,,13029,340,,,0,103,,13030,340,,,0,80,,13031,340,,,0,43,,13032,340,,,0,80,,13014,340,,,0,117,,13015,340,,,0
70800,'Semaine-53',603,,13033,340,,,0,30,,13034,340,,,0,70,,13035,340,,,0,30,,13036,340,,,0,70,,13037,340,,,0,15,,13038,340,,,0,17,,13039,340,,,0,70,,13040,340,,,0,31,,13041,340,,,0,69,,13042,340,,,0,30,,13043,340,,,0,70,,13044,340,,,0,30,,13045,340,,,0,70,,13046,340,,,0,30,,13047,340,,,0,70,,13048,340,,,0,30,,13049,340,,,0,70,,13050,340,,,0,30,,13051,340,,,0,70,,13052,340,,,0,30,,13053,340,,,0,68,,13054,340,,,0,7,,13055,340,,,0,23,,13056,340,,,0,7,,13057,340,,,0,63,,13058,340,,,0,7,,13059,340,,,0,23,,13060,340,,,0,7,,13061,340,,,0,63,,13062,340,,,0,7,,13063,340,,,0,23,,13064,340,,,0,3,,13065,340,,,0,67,,13066,340,,,0,30,,13067,340,,,0,70,,13068,340,,,0,30,,13069,340,,,0,70,,13070,340,,,0,30,,13071,340,,,0,20,,13072,340,,,0,70,,13073,340,,,0,89,,13074,340,,,0,92,,13075,340,,,0,100,,13076,340,,,0,100,,13077,340,,,0
70800,'Week-end-53',742,,13080,340,,,0,104,,13081,340,,,0,89,,13082,340,,,0,100,,13083,340,,,0,102,,13084,340,,,0,99,,13085,340,,,0,100,,13086,340,,,0,100,,13087,340,,,0,100,,13088,340,,,0,100,,13089,340,,,0,100,,13090,340,,,0,100,,13091,340,,,0,100,,13092,340,,,0,96,,13093,340,,,0,103,,13094,340,,,0,80,,13095,340,,,0,43,,13096,340,,,0,80,,13078,340,,,0,117,,13079,340,,,0
