22001,'Fête-1-01',830,,15846,780,,,0,200,,15843,780,,,0,199,,15841,780,,,0,200,,15842,780,,,0,200,,15840,780,,,0,201,,15845,780,,,0,200,,15844,780,,,0
22001,'Semaine-01',538,,15847,450,0,6 7,0,70,,15848,450,0,6 7,0,27,,15849,780,,,0,70,,15850,780,,,0,31,,15851,780,,,0,71,,15852,780,,,0,31,,15853,780,,,0,69,,15854,780,,,0,99,,15855,780,,,0,100,,15856,780,,,0,100,,15857,780,,,0,100,,15858,780,,,0,100,,15859,780,,,0,101,,15860,780,,,0,100,,15861,780,,,0,102,,15862,780,,,0,30,,15863,780,,,0,70,,15864,780,,,0,30,,15865,780,,,0,68,,15866,780,,,0,27,,15867,780,,,0,70,,15868,780,,,0,100,,15869,780,,,0,99,,15870,780,,,0,100,,15871,780,,,0
22001,'Week-end-01',830,,15880,780,,,0,200,,15877,780,,,0,199,,15875,780,,,0,200,,15876,780,,,0,200,,15874,780,,,0,201,,15879,780,,,0,200,,15878,780,,,0
22100,'Fête-1-01',930,,15881,780,,,0,200,,15885,780,,,0,200,,15886,780,,,0,200,,15887,780,,,0,200,,15882,780,,,0,200,,15884,780,,,0,200,,15883,780,,,0
22100,'Semaine-01',553,,15889,390,0,6 7,0,70,,15890,390,0,6 7,0,31,,15891,780,,,0,70,,15888,780,,,0,31,,15892,780,,,0,70,,15893,780,,,0,30,,15894,780,,,0,85,,15895,780,,,0,100,,15896,780,,,0,100,,15897,780,,,0,100,,15898,780,,,0,100,,15899,780,,,0,100,,15900,780,,,0,100,,15901,780,,,0,100,,15902,780,,,0,85,,15903,780,,,0,30,,15904,780,,,0,70,,15905,780,,,0,30,,15906,780,,,0,67,,15907,780,,,0,30,,15908,780,,,0,85,,15909,780,,,0,99,,15910,780,,,0,100,,15911,780,,,0
22100,'Week-end-01',930,,15912,780,,,0,200,,15916,780,,,0,200,,15917,780,,,0,200,,15918,780,,,0,200,,15913,780,,,0,200,,15915,780,,,0,200,,15914,780,,,0
22201,'Fête-1-01',840,,15933,980,,,0,100,,15921,980,,,0,100,,15920,980,,,0,100,,15919,980,,,0,100,,15922,980,,,0,100,,15923,980,,,0,100,,15924,980,,,0,100,,15925,980,,,0,100,,15926,980,,,0,100,,15927,980,,,0,100,,15928,980,,,0,100,,15929,980,,,0,100,,15930,980,,,0,100,,15931,980,,,0
22201,'Semaine-01',607,,15954,490,0,6 7,0,23,,15951,980,,,0,80,,15934,980,,,0,30,,15952,980,,,0,82,,15935,980,,,0,80,,15936,980,,,0,108,,15937,980,,,0,100,,15938,980,,,0,100,,15939,980,,,0,100,,15940,980,,,0,100,,15941,980,,,0,100,,15942,980,,,0,100,,15943,980,,,0,102,,15944,980,,,0,40,,15953,980,,,0,75,,15945,980,,,0,80,,15946,980,,,0,103,,15947,980,,,0,100,,15948,980,,,0,100,,15949,980,,,0
22201,'Week-end-01',840,,15969,980,,,0,100,,15957,980,,,0,100,,15956,980,,,0,100,,15955,980,,,0,100,,15958,980,,,0,100,,15959,980,,,0,100,,15960,980,,,0,100,,15961,980,,,0,100,,15962,980,,,0,100,,15963,980,,,0,100,,15964,980,,,0,100,,15965,980,,,0,100,,15966,980,,,0,100,,15967,980,,,0
22501,'Fête-1-01',933,,15970,630,,,0,204,,15971,630,,,0,201,,15972,630,,,0,200,,15973,630,,,0,197,,15974,630,,,0,197,,15975,630,,,0,198,,15976,630,,,0
22501,'Semaine-01',555,,15977,340,0,6 7,0,83,,15978,630,,,0,70,,15979,630,,,0,31,,15980,630,,,0,80,,15981,630,,,0,40,,15982,630,,,0,80,,15983,630,,,0,96,,15984,630,,,0,103,,15985,630,,,0,100,,15986,630,,,0,99,,15987,630,,,0,102,,15988,630,,,0,100,,15989,630,,,0,100,,15990,630,,,0,90,,15991,630,,,0,80,,15992,630,,,0,41,,15993,630,,,0,70,,15994,630,,,0,30,,15995,630,,,0,85,,15996,630,,,0,100,,15997,630,,,0,98,,15998,630,,,0
22501,'Week-end-01',933,,15999,630,,,0,204,,16000,630,,,0,201,,16001,630,,,0,200,,16002,630,,,0,197,,16003,630,,,0,197,,16004,630,,,0,198,,16005,630,,,0
