40500,'Semaine-53',716,,12462,120,4,,0,100,,12463,120,4,,0,910,,12464,120,4,,0
40501,'Semaine-53',1605,,12465,10,,,0,130,,12466,10,,,0
60000,'Fête-1-06',736,,12763,750,4,,0,100,,12762,750,4,,0,100,,12761,750,4,,0,100,,12760,750,4,,0,100,,12759,750,4,,0,100,,12758,750,4,,0,100,,12757,750,4,,0,100,,12756,750,4,,0,100,,12755,750,4,,0,100,,12754,750,4,,0,100,,12753,750,4,,0,100,,12752,750,4,,0,100,,12751,750,4,,0,100,,12750,750,4,,0,100,,12749,750,4,,0,100,,12747,750,4,,0,88,,12748,750,4,,0
60000,'Semaine-53',636,,12771,750,4,,0,70,,12773,750,4,,0,36,,12775,750,4,,0,70,,12777,750,4,,0,30,,12779,750,4,,0,70,,12781,750,4,,0,30,,12782,750,4,,0,94,,12783,750,4,,0,100,,12784,750,4,,0,100,,12785,750,4,,0,70,,12786,750,4,,0,30,,12787,750,4,,0,70,,12788,750,4,,0,100,,12789,750,4,,0,30,,12790,750,4,,0,70,,12769,750,4,,0,31,,12768,750,4,,0,70,,12767,750,4,,0,30,,12766,750,4,,0,70,,12764,750,4,,0,30,,12765,750,4,,0,99,,12780,750,4,,0,100,,12778,750,4,,0,100,,12776,750,4,,0,96,,12774,750,4,,0,104,,12772,750,4,,0
60000,'Week-end-53',736,,12807,750,4,,0,100,,12806,750,4,,0,100,,12805,750,4,,0,100,,12804,750,4,,0,100,,12803,750,4,,0,100,,12802,750,4,,0,100,,12801,750,4,,0,100,,12800,750,4,,0,100,,12799,750,4,,0,100,,12798,750,4,,0,100,,12797,750,4,,0,100,,12796,750,4,,0,100,,12795,750,4,,0,100,,12794,750,4,,0,100,,12793,750,4,,0,100,,12791,750,4,,0,88,,12792,750,4,,0
60001,'Fête-1-06',755,,12823,10,,,0,100,,12822,10,,,0,100,,12820,10,,,0,100,,12821,10,,,0,100,,12818,10,,,0,100,,12819,10,,,0,100,,12815,10,,,0,100,,12816,10,,,0,100,,12817,10,,,0,100,,12814,10,,,0,100,,12811,10,,,0,100,,12812,10,,,0,100,,12813,10,,,0,100,,12809,10,,,0,89,,12810,10,,,0,185,,12808,10,,,0
60001,'Semaine-53',645,,12824,10,,,0,70,,12825,10,,,0,32,,12826,10,,,0,100,,12827,10,,,0,100,,12828,10,,,0,98,,12829,10,,,0,100,,12830,10,,,0,70,,12831,10,,,0,100,,12832,10,,,0,30,,12833,10,,,0,70,,12834,10,,,0,30,,12835,10,,,0,70,,12836,10,,,0,30,,12837,10,,,0,70,,12838,10,,,0,30,,12839,10,,,0,70,,12840,10,,,0,30,,12841,10,,,0,70,,12842,10,,,0,30,,12843,10,,,0,100,,12844,10,,,0,100,,12845,10,,,0,100,,12846,10,,,0,100,,12847,10,,,0,100,,12848,10,,,0
60001,'Week-end-53',755,,12868,10,,,0,100,,12867,10,,,0,100,,12865,10,,,0,100,,12866,10,,,0,100,,12863,10,,,0,100,,12864,10,,,0,100,,12860,10,,,0,100,,12861,10,,,0,100,,12862,10,,,0,100,,12859,10,,,0,100,,12856,10,,,0,100,,12857,10,,,0,100,,12858,10,,,0,100,,12854,10,,,0,89,,12855,10,,,0,185,,12853,10,,,0
60500,'Semaine-53',732,,12883,490,4,,0,205,,12884,490,4,,0
60501,'Semaine-53',1600,,12885,10,,,0,212,,12886,10,,,0
