23101,'Fête-1-01',920,,16234,540,4,,0,100,,16233,540,4,,0,100,,16235,540,4,,0,100,,16231,540,4,,0,100,,16236,540,4,,0,100,,16230,540,4,,0,100,,16237,540,4,,0,100,,16229,540,4,,0,100,,16238,540,4,,0,100,,16232,540,4,,0,100,,16239,540,4,,0,100,,16228,540,4,,0,100,,16240,540,4,,0,100,,16227,540,4,,0
23101,'Semaine-01',700,,16242,540,4,,0,24,,16243,540,4,,0,77,,16244,540,4,,0,27,,16245,540,4,,0,73,,16246,540,4,,0,53,,16247,540,4,,0,100,,16248,540,4,,0,100,,16249,540,4,,0,100,,16250,540,4,,0,100,,16251,540,4,,0,101,,16252,540,4,,0,102,,16253,540,4,,0,88,,16254,540,4,,0,72,,16255,540,4,,0,25,,16256,540,4,,0,67,,16257,540,4,,0,30,,16258,540,4,,0,67,,16259,540,4,,0,44,,16260,540,4,,0,100,,16261,540,4,,0,102,,16262,540,4,,0,99,,16263,540,4,,0
23101,'Week-end-01',920,,16272,540,4,,0,100,,16271,540,4,,0,100,,16273,540,4,,0,100,,16269,540,4,,0,100,,16274,540,4,,0,100,,16268,540,4,,0,100,,16275,540,4,,0,100,,16267,540,4,,0,100,,16276,540,4,,0,100,,16270,540,4,,0,100,,16277,540,4,,0,100,,16266,540,4,,0,100,,16278,540,4,,0,100,,16265,540,4,,0
23200,'Fête-1-01',830,,16284,240,4,,0,123,,16288,520,4,,0,100,,16283,520,4,,0,100,,16289,520,4,,0,101,,16282,520,4,,0,101,,16290,520,4,,0,101,,16281,520,4,,0,100,,16291,520,4,,0,98,,16286,520,4,,0,99,,16292,520,4,,0,99,,16285,520,4,,0,100,,16293,520,4,,0,100,,16280,520,4,,0,100,,16294,520,4,,0,99,,16287,520,4,,0
23200,'Semaine-01',557,,16316,240,4,,0,66,,16317,240,4,,0,31,,16295,520,4,,0,66,,16296,520,4,,0,34,,16297,520,4,,0,70,,16298,520,4,,0,32,,16299,520,4,,0,70,,16300,520,4,,0,99,,16301,520,4,,0,100,,16302,520,4,,0,101,,16303,520,4,,0,100,,16304,520,4,,0,102,,16305,520,4,,0,102,,16306,520,4,,0,106,,16307,520,4,,0,77,,16308,520,4,,0,30,,16309,520,4,,0,87,,16310,520,4,,0,28,,16311,520,4,,0,73,,16312,520,4,,0,95,,16313,520,4,,0,94,,16314,520,4,,0,100,,16315,520,4,,0
23200,'Week-end-01',830,,16322,240,4,,0,123,,16326,520,4,,0,100,,16321,520,4,,0,100,,16327,520,4,,0,101,,16320,520,4,,0,101,,16328,520,4,,0,101,,16319,520,4,,0,100,,16329,520,4,,0,98,,16324,520,4,,0,99,,16330,520,4,,0,99,,16323,520,4,,0,100,,16331,520,4,,0,100,,16318,520,4,,0,100,,16332,520,4,,0,99,,16325,520,4,,0
23300,'Fête-1-01',925,,16337,730,4,,0,200,,16339,730,4,,0,199,,16335,730,4,,0,205,,16340,730,4,,0,200,,16338,730,4,,0,196,,16336,730,4,,0,200,,16333,730,4,,0
23300,'Semaine-01',700,,16341,730,4,,0,43,,16342,730,4,,0,159,,16352,730,4,,0,228,,16343,730,4,,0,200,,16344,730,4,,0,204,,16345,730,4,,0,175,,16346,730,4,,0,103,,16347,730,4,,0,100,,16351,730,4,,0,103,,16348,730,4,,0,115,,16349,730,4,,0
23300,'Week-end-01',925,,16357,730,4,,0,200,,16359,730,4,,0,199,,16355,730,4,,0,205,,16360,730,4,,0,200,,16358,730,4,,0,196,,16356,730,4,,0,200,,16353,730,4,,0
23400,'Fête-1-01',830,,16368,510,4,,0,196,,16366,740,4,,0,200,,16364,740,4,,0,204,,16361,740,4,,0,200,,16363,740,4,,0,195,,16362,740,4,,0,200,,16367,740,4,,0,200,,16365,740,4,,0
23400,'Semaine-01',558,,16380,510,4,,0,65,,16379,510,4,,0,97,,16369,740,4,,0,106,,16382,740,4,,0,103,,16370,740,4,,0,100,,16371,740,4,,0,200,,16372,740,4,,0,200,,16373,740,4,,0,203,,16374,740,4,,0,108,,16375,740,4,,0,102,,16376,740,4,,0,95,,16381,740,4,,0,91,,16377,740,4,,0,200,,16378,740,4,,0
23400,'Week-end-01',830,,16390,510,4,,0,196,,16388,740,4,,0,200,,16386,740,4,,0,204,,16383,740,4,,0,200,,16385,740,4,,0,195,,16384,740,4,,0,200,,16389,740,4,,0,200,,16387,740,4,,0
23501,'Fête-1-01',826,,16449,350,4,,0,100,,16453,350,4,,0,100,,16446,350,4,,0,100,,16447,350,4,,0,101,,16443,350,4,,0,100,,16445,350,4,,0,100,,16444,350,4,,0,100,,16448,350,4,,0,100,,16451,350,4,,0,100,,16456,350,4,,0,100,,16457,350,4,,0,99,,16450,350,4,,0,100,,16452,350,4,,0,100,,16454,350,4,,0,100,,16455,350,4,,0
23501,'Semaine-01',559,,16458,350,4,,0,60,,16479,350,4,,0,40,,16460,350,4,,0,60,,16459,350,4,,0,81,,16462,350,4,,0,27,,16461,350,4,,0,103,,16463,350,4,,0,100,,16464,350,4,,0,100,,16465,350,4,,0,100,,16466,350,4,,0,100,,16467,350,4,,0,100,,16468,350,4,,0,107,,16469,350,4,,0,76,,16471,350,4,,0,38,,16470,350,4,,0,79,,16472,350,4,,0,29,,16474,350,4,,0,74,,16473,350,4,,0,99,,16475,350,4,,0,100,,16476,350,4,,0,99,,16477,350,4,,0,100,,16478,350,4,,0
23501,'Week-end-01',826,,16486,350,4,,0,100,,16490,350,4,,0,100,,16483,350,4,,0,100,,16484,350,4,,0,101,,16480,350,4,,0,100,,16482,350,4,,0,100,,16481,350,4,,0,100,,16485,350,4,,0,100,,16488,350,4,,0,100,,16493,350,4,,0,100,,16494,350,4,,0,99,,16487,350,4,,0,100,,16489,350,4,,0,100,,16491,350,4,,0,100,,16492,350,4,,0
23600,'Fête-1-01',902,,16506,390,4,,0,100,,16497,390,4,,0,100,,16507,390,4,,0,101,,16495,390,4,,0,100,,16503,390,4,,0,100,,16499,390,4,,0,100,,16505,390,4,,0,100,,16496,390,4,,0,100,,16509,390,4,,0,100,,16498,390,4,,0,100,,16504,390,4,,0,100,,16500,390,4,,0,100,,16502,390,4,,0,100,,16501,390,4,,0
23600,'Semaine-01',629,,16510,390,4,,0,110,,16511,390,4,,0,81,,16528,390,4,,0,39,,16512,390,4,,0,75,,16513,390,4,,0,95,,16514,390,4,,0,99,,16515,390,4,,0,102,,16516,390,4,,0,100,,16517,390,4,,0,100,,16518,390,4,,0,100,,16519,390,4,,0,100,,16520,390,4,,0,85,,16521,390,4,,0,38,,16522,390,4,,0,83,,16523,390,4,,0,164,,16524,390,4,,0,103,,16525,390,4,,0,100,,16526,390,4,,0
23600,'Week-end-01',902,,16540,390,4,,0,100,,16531,390,4,,0,100,,16541,390,4,,0,101,,16529,390,4,,0,100,,16537,390,4,,0,100,,16533,390,4,,0,100,,16539,390,4,,0,100,,16530,390,4,,0,100,,16543,390,4,,0,100,,16532,390,4,,0,100,,16538,390,4,,0,100,,16534,390,4,,0,100,,16536,390,4,,0,100,,16535,390,4,,0
23701,'Fête-1-01',830,,16558,230,4,,0,100,,16556,400,4,,0,100,,16547,400,4,,0,100,,16553,400,4,,0,100,,16555,400,4,,0,100,,16544,400,4,,0,100,,16546,400,4,,0,100,,16545,400,4,,0,100,,16552,400,4,,0,100,,16548,400,4,,0,100,,16550,400,4,,0,100,,16551,400,4,,0,100,,16554,400,4,,0,100,,16549,400,4,,0,100,,16557,400,4,,0
23701,'Semaine-01',550,,16575,230,4,,0,74,,16576,400,4,,0,76,,16559,400,4,,0,20,,16577,400,4,,0,84,,16572,400,4,,0,50,,16560,400,4,,0,146,,16574,400,4,,0,106,,16573,400,4,,0,100,,16561,400,4,,0,100,,16562,400,4,,0,100,,16563,400,4,,0,100,,16564,400,4,,0,97,,16565,400,4,,0,129,,16569,400,4,,0,76,,16566,400,4,,0,116,,16570,400,4,,0,105,,16567,400,4,,0,100,,16571,400,4,,0,106,,16568,400,4,,0
23701,'Week-end-01',830,,16592,230,4,,0,100,,16590,400,4,,0,100,,16581,400,4,,0,100,,16587,400,4,,0,100,,16589,400,4,,0,100,,16578,400,4,,0,100,,16580,400,4,,0,100,,16579,400,4,,0,100,,16586,400,4,,0,100,,16582,400,4,,0,100,,16584,400,4,,0,100,,16585,400,4,,0,100,,16588,400,4,,0,100,,16583,400,4,,0,100,,16591,400,4,,0
23801,'Fête-1-01',830,,16608,260,4,,0,93,,16601,360,4,,0,105,,16604,360,4,,0,100,,16605,360,4,,0,100,,16598,360,4,,0,100,,16606,360,4,,0,100,,16596,360,4,,0,100,,16595,360,4,,0,100,,16594,360,4,,0,100,,16593,360,4,,0,100,,16600,360,4,,0,98,,16599,360,4,,0,100,,16602,360,4,,0,98,,16603,360,4,,0,97,,16597,360,4,,0
23801,'Semaine-01',557,,16623,260,4,,0,64,,16624,260,4,,0,38,,16625,360,4,,0,62,,16626,360,4,,0,85,,16627,360,4,,0,22,,16628,360,4,,0,99,,16629,360,4,,0,103,,16609,360,4,,0,100,,16610,360,4,,0,100,,16611,360,4,,0,100,,16612,360,4,,0,100,,16613,360,4,,0,100,,16614,360,4,,0,100,,16615,360,4,,0,83,,16616,360,4,,0,32,,16617,360,4,,0,74,,16631,360,4,,0,31,,16618,360,4,,0,75,,16630,360,4,,0,105,,16619,360,4,,0,100,,16622,360,4,,0,100,,16621,360,4,,0
23801,'Week-end-01',830,,16648,260,4,,0,93,,16641,360,4,,0,105,,16644,360,4,,0,100,,16645,360,4,,0,100,,16638,360,4,,0,100,,16646,360,4,,0,100,,16636,360,4,,0,100,,16635,360,4,,0,100,,16634,360,4,,0,100,,16633,360,4,,0,100,,16640,360,4,,0,98,,16639,360,4,,0,100,,16642,360,4,,0,98,,16643,360,4,,0,97,,16637,360,4,,0
23900,'Fête-1-01',830,,16664,400,4,,0,85,,16649,590,4,,0,102,,16657,590,4,,0,107,,16658,590,4,,0,104,,16659,590,4,,0,100,,16660,590,4,,0,100,,16661,590,4,,0,100,,16662,590,4,,0,100,,16655,590,4,,0,96,,16651,590,4,,0,98,,16650,590,4,,0,96,,16652,590,4,,0,95,,16653,590,4,,0,100,,16654,590,4,,0,100,,16656,590,4,,0
23900,'Semaine-01',555,,16680,400,4,,0,70,,16677,400,4,,0,75,,16665,590,4,,0,20,,16689,590,4,,0,35,,16666,590,4,,0,70,,16667,590,4,,0,30,,16681,590,4,,0,70,,16678,590,4,,0,95,,16668,590,4,,0,100,,16669,590,4,,0,102,,16670,590,4,,0,106,,16671,590,4,,0,100,,16672,590,4,,0,97,,16673,590,4,,0,103,,16674,590,4,,0,75,,16675,590,4,,0,37,,16686,590,4,,0,74,,16687,590,4,,0,18,,16682,590,4,,0,75,,16679,590,4,,0,23,,16676,590,4,,0,78,,16688,590,4,,0,108,,16685,590,4,,0,98,,16684,590,4,,0
23900,'Week-end-01',830,,16705,400,4,,0,85,,16690,590,4,,0,102,,16698,590,4,,0,107,,16699,590,4,,0,104,,16700,590,4,,0,100,,16701,590,4,,0,100,,16702,590,4,,0,100,,16703,590,4,,0,100,,16696,590,4,,0,96,,16692,590,4,,0,98,,16691,590,4,,0,96,,16693,590,4,,0,95,,16694,590,4,,0,100,,16695,590,4,,0,100,,16697,590,4,,0
