24001,'Fête-2-04',537,,11464,,,0,64,,11465,,,0,34,,11466,,,0,23,,11467,,,0,143,,11468,,,0,102,,11469,,,0,100,,11470,,,0,100,,11471,,,0,100,,11472,,,0,100,,11473,,,0,100,,11474,,,0,107,,11475,,,0,112,,11476,,,0,99,,11477,,,0,28,,11478,,,0,71,,11479,,,0,33,,11480,,,0,97,,11481,,,0,68,,11482,,,0,99,,11483,,,0,98,,11484,,,0,97,,11485,,,0
24001,'Semaine-52',537,,11486,,,0,64,,11487,,,0,34,,11488,,,0,23,,11489,,,0,77,,11490,,,0,66,,11491,,,0,33,,11492,,,0,69,,11493,,,0,100,,11494,,,0,100,,11495,,,0,100,,11496,,,0,100,,11497,,,0,100,,11498,,,0,107,,11499,,,0,40,,11501,,,0,72,,11502,,,0,28,,11503,,,0,71,,11504,,,0,28,,11505,,,0,71,,11506,,,0,33,,11507,,,0,66,,11508,,,0,31,,11509,,,0,68,,11510,,,0,99,,11511,,,0,98,,11512,,,0,97,,11513,,,0
24300,'Fête-2-04',628,,11641,,,0,22,,11642,,,0,88,,11643,,,0,18,,11644,,,0,88,,11645,,,0,14,,11646,,,0,145,,11647,,,0,100,,11648,,,0,100,,11649,,,0,100,,11650,,,0,100,,11651,,,0,110,,11652,,,0,40,,11653,,,0,75,,11654,,,0,85,,11655,,,0,30,,11656,,,0,77,,11657,,,0,35,,11658,,,0,73,,11659,,,0,84,,11660,,,0,102,,11661,,,0,100,,11662,,,0,100,,11638,0,8 9 1 10,0
24300,'Semaine-52',628,,11666,,,0,22,,11667,,,0,88,,11668,,,0,18,,11669,,,0,88,,11670,,,0,14,,11671,,,0,145,,11672,,,0,100,,11673,,,0,100,,11674,,,0,100,,11675,,,0,100,,11676,,,0,110,,11677,,,0,40,,11678,,,0,75,,11679,,,0,85,,11680,,,0,30,,11681,,,0,77,,11682,,,0,35,,11683,,,0,73,,11684,,,0,84,,11685,,,0,102,,11686,,,0,100,,11687,,,0,100,,11663,0,8 9 1 10,0
24701,'Fête-1-05',755,,11759,,,0,170,,11760,,,0,130,,11761,,,0,170,,11762,,,0,130,,11763,,,0,170,,11764,,,0,130,,11765,,,0,170,,11766,,,0,130,,11767,,,0
24701,'Fête-2-04',554,,11772,,,0,70,,11773,,,0,122,,11774,,,0,60,,11775,,,0,42,,11776,,,0,106,,11777,,,0,171,,11778,,,0,130,,11779,,,0,170,,11780,,,0,183,,11781,,,0,24,,11782,,,0,116,,11768,,,0,92,,11783,,,0,162,,11769,,,0,129,,11770,,,0,169,,11771,,,0
24701,'Semaine-52',554,,11789,,,0,70,,11790,,,0,82,,11791,,,0,40,,11792,,,0,60,,11793,,,0,42,,11794,,,0,106,,11795,,,0,171,,11796,,,0,130,,11797,,,0,170,,11798,,,0,183,,11799,,,0,24,,11800,,,0,116,,11784,,,0,72,,11801,,,0,19,,11785,,,0,163,,11786,,,0,129,,11787,,,0,169,,11788,,,0
24701,'Week-end-52',755,,11802,,,0,170,,11803,,,0,130,,11804,,,0,170,,11805,,,0,130,,11806,,,0,170,,11807,,,0,130,,11808,,,0,170,,11809,,,0,130,,11810,,,0
24901,'Fête-1-05',756,,11896,,,0,168,,11897,,,0,130,,11898,,,0,170,,11899,,,0,130,,11900,,,0,170,,11901,,,0,130,,11902,,,0,170,,11903,,,0,130,,11904,,,0,170,,11905,,,0,130,,11906,,,0
24901,'Fête-2-04',623,,11907,,,0,23,,11908,,,0,78,,11909,,,0,97,,11910,,,0,25,,11911,,,0,100,,11912,,,0,95,,11913,,,0,100,,11914,,,0,100,,11915,,,0,100,,11916,,,0,100,,11917,,,0,161,,11918,,,0,54,,11919,,,0,75,,11920,,,0,78,,11921,,,0,49,,11922,,,0,99,,11923,,,0,101,,11924,,,0,143,,11925,,,0,57,,11926,,,0
24901,'Semaine-52',623,,11927,,,0,23,,11928,,,0,78,,11929,,,0,98,,11930,,,0,24,,11931,,,0,100,,11932,,,0,95,,11933,,,0,100,,11934,,,0,100,,11935,,,0,100,,11936,,,0,100,,11937,,,0,99,,11938,,,0,62,,11939,,,0,54,,11940,,,0,79,,11941,,,0,72,,11942,,,0,52,,11943,,,0,98,,11944,,,0,101,,11945,,,0,143,,11946,,,0,57,,11947,,,0
24901,'Week-end-52',756,,11948,,,0,168,,11949,,,0,130,,11950,,,0,170,,11951,,,0,130,,11952,,,0,170,,11953,,,0,130,,11954,,,0,170,,11955,,,0,130,,11956,,,0,170,,11957,,,0,130,,11958,,,0
