22701,'Fête-1-06',851,,10509,50,,,0,200,,10510,50,,,0,200,,10511,50,,,0,200,,10512,50,,,0,200,,10513,50,,,0,200,,10514,50,,,0,200,,10515,50,,,0
22701,'Semaine-53',551,,10518,50,,,0,70,,10519,50,,,0,31,,10520,50,,,0,70,,10521,50,,,0,30,,10522,50,,,0,99,,10523,50,,,0,100,,10524,50,,,0,100,,10525,50,,,0,100,,10526,50,,,0,100,,10527,50,,,0,100,,10528,50,,,0,100,,10529,50,,,0,101,,10530,50,,,0,85,,10531,50,,,0,70,,10532,50,,,0,30,,10533,50,,,0,69,,10534,50,,,0,30,,10535,50,,,0,70,,10536,50,,,0,45,,10537,50,,,0,100,,10538,50,,,0,100,,10539,50,,,0,100,,10540,50,0,8 14 1 15 16 17,0
22701,'Week-end-53',851,,10541,50,,,0,200,,10542,50,,,0,200,,10543,50,,,0,200,,10544,50,,,0,200,,10545,50,,,0,200,,10546,50,,,0,200,,10547,50,,,0
22800,'Fête-1-06',751,,10555,50,,,0,200,,10552,50,,,0,200,,10553,50,,,0,200,,10548,50,,,0,200,,10550,50,,,0,200,,10554,50,,,0,200,,10551,50,,,0,200,,10549,50,0,8 14 1 18 19,0
22800,'Semaine-53',606,,10557,50,,,0,30,,10558,50,,,0,70,,10559,50,,,0,30,,10560,50,,,0,85,,10561,50,,,0,100,,10562,50,,,0,100,,10563,50,,,0,100,,10564,50,,,0,100,,10565,50,,,0,100,,10566,50,,,0,100,,10567,50,,,0,100,,10568,50,,,0,100,,10569,50,,,0,30,,10570,50,,,0,70,,10571,50,,,0,30,,10572,50,,,0,70,,10573,50,,,0,30,,10574,50,,,0,70,,10575,50,,,0,100,,10576,50,,,0,100,,10577,50,,,0,100,,10578,50,,,0,100,,10579,50,0,8 14 1 18 19,0
22800,'Week-end-53',751,,10588,50,,,0,200,,10585,50,,,0,200,,10586,50,,,0,200,,10581,50,,,0,200,,10583,50,,,0,200,,10587,50,,,0,200,,10584,50,,,0,200,,10582,50,0,8 14 1 18 19,0
60500,'Semaine-53',641,,12883,50,,,0,205,,12884,50,,,0
70801,'Fête-1-06',627,,13099,50,,,0,99,,13115,50,,,0,74,,13100,50,,,0,100,,13101,50,,,0,51,,13102,50,,,0,100,,13103,50,,,0,100,,13104,50,,,0,100,,13105,50,,,0,100,,13106,50,,,0,100,,13107,50,,,0,100,,13108,50,,,0,100,,13109,50,,,0,100,,13110,50,,,0,100,,13111,50,,,0,101,,13112,50,,,0,100,,13113,50,,,0,100,,13114,50,,,0,80,,13097,50,,,0,118,,13098,50,,,0
70801,'Semaine-53',437,,13116,50,,,0,69,,13117,50,,,0,45,,13118,50,,,0,70,,13119,50,,,0,25,,13159,50,,,0,5,,13120,50,,,0,70,,13121,50,,,0,30,,13122,50,,,0,70,,13123,50,,,0,30,,13124,50,,,0,70,,13125,50,,,0,30,,13126,50,,,0,70,,13127,50,,,0,30,,13128,50,,,0,70,,13129,50,,,0,30,,13130,50,,,0,70,,13131,50,,,0,30,,13132,50,,,0,70,,13133,50,,,0,30,,13134,50,,,0,70,,13135,50,,,0,30,,13136,50,,,0,70,,13137,50,,,0,30,,13138,50,,,0,70,,13139,50,,,0,30,,13140,50,,,0,70,,13141,50,,,0,30,,13142,50,,,0,70,,13143,50,,,0,30,,13144,50,,,0,70,,13145,50,,,0,30,,13146,50,,,0,70,,13147,50,,,0,30,,13148,50,,,0,100,,13149,50,,,0,100,,13150,50,,,0,96,,13151,50,,,0,100,,13158,50,,,0
70801,'Week-end-53',627,,13162,50,,,0,99,,13178,50,,,0,74,,13163,50,,,0,100,,13164,50,,,0,51,,13165,50,,,0,100,,13166,50,,,0,100,,13167,50,,,0,100,,13168,50,,,0,100,,13169,50,,,0,100,,13170,50,,,0,100,,13171,50,,,0,100,,13172,50,,,0,100,,13173,50,,,0,100,,13174,50,,,0,101,,13175,50,,,0,100,,13176,50,,,0,100,,13177,50,,,0,80,,13160,50,,,0,118,,13161,50,,,0
