22501,'Fête-1-05',906,,10358,,,0,200,,10359,,,0,200,,10360,,,0,200,,10361,,,0,200,,10362,,,0,199,,10363,,,0,199,,10364,,,0
22501,'Fête-2-04',607,,10366,,,0,30,,10367,,,0,70,,10368,,,0,30,,10369,,,0,70,,10370,,,0,100,,10371,,,0,99,,10372,,,0,100,,10373,,,0,100,,10374,,,0,100,,10375,,,0,100,,10376,,,0,100,,10377,,,0,100,,10378,,,0,45,,10379,,,0,70,,10380,,,0,31,,10381,,,0,69,,10382,,,0,30,,10383,,,0,70,,10384,,,0,85,,10385,,,0,100,,10386,,,0,99,,10387,,,0
22501,'Semaine-52',607,,10389,,,0,30,,10390,,,0,70,,10391,,,0,30,,10392,,,0,70,,10393,,,0,100,,10394,,,0,99,,10395,,,0,100,,10396,,,0,100,,10397,,,0,100,,10398,,,0,100,,10399,,,0,100,,10400,,,0,100,,10401,,,0,45,,10402,,,0,70,,10403,,,0,31,,10404,,,0,69,,10405,,,0,30,,10406,,,0,70,,10407,,,0,85,,10408,,,0,100,,10409,,,0,99,,10410,,,0
22501,'Week-end-52',906,,10411,,,0,200,,10412,,,0,200,,10413,,,0,200,,10414,,,0,200,,10415,,,0,199,,10416,,,0,199,,10417,,,0
49800,'Fête-1-05',2233,,13345,4,,0,70,,13346,4,,0,30,,13347,4,,0,70,,13348,4,,0,30,,13349,4,,0,70,,13350,4,,0,30,,13351,4,,0,70,,13352,4,,0
49800,'Fête-2-04',2233,,13353,4,,0,70,,13354,4,,0,30,,13355,4,,0,70,,13356,4,,0,30,,13357,4,,0,70,,13358,4,,0,30,,13359,4,,0,70,,13360,4,,0
49800,'Semaine-52',2233,,13361,4,,0,70,,13362,4,,0,30,,13363,4,,0,70,,13364,4,,0,30,,13365,4,,0,70,,13366,4,,0,30,,13367,4,,0,70,,13368,4,,0
49800,'Week-end-52',2233,,13369,4,,0,70,,13370,4,,0,30,,13371,4,,0,70,,13372,4,,0,30,,13373,4,,0,70,,13374,4,,0,30,,13375,4,,0,70,,13376,4,,0
70800,'Fête-1-05',736,,14122,,,0,104,,14123,,,0,89,,14124,,,0,100,,14125,,,0,102,,14126,,,0,97,,14127,,,0,100,,14128,,,0,99,,14129,,,0,101,,14130,,,0,100,,14131,,,0,102,,14132,,,0,100,,14133,,,0,100,,14134,,,0,96,,14135,,,0,103,,14136,,,0,80,,14137,,,0,43,,14138,,,0,80,,14120,,,0,117,,14121,,,0
70800,'Fête-2-04',554,,14139,,,0,70,,14140,,,0,31,,14141,,,0,70,,14142,,,0,30,,14143,,,0,55,,14144,,,0,17,,14145,,,0,27,,14146,,,0,72,,14147,,,0,98,,14148,,,0,100,,14149,,,0,100,,14150,,,0,100,,14151,,,0,99,,14152,,,0,99,,14153,,,0,37,,14154,,,0,60,,14155,,,0,10,,14156,,,0,21,,14157,,,0,9,,14158,,,0,61,,14159,,,0,9,,14160,,,0,21,,14161,,,0,9,,14162,,,0,54,,14163,,,0,15,,14164,,,0,25,,14165,,,0,70,,14166,,,0,100,,14167,,,0,90,,14168,,,0,90,,14169,,,0,55,,14170,,,0,98,,14171,,,0,100,,14172,,,0,100,,14173,,,0
70800,'Semaine-52',557,,14174,,,0,70,,14175,,,0,30,,14176,,,0,70,,14177,,,0,30,,14178,,,0,55,,14179,,,0,17,,14180,,,0,30,,14181,,,0,71,,14182,,,0,29,,14183,,,0,70,,14184,,,0,30,,14185,,,0,70,,14186,,,0,30,,14187,,,0,70,,14188,,,0,30,,14189,,,0,70,,14190,,,0,30,,14191,,,0,70,,14192,,,0,30,,14193,,,0,70,,14194,,,0,28,,14195,,,0,47,,14196,,,0,23,,14197,,,0,7,,14198,,,0,23,,14199,,,0,47,,14200,,,0,23,,14201,,,0,7,,14202,,,0,23,,14203,,,0,47,,14204,,,0,23,,14205,,,0,3,,14206,,,0,27,,14207,,,0,70,,14208,,,0,30,,14209,,,0,70,,14210,,,0,30,,14211,,,0,70,,14212,,,0,20,,14213,,,0,70,,14214,,,0,89,,14215,,,0,52,,14216,,,0,100,,14217,,,0,100,,14218,,,0
70800,'Week-end-52',736,,14221,,,0,104,,14222,,,0,89,,14223,,,0,100,,14224,,,0,102,,14225,,,0,97,,14226,,,0,100,,14227,,,0,99,,14228,,,0,101,,14229,,,0,100,,14230,,,0,102,,14231,,,0,100,,14232,,,0,100,,14233,,,0,96,,14234,,,0,103,,14235,,,0,80,,14236,,,0,43,,14237,,,0,80,,14219,,,0,117,,14220,,,0
