24901,'Fête-1-05',737,,11896,,,0,168,,11897,,,0,130,,11898,,,0,170,,11899,,,0,130,,11900,,,0,170,,11901,,,0,130,,11902,,,0,170,,11903,,,0,130,,11904,,,0,170,,11905,,,0,130,,11906,,,0
24901,'Fête-2-04',600,,11907,,,0,23,,11908,,,0,78,,11909,,,0,57,,11910,,,0,65,,11911,,,0,105,,11912,,,0,95,,11913,,,0,100,,11914,,,0,100,,11915,,,0,100,,11916,,,0,100,,11917,,,0,121,,11918,,,0,90,,11919,,,0,75,,11920,,,0,38,,11921,,,0,89,,11922,,,0,103,,11923,,,0,101,,11924,,,0,103,,11925,,,0,97,,11926,,,0
24901,'Semaine-52',600,,11927,,,0,23,,11928,,,0,78,,11929,,,0,58,,11930,,,0,64,,11931,,,0,105,,11932,,,0,95,,11933,,,0,100,,11934,,,0,100,,11935,,,0,100,,11936,,,0,100,,11937,,,0,99,,11938,,,0,22,,11939,,,0,90,,11940,,,0,79,,11941,,,0,32,,11942,,,0,92,,11943,,,0,102,,11944,,,0,101,,11945,,,0,103,,11946,,,0,97,,11947,,,0
24901,'Week-end-52',737,,11948,,,0,168,,11949,,,0,130,,11950,,,0,170,,11951,,,0,130,,11952,,,0,170,,11953,,,0,130,,11954,,,0,170,,11955,,,0,130,,11956,,,0,170,,11957,,,0,130,,11958,,,0
25301,'Fête-2-04',523,,12280,,,0,95,,12283,,,0,26,,12284,,,0,77,,12281,,,0,20,,12282,,,0
25301,'Semaine-52',523,,12285,,,0,95,,12288,,,0,26,,12289,,,0,77,,12286,,,0,20,,12287,,,0
61001,'Fête-1-05',745,,14018,,,0,100,,14019,,,0,70,,14020,,,0,100,,14021,,,0,100,,14022,,,0,100,,14023,,,0,100,,14024,,,0,100,,14025,,,0,100,,14026,,,0,100,,14027,,,0,100,,14028,,,0,99,,14029,,,0,100,,14030,,,0,100,,14031,,,0,100,,14032,,,0,100,,14033,,,0,100,,14034,,,0
61001,'Fête-2-04',549,,14035,,,0,70,,14036,,,0,100,,14037,,,0,99,,14038,,,0,99,,14039,,,0,100,,14040,,,0,99,,14041,,,0,100,,14042,,,0,100,,14043,,,0,100,,14044,,,0,101,,14045,,,0,101,,14046,,,0,103,,14047,,,0,99,,14048,,,0,96,,14049,,,0,100,,14050,,,0,100,,14051,,,0,100,,14052,,,0,100,,14053,,,0
61001,'Semaine-52',549,,14054,,,0,70,,14055,,,0,30,,14056,,,0,70,,14057,,,0,30,,14058,,,0,69,,14059,,,0,29,,14078,,,0,70,,14060,,,0,100,,14061,,,0,99,,14062,,,0,100,,14063,,,0,100,,14064,,,0,100,,14065,,,0,101,,14066,,,0,101,,14067,,,0,33,,14068,,,0,70,,14069,,,0,29,,14070,,,0,70,,14071,,,0,26,,14072,,,0,70,,14073,,,0,100,,14074,,,0,100,,14075,,,0,100,,14076,,,0,100,,14077,,,0
61001,'Week-end-52',745,,14079,,,0,100,,14080,,,0,70,,14081,,,0,100,,14082,,,0,100,,14083,,,0,100,,14084,,,0,100,,14085,,,0,100,,14086,,,0,100,,14087,,,0,100,,14088,,,0,100,,14089,,,0,99,,14090,,,0,100,,14091,,,0,100,,14092,,,0,100,,14093,,,0,100,,14094,,,0,100,,14095,,,0
