40400,'Fête-1-06',2207,,12414,20,4,,0,30,,12410,20,4,,0,70,,12415,20,4,,0,30,,12411,20,4,,0,70,,12416,20,4,,0,30,,12412,20,4,,0,70,,12408,20,4,,0,30,,12413,20,4,,0,70,,12409,20,4,,0
40400,'Semaine-53',2206,,12423,20,4,,0,31,,12419,20,4,,0,70,,12424,20,4,,0,30,,12420,20,4,,0,70,,12425,20,4,,0,30,,12421,20,4,,0,70,,12417,20,4,,0,30,,12422,20,4,,0,70,,12418,20,4,,0
40400,'Week-end-53',2207,,12432,20,4,,0,30,,12428,20,4,,0,70,,12433,20,4,,0,30,,12429,20,4,,0,70,,12434,20,4,,0,30,,12430,20,4,,0,70,,12426,20,4,,0,30,,12431,20,4,,0,70,,12427,20,4,,0
40401,'Fête-1-06',2040,,12441,10,,,0,70,,12443,10,,,0,30,,12437,10,,,0,70,,12442,10,,,0,30,,12438,10,,,0,70,,12435,10,,,0,30,,12439,10,,,0,70,,12436,10,,,0,30,,12440,10,,,0
40401,'Semaine-53',2040,,12450,10,,,0,70,,12452,10,,,0,30,,12446,10,,,0,70,,12451,10,,,0,30,,12447,10,,,0,70,,12444,10,,,0,30,,12448,10,,,0,70,,12445,10,,,0,30,,12449,10,,,0
40401,'Week-end-53',2040,,12459,10,,,0,70,,12461,10,,,0,30,,12455,10,,,0,70,,12460,10,,,0,30,,12456,10,,,0,70,,12453,10,,,0,30,,12457,10,,,0,70,,12454,10,,,0,30,,12458,10,,,0
49800,'Fête-1-06',2244,,12467,40,4,,0,70,,12468,40,4,,0,30,,12469,40,4,,0,70,,12470,40,4,,0,30,,12471,40,4,,0,70,,12472,40,4,,0,30,,12473,40,4,,0,70,,12474,40,4,,0
49800,'Semaine-53',2244,,12475,40,4,,0,70,,12476,40,4,,0,30,,12477,40,4,,0,70,,12478,40,4,,0,30,,12479,40,4,,0,70,,12480,40,4,,0,30,,12481,40,4,,0,70,,12482,40,4,,0
49800,'Week-end-53',2244,,12483,40,4,,0,70,,12484,40,4,,0,30,,12485,40,4,,0,70,,12486,40,4,,0,30,,12487,40,4,,0,70,,12488,40,4,,0,30,,12489,40,4,,0,70,,12490,40,4,,0
49801,'Fête-1-06',2025,,12498,10,,,0,30,,12497,10,,,0,70,,12491,10,,,0,30,,12492,10,,,0,70,,12493,10,,,0,30,,12494,10,,,0,70,,12495,10,,,0,30,,12496,10,,,0
49801,'Semaine-53',2025,,12506,10,,,0,30,,12505,10,,,0,70,,12499,10,,,0,30,,12500,10,,,0,70,,12501,10,,,0,30,,12502,10,,,0,70,,12503,10,,,0,30,,12504,10,,,0
49801,'Week-end-53',2025,,12514,10,,,0,30,,12513,10,,,0,70,,12507,10,,,0,30,,12508,10,,,0,70,,12509,10,,,0,30,,12510,10,,,0,70,,12511,10,,,0,30,,12512,10,,,0
71600,'Fête-1-06',715,,13457,30,4,,0,30,,13458,30,4,,0,70,,13459,30,4,,0,30,,13460,30,4,,0,70,,13461,30,4,,0,30,,13462,30,4,,0,70,,13463,30,4,,0,30,,13464,30,4,,0,70,,13465,30,4,,0,30,,13466,30,4,,0,70,,13467,30,4,,0,30,,13468,30,4,,0,70,,13469,30,4,,0,30,,13470,30,4,,0,70,,13471,30,4,,0,30,,13472,30,4,,0,70,,13473,30,4,,0,30,,13474,30,4,,0,70,,13475,30,4,,0,30,,13476,30,4,,0,70,,13477,30,4,,0,30,,13478,30,4,,0,70,,13479,30,4,,0,30,,13480,30,4,,0,70,,13481,30,4,,0,30,,13482,30,4,,0,70,,13483,30,4,,0,30,,13484,30,4,,0,70,,13485,30,4,,0,30,,13486,30,4,,0,70,,13487,30,4,,0
71600,'Semaine-53',718,,13488,30,4,,0,31,,13489,30,4,,0,72,,13490,30,4,,0,29,,13491,30,4,,0,65,,13492,30,4,,0,30,,13493,30,4,,0,70,,13494,30,4,,0,30,,13495,30,4,,0,70,,13496,30,4,,0,30,,13497,30,4,,0,70,,13498,30,4,,0,30,,13499,30,4,,0,70,,13500,30,4,,0,30,,13501,30,4,,0,70,,13502,30,4,,0,30,,13503,30,4,,0,73,,13504,30,4,,0,32,,13505,30,4,,0,85,,13506,30,4,,0,68,,13507,30,4,,0,28,,13508,30,4,,0,69,,13509,30,4,,0,30,,13510,30,4,,0,25,,13511,30,4,,0,70,,13512,30,4,,0,30,,13513,30,4,,0,70,,13514,30,4,,0,30,,13515,30,4,,0,70,,13516,30,4,,0,30,,13517,30,4,,0,70,,13518,30,4,,0
71600,'Week-end-53',715,,13519,30,4,,0,30,,13520,30,4,,0,70,,13521,30,4,,0,30,,13522,30,4,,0,70,,13523,30,4,,0,30,,13524,30,4,,0,70,,13525,30,4,,0,30,,13526,30,4,,0,70,,13527,30,4,,0,30,,13528,30,4,,0,70,,13529,30,4,,0,30,,13530,30,4,,0,70,,13531,30,4,,0,30,,13532,30,4,,0,70,,13533,30,4,,0,30,,13534,30,4,,0,70,,13535,30,4,,0,30,,13536,30,4,,0,70,,13537,30,4,,0,30,,13538,30,4,,0,70,,13539,30,4,,0,30,,13540,30,4,,0,70,,13541,30,4,,0,30,,13542,30,4,,0,70,,13543,30,4,,0,30,,13544,30,4,,0,70,,13545,30,4,,0,30,,13546,30,4,,0,70,,13547,30,4,,0,30,,13548,30,4,,0,70,,13549,30,4,,0
71601,'Fête-1-06',630,,13550,10,,,0,70,,13551,10,,,0,30,,13552,10,,,0,70,,13553,10,,,0,30,,13554,10,,,0,70,,13555,10,,,0,30,,13556,10,,,0,70,,13557,10,,,0,30,,13558,10,,,0,70,,13559,10,,,0,30,,13560,10,,,0,70,,13561,10,,,0,30,,13562,10,,,0,70,,13563,10,,,0,30,,13564,10,,,0,70,,13565,10,,,0,30,,13566,10,,,0,70,,13567,10,,,0,30,,13568,10,,,0,70,,13569,10,,,0,30,,13570,10,,,0,70,,13571,10,,,0,30,,13572,10,,,0,70,,13573,10,,,0,30,,13574,10,,,0,70,,13575,10,,,0,30,,13576,10,,,0,70,,13577,10,,,0,30,,13578,10,,,0,70,,13579,10,,,0,30,,13580,10,,,0
71601,'Semaine-53',630,,13581,10,,,0,70,,13582,10,,,0,30,,13583,10,,,0,70,,13584,10,,,0,30,,13585,10,,,0,70,,13586,10,,,0,30,,13587,10,,,0,70,,13588,10,,,0,30,,13589,10,,,0,70,,13590,10,,,0,30,,13591,10,,,0,70,,13592,10,,,0,30,,13593,10,,,0,70,,13594,10,,,0,30,,13595,10,,,0,70,,13596,10,,,0,30,,13597,10,,,0,70,,13598,10,,,0,40,,13599,10,,,0,70,,13600,10,,,0,30,,13601,10,,,0,70,,13602,10,,,0,30,,13603,10,,,0,70,,13604,10,,,0,30,,13605,10,,,0,70,,13606,10,,,0,30,,13607,10,,,0,70,,13608,10,,,0,25,,13609,10,,,0,70,,13610,10,,,0,30,,13611,10,,,0
71601,'Week-end-53',630,,13612,10,,,0,70,,13613,10,,,0,30,,13614,10,,,0,70,,13615,10,,,0,30,,13616,10,,,0,70,,13617,10,,,0,30,,13618,10,,,0,70,,13619,10,,,0,30,,13620,10,,,0,70,,13621,10,,,0,30,,13622,10,,,0,70,,13623,10,,,0,30,,13624,10,,,0,70,,13625,10,,,0,30,,13626,10,,,0,70,,13627,10,,,0,30,,13628,10,,,0,70,,13629,10,,,0,30,,13630,10,,,0,70,,13631,10,,,0,30,,13632,10,,,0,70,,13633,10,,,0,30,,13634,10,,,0,70,,13635,10,,,0,30,,13636,10,,,0,70,,13637,10,,,0,30,,13638,10,,,0,70,,13639,10,,,0,30,,13640,10,,,0,70,,13641,10,,,0,30,,13642,10,,,0
