24601,'Semaine-01',529,,16837,70,,,0,86,,16836,70,,,0,88,,16835,70,,,0,52,,16834,70,,,0,92,,16833,70,,,0,698,,16832,70,,,0,92,,16831,70,,,0,93,,16830,70,,,0,92,,16829,70,,,0,89,,16828,70,,,0
25000,'Fête-1-01',809,,17002,70,,,0,100,,17000,70,,,0,30,,17003,70,,,0,100,,17004,70,,,0,70,,17005,70,,,0,100,,17001,70,,,0,30,,17018,70,,,0,100,,17013,70,,,0,70,,17016,70,,,0,100,,17019,70,,,0,30,,17010,70,,,0,100,,17009,70,,,0,70,,17011,70,,,0,100,,17012,70,,,0,30,,17017,70,,,0,100,,17007,70,,,0,70,,17020,70,,,0,100,,17014,70,,,0,30,,17006,70,,,0,100,,17015,70,,,0,70,,17008,70,,,0
25000,'Semaine-01',637,,17021,70,,,0,63,,17022,70,,,0,33,,17023,70,,,0,25,,17024,70,,,0,82,,17025,70,,,0,164,,17026,70,,,0,101,,17027,70,,,0,100,,17028,70,,,0,100,,17029,70,,,0,100,,17030,70,,,0,105,,17031,70,,,0,90,,17032,70,,,0,24,,17033,70,,,0,98,,17034,70,,,0,26,,17035,70,,,0,71,,17036,70,,,0,35,,17037,70,,,0,70,,17038,70,,,0,90,,17039,70,,,0,104,,17040,70,,,0,96,,17041,70,,,0,100,,17042,70,,,0
25000,'Week-end-01',809,,17045,70,,,0,100,,17043,70,,,0,30,,17046,70,,,0,100,,17047,70,,,0,70,,17048,70,,,0,100,,17044,70,,,0,30,,17061,70,,,0,100,,17056,70,,,0,70,,17059,70,,,0,100,,17062,70,,,0,30,,17053,70,,,0,100,,17052,70,,,0,70,,17054,70,,,0,100,,17055,70,,,0,30,,17060,70,,,0,100,,17050,70,,,0,70,,17063,70,,,0,100,,17057,70,,,0,30,,17049,70,,,0,100,,17058,70,,,0,70,,17051,70,,,0
25100,'Fête-1-01',823,,17143,280,,,0,100,,17141,280,,,0,100,,17144,280,,,0,100,,17140,280,,,0,100,,17139,280,,,0,100,,17142,280,,,0,100,,17135,280,,,0,100,,17138,280,,,0,100,,17134,280,,,0,100,,17136,280,,,0,100,,17132,280,,,0,99,,17137,280,,,0,100,,17129,280,,,0,100,,17130,280,,,0,100,,17131,280,,,0,100,,17133,280,0,8 27 76,0
25100,'Semaine-01',918,,17146,280,,,0,100,,17145,280,,,0,100,,17154,280,,,0,100,,17150,280,,,0,100,,17153,280,,,0,100,,17148,280,,,0,615,,17151,280,,,0,97,,17149,280,,,0,98,,17147,280,,,0,100,,17152,280,0,8 27 76,0
25100,'Week-end-01',823,,17170,280,,,0,100,,17168,280,,,0,100,,17171,280,,,0,100,,17167,280,,,0,100,,17166,280,,,0,100,,17169,280,,,0,100,,17162,280,,,0,100,,17165,280,,,0,100,,17161,280,,,0,100,,17163,280,,,0,100,,17159,280,,,0,99,,17164,280,,,0,100,,17156,280,,,0,100,,17157,280,,,0,100,,17158,280,,,0,100,,17160,280,0,8 27 76,0
60001,'Fête-1-01',756,,17946,40,,,0,100,,17945,40,,,0,100,,17943,40,,,0,100,,17944,40,,,0,100,,17941,40,,,0,100,,17942,40,,,0,100,,17938,40,,,0,100,,17939,40,,,0,100,,17940,40,,,0,100,,17937,40,,,0,100,,17934,40,,,0,100,,17935,40,,,0,100,,17936,40,,,0,100,,17932,40,,,0,89,,17933,40,,,0,185,,17931,40,,,0
60001,'Semaine-01',716,,17947,40,,,0,32,,17948,40,,,0,100,,17949,40,,,0,100,,17950,40,,,0,98,,17951,40,,,0,170,,17952,40,,,0,100,,17953,40,,,0,30,,17954,40,,,0,100,,17955,40,,,0,100,,17956,40,,,0,100,,17957,40,,,0,70,,17958,40,,,0,30,,17959,40,,,0,100,,17960,40,,,0,100,,17961,40,,,0,100,,17962,40,,,0,100,,17963,40,,,0,100,,17964,40,,,0,100,,17965,40,,,0
60001,'Week-end-01',756,,17985,40,,,0,100,,17984,40,,,0,100,,17982,40,,,0,100,,17983,40,,,0,100,,17980,40,,,0,100,,17981,40,,,0,100,,17977,40,,,0,100,,17978,40,,,0,100,,17979,40,,,0,100,,17976,40,,,0,100,,17973,40,,,0,100,,17974,40,,,0,100,,17975,40,,,0,100,,17971,40,,,0,89,,17972,40,,,0,185,,17970,40,,,0
70900,'Fête-1-01',639,,18259,150,,,0,65,,18260,150,,,0,15,,18261,150,,,0,30,,18262,150,,,0,70,,18263,150,,,0,30,,18264,150,,,0,70,,18265,150,,,0,30,,18266,150,,,0,70,,18267,150,,,0,30,,18268,150,,,0,70,,18269,150,,,0,30,,18270,150,,,0,70,,18271,150,,,0,30,,18272,150,,,0,70,,18273,150,,,0,30,,18274,150,,,0,70,,18275,150,,,0,30,,18276,150,,,0,70,,18277,150,,,0,30,,18278,150,,,0,70,,18279,150,,,0,30,,18280,150,,,0,70,,18281,150,,,0,30,,18282,150,,,0,70,,18283,150,,,0,30,,18284,150,,,0,70,,18285,150,,,0,30,,18286,150,,,0,70,,18287,150,,,0,30,,18288,150,,,0,70,,18289,150,,,0,30,,18290,150,,,0,70,,18291,150,,,0,20,,18292,150,,,0,70,,18293,150,,,0,30,,18294,150,,,0,70,,18295,150,,,0,30,,18296,150,,,0,109,,18297,150,,,0
70900,'Semaine-01',554,,18299,150,0,11 12 13,0,78,,18300,150,0,11 12 13,0,20,,18301,150,0,11 12 13,0,7,,18302,150,0,11 12 13,0,78,,18303,150,0,11 12 13,0,19,,18304,150,0,11 12 13,0,65,,18305,150,0,11 12 13,0,28,,18306,150,0,11 12 13,0,74,,18307,150,0,11 12 13,0,25,,18345,150,0,11 12 13,0,68,,18308,150,0,11 12 13,0,15,,18309,150,0,11 12 13,0,69,,18310,150,0,11 12 13,0,15,,18311,150,0,11 12 13,0,15,,18312,150,0,11 12 13,0,23,,18313,150,0,11 12 13,0,70,,18314,150,0,11 12 13,0,15,,18341,150,0,11 12 13,0,15,,18344,150,0,11 12 13,0,55,,18343,150,0,11 12 13,0,30,,18342,150,0,11 12 13,0,85,,18340,150,0,11 12 13,0,15,,18315,150,0,11 12 13,0,21,,18316,150,0,11 12 13,0,84,,18317,150,,,0,66,,18318,150,,,0,20,,18338,150,,,0,17,,18339,150,,,0,11,,18332,150,,,0,56,,18337,150,,,0,13,,18333,150,,,0,13,,18334,150,,,0,9,,18335,150,,,0,11,,18336,150,,,0,53,,18331,150,,,0,28,,18319,150,,,0,13,,18320,150,,,0,52,,18321,150,,,0,12,,18322,150,,,0,27,,18330,150,,,0,59,,18323,150,,,0,29,,18324,150,,,0,22,,18347,150,,,0,70,,18325,150,,,0,15,,18326,150,,,0,97,,18327,150,,,0,69,,18328,150,,,0,44,,18346,150,,,0,99,,18329,150,,,0,108,,18298,150,,,0
70900,'Week-end-01',639,,18348,150,,,0,65,,18349,150,,,0,15,,18350,150,,,0,30,,18351,150,,,0,70,,18352,150,,,0,30,,18353,150,,,0,70,,18354,150,,,0,30,,18355,150,,,0,70,,18356,150,,,0,30,,18357,150,,,0,70,,18358,150,,,0,30,,18359,150,,,0,70,,18360,150,,,0,30,,18361,150,,,0,70,,18362,150,,,0,30,,18363,150,,,0,70,,18364,150,,,0,30,,18365,150,,,0,70,,18366,150,,,0,30,,18367,150,,,0,70,,18368,150,,,0,30,,18369,150,,,0,70,,18370,150,,,0,30,,18371,150,,,0,70,,18372,150,,,0,30,,18373,150,,,0,70,,18374,150,,,0,30,,18375,150,,,0,70,,18376,150,,,0,30,,18377,150,,,0,70,,18378,150,,,0,30,,18379,150,,,0,70,,18380,150,,,0,20,,18381,150,,,0,70,,18382,150,,,0,30,,18383,150,,,0,70,,18384,150,,,0,30,,18385,150,,,0,109,,18386,150,,,0
