23300,'Fête-1-05',919,,10926,,,0,200,,10928,,,0,201,,10924,,,0,203,,10929,,,0,200,,10927,,,0,197,,10925,,,0,200,,10922,,,0
23300,'Fête-2-04',650,,10930,,,0,102,,10931,,,0,105,,10942,,,0,96,,10943,,,0,170,,10932,,,0,200,,10933,,,0,200,,10934,,,0,35,,10935,,,0,144,,10936,,,0,105,,10937,,,0,100,,10941,,,0,101,,10938,,,0,115,,10939,,,0
23300,'Semaine-52',650,,10944,,,0,102,,10945,,,0,105,,10956,,,0,96,,10957,,,0,170,,10946,,,0,200,,10947,,,0,200,,10948,,,0,35,,10949,,,0,144,,10950,,,0,105,,10951,,,0,100,,10955,,,0,101,,10952,,,0,115,,10953,,,0
23300,'Week-end-52',919,,10962,,,0,200,,10964,,,0,201,,10960,,,0,203,,10965,,,0,200,,10963,,,0,197,,10961,,,0,200,,10958,,,0
23400,'Fête-1-05',825,,10973,,,0,196,,10971,,,0,200,,10969,,,0,203,,10966,,,0,201,,10968,,,0,195,,10967,,,0,200,,10972,,,0,200,,10970,,,0
23400,'Fête-2-04',552,,10985,,,0,66,,10984,,,0,100,,10974,,,0,105,,10987,,,0,99,,10975,,,0,101,,10976,,,0,200,,10977,,,0,200,,10978,,,0,204,,10979,,,0,107,,10980,,,0,103,,10981,,,0,91,,10986,,,0,97,,10982,,,0,198,,10983,,,0
23400,'Semaine-52',552,,10999,,,0,66,,10998,,,0,100,,10988,,,0,105,,11001,,,0,99,,10989,,,0,101,,10990,,,0,200,,10991,,,0,200,,10992,,,0,204,,10993,,,0,107,,10994,,,0,103,,10995,,,0,91,,11000,,,0,97,,10996,,,0,198,,10997,,,0
23400,'Week-end-52',825,,11009,,,0,196,,11007,,,0,200,,11005,,,0,203,,11002,,,0,201,,11004,,,0,195,,11003,,,0,200,,11008,,,0,200,,11006,,,0
23900,'Fête-1-05',826,,11397,,,0,85,,11382,,,0,103,,11390,,,0,106,,11391,,,0,104,,11392,,,0,100,,11393,,,0,100,,11394,,,0,100,,11395,,,0,100,,11388,,,0,96,,11384,,,0,98,,11383,,,0,96,,11385,,,0,96,,11386,,,0,100,,11387,,,0,100,,11389,,,0
23900,'Fête-2-04',600,,11414,0,31 13,0,26,,11411,0,31 13,0,26,,11398,,,0,58,,11399,,,0,39,,11400,,,0,71,,11401,,,0,34,,11415,,,0,67,,11412,,,0,95,,11402,,,0,100,,11403,,,0,102,,11404,,,0,105,,11405,,,0,100,,11406,,,0,98,,11407,,,0,103,,11408,,,0,35,,11409,,,0,66,,11420,,,0,76,,11421,,,0,21,,11416,,,0,81,,11413,,,0,22,,11410,,,0,88,,11422,,,0,99,,11419,,,0,98,,11418,,,0
23900,'Semaine-52',600,,11439,0,31 13,0,26,,11436,0,31 13,0,26,,11423,,,0,58,,11424,,,0,39,,11425,,,0,71,,11426,,,0,34,,11440,,,0,67,,11437,,,0,95,,11427,,,0,100,,11428,,,0,102,,11429,,,0,105,,11430,,,0,100,,11431,,,0,98,,11432,,,0,103,,11433,,,0,35,,11434,,,0,66,,11445,,,0,76,,11446,,,0,21,,11441,,,0,81,,11438,,,0,22,,11435,,,0,88,,11447,,,0,99,,11444,,,0,98,,11443,,,0
23900,'Week-end-52',826,,11463,,,0,85,,11448,,,0,103,,11456,,,0,106,,11457,,,0,104,,11458,,,0,100,,11459,,,0,100,,11460,,,0,100,,11461,,,0,100,,11454,,,0,96,,11450,,,0,98,,11449,,,0,96,,11451,,,0,96,,11452,,,0,100,,11453,,,0,100,,11455,,,0
