25001,'Fête-1-05',722,,4425,290,,,0,99,,4409,290,,,0,30,,4412,290,,,0,99,,4419,290,,,0,70,,4420,290,,,0,101,,4411,290,,,0,30,,4414,290,,,0,100,,4422,290,,,0,70,,4423,290,,,0,100,,4410,290,,,0,29,,4421,290,,,0,100,,4413,290,,,0,71,,4418,290,,,0,101,,4424,290,,,0,30,,4415,290,,,0,100,,4416,290,,,0,70,,4408,290,,,0,101,,4417,290,,,0,30,,4426,290,,,0,101,,4407,290,,,0,70,,4427,290,,,0
25001,'Fête-2-04',547,,4428,290,,,0,65,,4429,290,,,0,28,,4430,290,,,0,62,,4431,290,,,0,45,,4432,290,,,0,96,,4433,290,,,0,71,,4434,290,,,0,96,,4435,290,,,0,100,,4436,290,,,0,103,,4437,290,,,0,100,,4438,290,,,0,102,,4439,290,,,0,115,,4440,290,,,0,99,,4441,290,,,0,26,,4442,290,,,0,70,,4443,290,,,0,28,,4444,290,,,0,83,,4445,290,,,0,87,,4446,290,,,0,108,,4447,290,,,0,93,,4448,290,,,0,101,,4449,290,,,0
25001,'Semaine-52',547,,4450,290,,,0,64,,4451,290,,,0,29,,4452,290,,,0,62,,4453,290,,,0,45,,4454,290,,,0,62,,4455,290,,,0,34,,4456,290,,,0,71,,4457,290,,,0,37,,4458,290,,,0,59,,4459,290,,,0,100,,4460,290,,,0,103,,4461,290,,,0,100,,4462,290,,,0,102,,4463,290,,,0,115,,4464,290,,,0,24,,4465,290,,,0,75,,4466,290,,,0,26,,4467,290,,,0,70,,4468,290,,,0,28,,4469,290,,,0,82,,4470,290,,,0,88,,4471,290,,,0,107,,4472,290,,,0,94,,4473,290,,,0,101,,4474,290,,,0
25001,'Week-end-52',722,,4493,290,,,0,99,,4477,290,,,0,30,,4480,290,,,0,99,,4487,290,,,0,70,,4488,290,,,0,101,,4479,290,,,0,30,,4482,290,,,0,100,,4490,290,,,0,70,,4491,290,,,0,100,,4478,290,,,0,29,,4489,290,,,0,100,,4481,290,,,0,71,,4486,290,,,0,101,,4492,290,,,0,30,,4483,290,,,0,100,,4484,290,,,0,70,,4476,290,,,0,101,,4485,290,,,0,30,,4494,290,,,0,101,,4475,290,,,0,70,,4495,290,,,0
31700,'Fête-2-04',658,,5599,250,0,11 23,0,70,,5600,250,0,11 23,0,110,,5601,250,0,11 23,0,290,,5602,250,0,11 23,0,300,,5603,250,0,11 23,0
31700,'Semaine-52',658,,5605,250,0,11 23,0,70,,5606,250,0,11 23,0,110,,5607,250,0,11 23,0,290,,5608,250,0,11 23,0,300,,5609,250,0,11 23,0
31701,'Fête-2-04',1238,,5613,260,0,24,0,270,,5618,260,0,24,0,100,,5614,260,0,24,0,130,,5615,260,0,24,0,100,,5616,260,0,24,0,475,,5617,260,0,24,0
31701,'Semaine-52',1238,,5620,260,0,24,0,270,,5625,260,0,24,0,100,,5621,260,0,24,0,130,,5622,260,0,24,0,100,,5623,260,0,24,0,475,,5624,260,0,24,0
51401,'Fête-2-04',537,,6100,290,,,0,95,,6101,290,,,0,74,,6102,290,,,0
51401,'Semaine-52',537,,6103,290,,,0,95,,6104,290,,,0,74,,6105,290,,,0
