22701,'Fête-1-04',932,,7658,620,,,0,200,,7659,620,,,0,200,,7660,620,,,0,200,,7661,620,,,0,200,,7662,620,,,0,200,,7663,620,,,0,200,,7664,620,,,0
22701,'Semaine-03',541,,7665,320,0,6 7,0,70,,7666,320,0,6 7,0,21,,7667,620,,,0,70,,7668,620,,,0,35,,7669,620,,,0,70,,7670,620,,,0,30,,7671,620,,,0,96,,7672,620,,,0,100,,7673,620,,,0,100,,7674,620,,,0,100,,7675,620,,,0,100,,7676,620,,,0,100,,7677,620,,,0,100,,7678,620,,,0,104,,7679,620,,,0,85,,7680,620,,,0,30,,7681,620,,,0,70,,7682,620,,,0,25,,7683,620,,,0,70,,7684,620,,,0,30,,7685,620,,,0,85,,7686,620,,,0,100,,7687,620,,,0,100,,7688,620,,,0
22701,'Week-end-03',932,,7690,620,,,0,200,,7691,620,,,0,200,,7692,620,,,0,200,,7693,620,,,0,200,,7694,620,,,0,200,,7695,620,,,0,200,,7696,620,,,0
22800,'Fête-1-04',835,,7704,630,,,0,200,,7701,630,,,0,200,,7702,630,,,0,200,,7697,630,,,0,200,,7699,630,,,0,200,,7703,630,,,0,200,,7700,630,,,0
22800,'Semaine-03',556,,7705,330,0,6 7,0,70,,7729,330,0,6 7,0,24,,7706,630,,,0,77,,7707,630,,,0,30,,7708,630,,,0,70,,7709,630,,,0,85,,7710,630,,,0,93,,7711,630,,,0,100,,7712,630,,,0,100,,7713,630,,,0,100,,7714,630,,,0,100,,7715,630,,,0,100,,7716,630,,,0,100,,7717,630,,,0,107,,7718,630,,,0,30,,7719,630,,,0,70,,7720,630,,,0,30,,7721,630,,,0,70,,7722,630,,,0,23,,7723,630,,,0,70,,7724,630,,,0,100,,7725,630,,,0,100,,7726,630,,,0,100,,7727,630,,,0
22800,'Week-end-03',835,,7737,630,,,0,200,,7734,630,,,0,200,,7735,630,,,0,200,,7730,630,,,0,200,,7732,630,,,0,200,,7736,630,,,0,200,,7733,630,,,0
60501,'Semaine-03',1654,,9714,520,,,0,252,,9715,520,,,0
70800,'Fête-1-04',745,,9845,380,,,0,104,,9846,380,,,0,89,,9847,380,,,0,100,,9848,380,,,0,102,,9849,380,,,0,99,,9850,380,,,0,100,,9851,380,,,0,100,,9852,380,,,0,100,,9853,380,,,0,100,,9854,380,,,0,100,,9855,380,,,0,100,,9856,380,,,0,100,,9857,380,,,0,96,,9858,380,,,0,103,,9859,380,,,0,80,,9860,380,,,0,83,,9861,380,,,0,40,,9843,380,,,0,117,,9844,380,,,0
70800,'Semaine-03',606,,9862,380,,,0,30,,9863,380,,,0,70,,9864,380,,,0,30,,9865,380,,,0,70,,9866,380,,,0,15,,9867,380,,,0,17,,9868,380,,,0,70,,9869,380,,,0,31,,9870,380,,,0,69,,9871,380,,,0,30,,9872,380,,,0,70,,9873,380,,,0,30,,9874,380,,,0,70,,9875,380,,,0,30,,9876,380,,,0,70,,9877,380,,,0,30,,9878,380,,,0,70,,9879,380,,,0,30,,9880,380,,,0,70,,9881,380,,,0,30,,9882,380,,,0,68,,9883,380,,,0,7,,9884,380,,,0,23,,9885,380,,,0,7,,9886,380,,,0,63,,9887,380,,,0,7,,9888,380,,,0,23,,9889,380,,,0,7,,9890,380,,,0,63,,9891,380,,,0,7,,9892,380,,,0,23,,9893,380,,,0,3,,9894,380,,,0,67,,9895,380,,,0,30,,9896,380,,,0,70,,9897,380,,,0,30,,9898,380,,,0,70,,9899,380,,,0,30,,9900,380,,,0,20,,9901,380,,,0,70,,9902,380,,,0,89,,9903,380,,,0,92,,9904,380,,,0,100,,9905,380,,,0,100,,9906,380,,,0
70800,'Week-end-03',745,,9909,380,,,0,104,,9910,380,,,0,89,,9911,380,,,0,100,,9912,380,,,0,102,,9913,380,,,0,99,,9914,380,,,0,100,,9915,380,,,0,100,,9916,380,,,0,100,,9917,380,,,0,100,,9918,380,,,0,100,,9919,380,,,0,100,,9920,380,,,0,100,,9921,380,,,0,96,,9922,380,,,0,103,,9923,380,,,0,80,,9924,380,,,0,83,,9925,380,,,0,40,,9907,380,,,0,117,,9908,380,,,0
