22600,'Fête-1-05',814,,10424,,,0,201,,10418,,,0,205,,10419,,,0,198,,10420,,,0,199,,10421,,,0,200,,10425,0,6 7,0,199,,10422,,,0
22600,'Fête-2-04',523,,10449,0,6 7,0,30,,10450,0,6 7,0,80,,10426,,,0,70,,10427,,,0,31,,10428,,,0,70,,10429,,,0,46,,10430,,,0,100,,10431,,,0,100,,10432,,,0,100,,10433,,,0,100,,10434,,,0,101,,10435,,,0,100,,10436,,,0,100,,10437,,,0,100,,10438,,,0,70,,10439,,,0,28,,10440,,,0,70,,10441,,,0,30,,10442,,,0,70,,10443,,,0,30,,10444,,,0,98,,10445,,,0,98,,10446,,,0,100,,10447,,,0,98,,10448,,,0
22600,'Semaine-52',523,,10474,0,6 7,0,30,,10475,0,6 7,0,80,,10451,,,0,70,,10452,,,0,31,,10453,,,0,70,,10454,,,0,46,,10455,,,0,100,,10456,,,0,100,,10457,,,0,100,,10458,,,0,100,,10459,,,0,101,,10460,,,0,100,,10461,,,0,100,,10462,,,0,100,,10463,,,0,70,,10464,,,0,28,,10465,,,0,70,,10466,,,0,30,,10467,,,0,70,,10468,,,0,30,,10469,,,0,98,,10470,,,0,98,,10471,,,0,100,,10472,,,0,98,,10473,,,0
22600,'Week-end-52',814,,10482,,,0,201,,10476,,,0,205,,10477,,,0,198,,10478,,,0,199,,10479,,,0,200,,10483,,,0,199,,10480,,,0
22800,'Fête-1-05',826,,10555,,,0,200,,10552,,,0,200,,10553,,,0,200,,10548,,,0,200,,10550,,,0,200,,10554,,,0,200,,10551,,,0
22800,'Fête-2-04',547,,10556,0,6 7,0,70,,10580,0,6 7,0,24,,10557,,,0,76,,10558,,,0,30,,10559,,,0,70,,10560,,,0,85,,10561,,,0,54,,10562,,,0,100,,10563,,,0,100,,10564,,,0,100,,10565,,,0,100,,10566,,,0,100,,10567,,,0,100,,10568,,,0,146,,10569,,,0,30,,10570,,,0,70,,10571,,,0,30,,10572,,,0,70,,10573,,,0,24,,10574,,,0,30,,10575,,,0,100,,10576,,,0,100,,10577,,,0,100,,10578,,,0
22800,'Semaine-52',547,,10581,0,6 7,0,70,,10605,0,6 7,0,24,,10582,,,0,76,,10583,,,0,30,,10584,,,0,70,,10585,,,0,85,,10586,,,0,54,,10587,,,0,100,,10588,,,0,100,,10589,,,0,100,,10590,,,0,100,,10591,,,0,100,,10592,,,0,100,,10593,,,0,146,,10594,,,0,30,,10595,,,0,70,,10596,,,0,30,,10597,,,0,70,,10598,,,0,24,,10599,,,0,30,,10600,,,0,100,,10601,,,0,100,,10602,,,0,100,,10603,,,0
22800,'Week-end-52',826,,10613,,,0,200,,10610,,,0,200,,10611,,,0,200,,10606,,,0,200,,10608,,,0,200,,10612,,,0,200,,10609,,,0
70801,'Fête-1-05',632,,14240,,,0,98,,14256,,,0,74,,14241,,,0,100,,14242,,,0,51,,14243,,,0,100,,14244,,,0,100,,14245,,,0,100,,14246,,,0,100,,14247,,,0,100,,14248,,,0,100,,14249,,,0,100,,14250,,,0,100,,14251,,,0,100,,14252,,,0,102,,14253,,,0,100,,14254,,,0,100,,14255,,,0,80,,14238,,,0,118,,14239,,,0
70801,'Fête-2-04',442,,14257,,,0,69,,14258,,,0,45,,14259,,,0,70,,14260,,,0,30,,14261,,,0,70,,14262,,,0,30,,14263,,,0,70,,14264,,,0,30,,14265,,,0,100,,14266,,,0,100,,14267,,,0,100,,14268,,,0,100,,14269,,,0,100,,14270,,,0,100,,14271,,,0,100,,14272,,,0,70,,14273,,,0,30,,14274,,,0,70,,14275,,,0,30,,14276,,,0,70,,14277,,,0,30,,14278,,,0,100,,14279,,,0,100,,14280,,,0,100,,14281,,,0,100,,14282,,,0,96,,14283,,,0,100,,14289,,,0
70801,'Semaine-52',442,,14290,,,0,69,,14291,,,0,45,,14292,,,0,70,,14293,,,0,25,,14333,,,0,5,,14294,,,0,70,,14295,,,0,30,,14296,,,0,70,,14297,,,0,30,,14298,,,0,70,,14299,,,0,30,,14300,,,0,70,,14301,,,0,30,,14302,,,0,70,,14303,,,0,30,,14304,,,0,70,,14305,,,0,30,,14306,,,0,70,,14307,,,0,30,,14308,,,0,70,,14309,,,0,30,,14310,,,0,70,,14311,,,0,30,,14312,,,0,70,,14313,,,0,30,,14314,,,0,70,,14315,,,0,30,,14316,,,0,70,,14317,,,0,30,,14318,,,0,70,,14319,,,0,30,,14320,,,0,70,,14321,,,0,30,,14322,,,0,100,,14323,,,0,100,,14324,,,0,96,,14325,,,0,100,,14332,,,0
70801,'Week-end-52',632,,14336,,,0,98,,14352,,,0,74,,14337,,,0,100,,14338,,,0,51,,14339,,,0,100,,14340,,,0,100,,14341,,,0,100,,14342,,,0,100,,14343,,,0,100,,14344,,,0,100,,14345,,,0,100,,14346,,,0,100,,14347,,,0,100,,14348,,,0,102,,14349,,,0,100,,14350,,,0,100,,14351,,,0,80,,14334,,,0,118,,14335,,,0
