22001,'Fête-1-01',832,,15846,800,,,0,200,,15843,800,,,0,199,,15841,800,,,0,200,,15842,800,,,0,200,,15840,800,,,0,201,,15845,800,,,0,200,,15844,800,,,0
22001,'Semaine-01',541,,15847,470,0,6 7,0,70,,15848,470,0,6 7,0,27,,15849,800,,,0,70,,15850,800,,,0,31,,15851,800,,,0,71,,15852,800,,,0,31,,15853,800,,,0,69,,15854,800,,,0,99,,15855,800,,,0,100,,15856,800,,,0,100,,15857,800,,,0,100,,15858,800,,,0,100,,15859,800,,,0,101,,15860,800,,,0,100,,15861,800,,,0,102,,15862,800,,,0,30,,15863,800,,,0,69,,15864,800,,,0,30,,15865,800,,,0,68,,15866,800,,,0,27,,15867,800,,,0,70,,15868,800,,,0,100,,15869,800,,,0,99,,15870,800,,,0,100,,15871,800,,,0
22001,'Week-end-01',832,,15880,800,,,0,200,,15877,800,,,0,199,,15875,800,,,0,200,,15876,800,,,0,200,,15874,800,,,0,201,,15879,800,,,0,200,,15878,800,,,0
22100,'Fête-1-01',933,,15881,800,,,0,200,,15885,800,,,0,200,,15886,800,,,0,200,,15887,800,,,0,198,,15882,800,,,0,200,,15884,800,,,0,200,,15883,800,,,0
22100,'Semaine-01',555,,15889,410,0,6 7,0,70,,15890,410,0,6 7,0,31,,15891,800,,,0,70,,15888,800,,,0,31,,15892,800,,,0,70,,15893,800,,,0,30,,15894,800,,,0,85,,15895,800,,,0,100,,15896,800,,,0,100,,15897,800,,,0,100,,15898,800,,,0,100,,15899,800,,,0,100,,15900,800,,,0,100,,15901,800,,,0,100,,15902,800,,,0,85,,15903,800,,,0,30,,15904,800,,,0,70,,15905,800,,,0,29,,15906,800,,,0,67,,15907,800,,,0,30,,15908,800,,,0,85,,15909,800,,,0,99,,15910,800,,,0,100,,15911,800,,,0
22100,'Week-end-01',933,,15912,800,,,0,200,,15916,800,,,0,200,,15917,800,,,0,200,,15918,800,,,0,198,,15913,800,,,0,200,,15915,800,,,0,200,,15914,800,,,0
22201,'Fête-1-01',842,,15933,1000,,,0,100,,15921,1000,,,0,100,,15920,1000,,,0,100,,15919,1000,,,0,100,,15922,1000,,,0,100,,15923,1000,,,0,100,,15924,1000,,,0,100,,15925,1000,,,0,100,,15926,1000,,,0,100,,15927,1000,,,0,100,,15928,1000,,,0,100,,15929,1000,,,0,100,,15930,1000,,,0,100,,15931,1000,,,0
22201,'Semaine-01',608,,15954,510,0,6 7,0,23,,15951,1000,,,0,80,,15934,1000,,,0,30,,15952,1000,,,0,82,,15935,1000,,,0,80,,15936,1000,,,0,108,,15937,1000,,,0,100,,15938,1000,,,0,100,,15939,1000,,,0,100,,15940,1000,,,0,100,,15941,1000,,,0,100,,15942,1000,,,0,100,,15943,1000,,,0,102,,15944,1000,,,0,40,,15953,1000,,,0,75,,15945,1000,,,0,80,,15946,1000,,,0,103,,15947,1000,,,0,100,,15948,1000,,,0,100,,15949,1000,,,0
22201,'Week-end-01',842,,15969,1000,,,0,100,,15957,1000,,,0,100,,15956,1000,,,0,100,,15955,1000,,,0,100,,15958,1000,,,0,100,,15959,1000,,,0,100,,15960,1000,,,0,100,,15961,1000,,,0,100,,15962,1000,,,0,100,,15963,1000,,,0,100,,15964,1000,,,0,100,,15965,1000,,,0,100,,15966,1000,,,0,100,,15967,1000,,,0
22501,'Fête-1-01',935,,15970,650,,,0,204,,15971,650,,,0,201,,15972,650,,,0,200,,15973,650,,,0,197,,15974,650,,,0,197,,15975,650,,,0,198,,15976,650,,,0
22501,'Semaine-01',557,,15977,360,0,6 7,0,83,,15978,650,,,0,70,,15979,650,,,0,32,,15980,650,,,0,80,,15981,650,,,0,80,,15982,650,,,0,40,,15983,650,,,0,96,,15984,650,,,0,103,,15985,650,,,0,100,,15986,650,,,0,99,,15987,650,,,0,102,,15988,650,,,0,100,,15989,650,,,0,100,,15990,650,,,0,90,,15991,650,,,0,80,,15992,650,,,0,40,,15993,650,,,0,70,,15994,650,,,0,30,,15995,650,,,0,85,,15996,650,,,0,100,,15997,650,,,0,98,,15998,650,,,0
22501,'Week-end-01',935,,15999,650,,,0,204,,16000,650,,,0,201,,16001,650,,,0,200,,16002,650,,,0,197,,16003,650,,,0,197,,16004,650,,,0,198,,16005,650,,,0
60001,'Fête-1-01',842,,17946,850,,,0,100,,17945,850,,,0,100,,17943,850,,,0,100,,17944,850,,,0,100,,17941,850,,,0,100,,17942,850,,,0,100,,17938,850,,,0,100,,17939,850,,,0,100,,17940,850,,,0,100,,17937,850,,,0,100,,17934,850,,,0,100,,17935,850,,,0,100,,17936,850,,,0,100,,17932,850,,,0,89,,17933,850,,,0,185,,17931,850,,,0
60001,'Semaine-01',541,,17966,430,,,0,70,,17967,430,,,0,30,,17968,430,,,0,70,,17969,720,,,0,97,,17947,850,,,0,32,,17948,850,,,0,100,,17949,850,,,0,98,,17950,850,,,0,98,,17951,850,,,0,170,,17952,850,,,0,100,,17953,850,,,0,30,,17954,850,,,0,100,,17955,850,,,0,105,,17956,850,,,0,100,,17957,850,,,0,70,,17958,850,,,0,30,,17959,850,,,0,100,,17960,850,,,0,93,,17961,850,,,0,100,,17962,850,,,0,100,,17963,850,,,0,100,,17964,850,,,0,100,,17965,850,,,0
60001,'Week-end-01',842,,17985,850,,,0,100,,17984,850,,,0,100,,17982,850,,,0,100,,17983,850,,,0,100,,17980,850,,,0,100,,17981,850,,,0,100,,17977,850,,,0,100,,17978,850,,,0,100,,17979,850,,,0,100,,17976,850,,,0,100,,17973,850,,,0,100,,17974,850,,,0,100,,17975,850,,,0,100,,17971,850,,,0,89,,17972,850,,,0,185,,17970,850,,,0
