22701,'Fête-1-06',852,,10509,60,,,0,200,,10510,60,,,0,200,,10511,60,,,0,200,,10512,60,,,0,200,,10513,60,,,0,200,,10514,60,,,0,200,,10515,60,,,0
22701,'Semaine-53',552,,10518,60,,,0,70,,10519,60,,,0,31,,10520,60,,,0,70,,10521,60,,,0,30,,10522,60,,,0,99,,10523,60,,,0,100,,10524,60,,,0,100,,10525,60,,,0,100,,10526,60,,,0,100,,10527,60,,,0,100,,10528,60,,,0,100,,10529,60,,,0,101,,10530,60,,,0,85,,10531,60,,,0,70,,10532,60,,,0,30,,10533,60,,,0,69,,10534,60,,,0,30,,10535,60,,,0,70,,10536,60,,,0,45,,10537,60,,,0,100,,10538,60,,,0,100,,10539,60,,,0,100,,10540,60,0,8 14 1 15 16 17,0
22701,'Week-end-53',852,,10541,60,,,0,200,,10542,60,,,0,200,,10543,60,,,0,200,,10544,60,,,0,200,,10545,60,,,0,200,,10546,60,,,0,200,,10547,60,,,0
22800,'Fête-1-06',752,,10555,60,,,0,200,,10552,60,,,0,200,,10553,60,,,0,200,,10548,60,,,0,200,,10550,60,,,0,200,,10554,60,,,0,200,,10551,60,,,0,200,,10549,60,0,8 14 1 18 19,0
22800,'Semaine-53',607,,10557,60,,,0,30,,10558,60,,,0,70,,10559,60,,,0,30,,10560,60,,,0,85,,10561,60,,,0,100,,10562,60,,,0,100,,10563,60,,,0,100,,10564,60,,,0,100,,10565,60,,,0,100,,10566,60,,,0,100,,10567,60,,,0,100,,10568,60,,,0,100,,10569,60,,,0,30,,10570,60,,,0,70,,10571,60,,,0,30,,10572,60,,,0,70,,10573,60,,,0,30,,10574,60,,,0,70,,10575,60,,,0,100,,10576,60,,,0,100,,10577,60,,,0,100,,10578,60,,,0,100,,10579,60,0,8 14 1 18 19,0
22800,'Week-end-53',752,,10588,60,,,0,200,,10585,60,,,0,200,,10586,60,,,0,200,,10581,60,,,0,200,,10583,60,,,0,200,,10587,60,,,0,200,,10584,60,,,0,200,,10582,60,0,8 14 1 18 19,0
60500,'Semaine-53',642,,12883,60,,,0,205,,12884,60,,,0
70801,'Fête-1-06',628,,13099,60,,,0,99,,13115,60,,,0,74,,13100,60,,,0,100,,13101,60,,,0,51,,13102,60,,,0,100,,13103,60,,,0,100,,13104,60,,,0,100,,13105,60,,,0,100,,13106,60,,,0,100,,13107,60,,,0,100,,13108,60,,,0,100,,13109,60,,,0,100,,13110,60,,,0,100,,13111,60,,,0,101,,13112,60,,,0,100,,13113,60,,,0,100,,13114,60,,,0,80,,13097,60,,,0,118,,13098,60,,,0
70801,'Semaine-53',438,,13116,60,,,0,69,,13117,60,,,0,45,,13118,60,,,0,70,,13119,60,,,0,25,,13159,60,,,0,5,,13120,60,,,0,70,,13121,60,,,0,30,,13122,60,,,0,70,,13123,60,,,0,30,,13124,60,,,0,70,,13125,60,,,0,30,,13126,60,,,0,70,,13127,60,,,0,30,,13128,60,,,0,70,,13129,60,,,0,30,,13130,60,,,0,70,,13131,60,,,0,30,,13132,60,,,0,70,,13133,60,,,0,30,,13134,60,,,0,70,,13135,60,,,0,30,,13136,60,,,0,70,,13137,60,,,0,30,,13138,60,,,0,70,,13139,60,,,0,30,,13140,60,,,0,70,,13141,60,,,0,30,,13142,60,,,0,70,,13143,60,,,0,30,,13144,60,,,0,70,,13145,60,,,0,30,,13146,60,,,0,70,,13147,60,,,0,30,,13148,60,,,0,100,,13149,60,,,0,100,,13150,60,,,0,96,,13151,60,,,0,100,,13158,60,,,0
70801,'Week-end-53',628,,13162,60,,,0,99,,13178,60,,,0,74,,13163,60,,,0,100,,13164,60,,,0,51,,13165,60,,,0,100,,13166,60,,,0,100,,13167,60,,,0,100,,13168,60,,,0,100,,13169,60,,,0,100,,13170,60,,,0,100,,13171,60,,,0,100,,13172,60,,,0,100,,13173,60,,,0,100,,13174,60,,,0,101,,13175,60,,,0,100,,13176,60,,,0,100,,13177,60,,,0,80,,13160,60,,,0,118,,13161,60,,,0
