23001,'Fête-1-05',812,,3051,150,,,0,101,,3063,150,,,0,100,,3052,150,,,0,101,,3057,150,,,0,102,,3064,150,,,0,100,,3058,150,,,0,100,,3059,150,,,0,99,,3060,150,,,0,100,,3062,150,,,0,99,,3055,150,,,0,100,,3056,150,,,0,98,,3061,150,,,0,99,,3054,150,,,0,100,,3053,150,,,0,100,,3050,150,,,0
23001,'Fête-2-04',617,,3073,150,,,0,32,,3066,150,,,0,70,,3067,150,,,0,30,,3068,150,,,0,70,,3069,150,,,0,29,,3070,150,,,0,70,,3071,150,,,0,100,,3072,150,,,0,100,,3082,150,,,0,100,,3083,150,,,0,100,,3084,150,,,0,100,,3085,150,,,0,100,,3086,150,,,0,101,,3088,150,,,0,30,,3078,150,,,0,70,,3079,150,,,0,30,,3080,150,,,0,70,,3081,150,,,0,28,,3077,150,,,0,70,,3087,150,,,0,30,,3076,150,,,0,100,,3075,150,,,0,100,,3074,150,,,0,100,,3065,150,,,0
23001,'Semaine-52',617,,3097,150,,,0,32,,3090,150,,,0,70,,3091,150,,,0,30,,3092,150,,,0,70,,3093,150,,,0,29,,3094,150,,,0,70,,3095,150,,,0,100,,3096,150,,,0,100,,3106,150,,,0,100,,3107,150,,,0,100,,3108,150,,,0,100,,3109,150,,,0,100,,3110,150,,,0,101,,3112,150,,,0,30,,3102,150,,,0,70,,3103,150,,,0,30,,3104,150,,,0,70,,3105,150,,,0,28,,3101,150,,,0,70,,3111,150,,,0,30,,3100,150,,,0,100,,3099,150,,,0,100,,3098,150,,,0,100,,3089,150,,,0
23001,'Week-end-52',812,,3114,150,,,0,101,,3126,150,,,0,100,,3115,150,,,0,101,,3120,150,,,0,102,,3127,150,,,0,100,,3121,150,,,0,100,,3122,150,,,0,99,,3123,150,,,0,100,,3125,150,,,0,99,,3118,150,,,0,100,,3119,150,,,0,98,,3124,150,,,0,99,,3117,150,,,0,100,,3116,150,,,0,100,,3113,150,,,0
23701,'Fête-1-05',905,,3602,40,,,0,98,,3593,40,,,0,101,,3599,40,,,0,100,,3601,40,,,0,100,,3590,40,,,0,100,,3592,40,,,0,100,,3591,40,,,0,100,,3598,40,,,0,100,,3594,40,,,0,100,,3596,40,,,0,100,,3597,40,,,0,101,,3600,40,,,0,99,,3595,40,,,0,100,,3603,40,,,0
23701,'Fête-2-04',557,,3624,40,,,0,73,,3605,40,,,0,73,,3625,40,,,0,33,,3619,40,,,0,64,,3620,40,,,0,33,,3606,40,,,0,100,,3622,40,,,0,98,,3621,40,,,0,100,,3607,40,,,0,100,,3608,40,,,0,100,,3609,40,,,0,100,,3610,40,,,0,105,,3611,40,,,0,100,,3612,40,,,0,73,,3616,40,,,0,33,,3613,40,,,0,109,,3617,40,,,0,150,,3614,40,,,0,100,,3618,40,,,0,100,,3615,40,,,0
23701,'Semaine-52',557,,3645,40,,,0,73,,3626,40,,,0,73,,3646,40,,,0,33,,3640,40,,,0,64,,3641,40,,,0,33,,3627,40,,,0,100,,3643,40,,,0,98,,3642,40,,,0,100,,3628,40,,,0,100,,3629,40,,,0,100,,3630,40,,,0,100,,3631,40,,,0,105,,3632,40,,,0,100,,3633,40,,,0,73,,3637,40,,,0,33,,3634,40,,,0,109,,3638,40,,,0,150,,3635,40,,,0,100,,3639,40,,,0,100,,3636,40,,,0
23701,'Week-end-52',905,,3659,40,,,0,98,,3650,40,,,0,101,,3656,40,,,0,100,,3658,40,,,0,100,,3647,40,,,0,100,,3649,40,,,0,100,,3648,40,,,0,100,,3655,40,,,0,100,,3651,40,,,0,100,,3653,40,,,0,100,,3654,40,,,0,101,,3657,40,,,0,99,,3652,40,,,0,100,,3660,40,,,0
70901,'Fête-1-05',553,,6906,40,,,0,70,,6907,40,,,0,29,,6908,40,,,0,70,,6909,40,,,0,30,,6910,40,,,0,55,,6911,40,,,0,30,,6912,40,,,0,70,,6913,40,,,0,30,,6914,40,,,0,70,,6915,40,,,0,30,,6916,40,,,0,70,,6917,40,,,0,30,,6918,40,,,0,70,,6919,40,,,0,30,,6920,40,,,0,70,,6921,40,,,0,30,,6922,40,,,0,70,,6923,40,,,0,30,,6924,40,,,0,70,,6925,40,,,0,30,,6926,40,,,0,70,,6927,40,,,0,30,,6928,40,,,0,70,,6929,40,,,0,30,,6930,40,,,0,70,,6931,40,,,0,31,,6932,40,,,0,70,,6933,40,,,0,30,,6934,40,,,0,71,,6935,40,,,0,30,,6936,40,,,0,70,,6937,40,,,0,30,,6938,40,,,0,71,,6939,40,,,0,30,,6940,40,,,0,70,,6941,40,,,0,111,,6942,40,,,0
70901,'Fête-2-04',422,,6947,40,,,0,30,,6992,40,,,0,60,,6944,40,,,0,10,,6943,40,,,0,10,,6945,40,,,0,10,,6946,40,,,0,60,,6948,40,,,0,10,,6949,40,,,0,10,,6950,40,,,0,25,,6951,40,,,0,10,,6952,40,,,0,50,,6953,40,,,0,10,,6954,40,,,0,10,,6955,40,,,0,10,,6956,40,,,0,20,,6957,40,,,0,50,,6958,40,,,0,15,,6959,40,,,0,15,,6961,40,,,0,15,,6998,40,,,0,55,,6960,40,,,0,30,,6962,40,,,0,15,,6963,40,,,0,62,,6964,70,,,0,30,,6965,70,,,0,15,,6966,70,,,0,55,,6967,70,,,0,15,,6968,70,,,0,15,,7001,70,,,0,15,,6969,70,,,0,55,,7002,70,,,0,30,,6970,70,,,0,15,,6971,70,,,0,55,,6972,70,,,0,30,,6993,70,,,0,70,,6994,70,,,0,30,,6995,70,,,0,15,,6996,70,,,0,55,,6997,70,,,0,45,,6974,70,,,0,55,,6973,70,,,0,30,,6975,70,,,0,15,,6976,70,,,0,50,,6977,70,,,0,15,,6978,70,,,0,15,,6999,70,,,0,15,,7000,70,,,0,55,,6979,70,,,0,20,,6980,70,,,0,15,,6981,70,,,0,15,,6982,70,,,0,63,,6983,40,,,0,30,,6984,40,,,0,55,,6985,40,,,0,30,,6986,40,,,0,70,,6987,40,,,0,30,,6988,40,,,0,85,,6989,40,,,0,100,,6990,40,,,0,108,,6991,40,,,0
70901,'Semaine-52',422,,7007,40,,,0,30,,7056,40,,,0,60,,7004,40,,,0,10,,7003,40,,,0,10,,7005,40,,,0,10,,7006,40,,,0,10,,7008,40,,,0,50,,7009,40,,,0,10,,7010,40,,,0,10,,7011,40,,,0,15,,7012,40,,,0,10,,7013,40,,,0,10,,7014,40,,,0,50,,7015,40,,,0,10,,7016,40,,,0,10,,7017,40,,,0,10,,7018,40,,,0,10,,7019,40,,,0,10,,7020,40,,,0,50,,7021,40,,,0,15,,7022,40,,,0,15,,7024,40,,,0,15,,7063,40,,,0,55,,7023,40,,,0,30,,7025,40,,,0,15,,7026,40,,,0,62,,7027,70,,,0,30,,7028,70,,,0,15,,7029,70,,,0,55,,7030,70,,,0,15,,7031,70,,,0,15,,7066,70,,,0,15,,7032,70,,,0,55,,7067,70,,,0,30,,7033,70,,,0,15,,7034,70,,,0,55,,7035,70,,,0,30,,7058,70,,,0,70,,7059,70,,,0,30,,7060,70,,,0,15,,7061,70,,,0,55,,7062,70,,,0,30,,7057,70,,,0,15,,7037,70,,,0,55,,7036,70,,,0,15,,7038,70,,,0,15,,7039,70,,,0,15,,7040,70,,,0,50,,7041,70,,,0,15,,7042,70,,,0,15,,7064,70,,,0,15,,7065,70,,,0,55,,7043,70,,,0,20,,7044,70,,,0,15,,7045,70,,,0,15,,7046,70,,,0,63,,7047,40,,,0,30,,7048,40,,,0,55,,7049,40,,,0,30,,7050,40,,,0,70,,7051,40,,,0,30,,7052,40,,,0,85,,7053,40,,,0,100,,7054,40,,,0,108,,7055,40,,,0
70901,'Week-end-52',553,,7068,40,,,0,70,,7069,40,,,0,29,,7070,40,,,0,70,,7071,40,,,0,30,,7072,40,,,0,55,,7073,40,,,0,30,,7074,40,,,0,70,,7075,40,,,0,30,,7076,40,,,0,70,,7077,40,,,0,30,,7078,40,,,0,70,,7079,40,,,0,30,,7080,40,,,0,70,,7081,40,,,0,30,,7082,40,,,0,70,,7083,40,,,0,30,,7084,40,,,0,70,,7085,40,,,0,30,,7086,40,,,0,70,,7087,40,,,0,30,,7088,40,,,0,70,,7089,40,,,0,30,,7090,40,,,0,70,,7091,40,,,0,30,,7092,40,,,0,70,,7093,40,,,0,31,,7094,40,,,0,70,,7095,40,,,0,30,,7096,40,,,0,71,,7097,40,,,0,30,,7098,40,,,0,70,,7099,40,,,0,30,,7100,40,,,0,71,,7101,40,,,0,30,,7102,40,,,0,70,,7103,40,,,0,111,,7104,40,,,0
