30300,'Fête-1-01',839,,17222,20,,,0,100,,17223,20,,,0,100,,17224,20,,,0,100,,17225,20,,,0,100,,17226,20,,,0,100,,17227,20,,,0,100,,17228,20,,,0,100,,17229,20,,,0,100,,17230,20,,,0,100,,17231,20,,,0,100,,17232,20,,,0,100,,17233,20,,,0,100,,17234,20,,,0,100,,17235,20,,,0,100,,17236,20,,,0
30300,'Semaine-01',609,,17237,20,0,51,0,30,,17238,20,0,51,0,70,,17239,20,0,51,0,30,,17240,20,0,51,0,70,,17241,20,0,51,0,30,,17242,20,0,51,0,100,,17253,20,0,51,0,100,,17243,20,0,51,0,100,,17244,20,0,51,0,100,,17245,20,0,51,0,100,,17246,20,0,51,0,100,,17247,20,0,51,0,100,,17248,20,0,51,0,70,,17254,20,0,51,0,30,,17255,20,0,51,0,70,,17249,20,0,51,0,30,,17250,20,0,51,0,70,,17251,20,0,51,0,30,,17252,20,0,51,0,100,,17256,20,0,51,0,100,,17257,20,0,51,0,100,,17258,20,0,51,0,100,,17259,20,0,51,0
30300,'Week-end-01',839,,17260,20,,,0,100,,17261,20,,,0,100,,17262,20,,,0,100,,17263,20,,,0,100,,17264,20,,,0,100,,17265,20,,,0,100,,17266,20,,,0,100,,17267,20,,,0,100,,17268,20,,,0,100,,17269,20,,,0,100,,17270,20,,,0,100,,17271,20,,,0,100,,17272,20,,,0,100,,17273,20,,,0,100,,17274,20,,,0
30600,'Fête-1-01',838,,17327,20,,,0,100,,17328,20,,,0,100,,17329,20,,,0,100,,17330,20,,,0,100,,17331,20,,,0,100,,17332,20,,,0,100,,17333,20,,,0,100,,17334,20,,,0,100,,17335,20,,,0,100,,17336,20,,,0,100,,17337,20,,,0,100,,17338,20,,,0,100,,17339,20,,,0,100,,17340,20,,,0,100,,17341,20,,,0
30600,'Semaine-01',608,,17342,20,,,0,30,,17343,20,,,0,70,,17344,20,,,0,30,,17345,20,,,0,70,,17346,20,,,0,30,,17347,20,,,0,100,,17348,20,,,0,100,,17349,20,,,0,100,,17350,20,,,0,100,,17351,20,,,0,100,,17352,20,,,0,100,,17353,20,,,0,100,,17354,20,,,0,70,,17355,20,,,0,30,,17356,20,,,0,70,,17357,20,,,0,30,,17358,20,,,0,70,,17359,20,,,0,30,,17360,20,,,0,100,,17361,20,,,0,100,,17362,20,,,0,100,,17363,20,,,0,100,,17364,20,,,0
30600,'Week-end-01',838,,17365,20,,,0,100,,17366,20,,,0,100,,17367,20,,,0,100,,17368,20,,,0,100,,17369,20,,,0,100,,17370,20,,,0,100,,17371,20,,,0,100,,17372,20,,,0,100,,17373,20,,,0,100,,17374,20,,,0,100,,17375,20,,,0,100,,17376,20,,,0,100,,17377,20,,,0,100,,17378,20,,,0,100,,17379,20,,,0
30900,'Fête-1-01',840,,17432,20,,,0,100,,17433,20,,,0,100,,17434,20,,,0,100,,17435,20,,,0,100,,17436,20,,,0,100,,17437,20,,,0,100,,17438,20,,,0,100,,17439,20,,,0,100,,17440,20,,,0,100,,17441,20,,,0,100,,17442,20,,,0,100,,17443,20,,,0,100,,17444,20,,,0,100,,17445,20,,,0,100,,17446,20,,,0
30900,'Semaine-01',610,,17447,20,,,0,30,,17448,20,,,0,70,,17449,20,,,0,30,,17450,20,,,0,70,,17451,20,,,0,30,,17452,20,,,0,100,,17453,20,,,0,100,,17454,20,,,0,100,,17455,20,,,0,100,,17456,20,,,0,100,,17457,20,,,0,100,,17458,20,,,0,100,,17459,20,,,0,70,,17460,20,,,0,30,,17461,20,,,0,70,,17462,20,,,0,30,,17463,20,,,0,70,,17464,20,,,0,30,,17465,20,,,0,100,,17466,20,,,0,100,,17467,20,,,0,100,,17468,20,,,0,100,,17469,20,,,0
30900,'Week-end-01',840,,17470,20,,,0,100,,17471,20,,,0,100,,17472,20,,,0,100,,17473,20,,,0,100,,17474,20,,,0,100,,17475,20,,,0,100,,17476,20,,,0,100,,17477,20,,,0,100,,17478,20,,,0,100,,17479,20,,,0,100,,17480,20,,,0,100,,17481,20,,,0,100,,17482,20,,,0,100,,17483,20,,,0,100,,17484,20,,,0
31000,'Fête-1-01',838,,17537,20,,,0,100,,17538,20,,,0,100,,17539,20,,,0,100,,17540,20,,,0,100,,17541,20,,,0,100,,17542,20,,,0,100,,17543,20,,,0,100,,17544,20,,,0,100,,17545,20,,,0,100,,17546,20,,,0,100,,17547,20,,,0,100,,17548,20,,,0,100,,17549,20,,,0,100,,17550,20,,,0,100,,17551,20,,,0
31000,'Semaine-01',608,,17552,20,,,0,30,,17553,20,,,0,70,,17554,20,,,0,30,,17555,20,,,0,70,,17556,20,,,0,30,,17557,20,,,0,100,,17558,20,,,0,100,,17559,20,,,0,100,,17560,20,,,0,100,,17561,20,,,0,100,,17562,20,,,0,100,,17563,20,,,0,100,,17564,20,,,0,70,,17565,20,,,0,30,,17566,20,,,0,70,,17567,20,,,0,30,,17568,20,,,0,70,,17569,20,,,0,30,,17570,20,,,0,100,,17571,20,,,0,100,,17572,20,,,0,100,,17573,20,,,0,100,,17574,20,,,0
31000,'Week-end-01',838,,17575,20,,,0,100,,17576,20,,,0,100,,17577,20,,,0,100,,17578,20,,,0,100,,17579,20,,,0,100,,17580,20,,,0,100,,17581,20,,,0,100,,17582,20,,,0,100,,17583,20,,,0,100,,17584,20,,,0,100,,17585,20,,,0,100,,17586,20,,,0,100,,17587,20,,,0,100,,17588,20,,,0,100,,17589,20,,,0
31100,'Fête-1-01',840,,17642,20,,,0,100,,17643,20,,,0,100,,17644,20,,,0,100,,17645,20,,,0,100,,17646,20,,,0,100,,17647,20,,,0,100,,17648,20,,,0,100,,17649,20,,,0,100,,17650,20,,,0,100,,17651,20,,,0,100,,17652,20,,,0,100,,17653,20,,,0,100,,17654,20,,,0,100,,17655,20,,,0,100,,17656,20,,,0
31100,'Semaine-01',610,,17657,20,,,0,30,,17658,20,,,0,70,,17659,20,,,0,30,,17660,20,,,0,70,,17661,20,,,0,30,,17662,20,,,0,100,,17663,20,,,0,100,,17664,20,,,0,100,,17665,20,,,0,100,,17666,20,,,0,100,,17667,20,,,0,100,,17668,20,,,0,100,,17669,20,,,0,70,,17670,20,,,0,30,,17671,20,,,0,70,,17672,20,,,0,30,,17673,20,,,0,70,,17674,20,,,0,30,,17675,20,,,0,100,,17676,20,,,0,100,,17677,20,,,0,100,,17678,20,,,0,100,,17679,20,,,0
31100,'Week-end-01',840,,17680,20,,,0,100,,17681,20,,,0,100,,17682,20,,,0,100,,17683,20,,,0,100,,17684,20,,,0,100,,17685,20,,,0,100,,17686,20,,,0,100,,17687,20,,,0,100,,17688,20,,,0,100,,17689,20,,,0,100,,17690,20,,,0,100,,17691,20,,,0,100,,17692,20,,,0,100,,17693,20,,,0,100,,17694,20,,,0
31201,'Fête-1-01',839,,17799,20,,,0,100,,17800,20,,,0,100,,17801,20,,,0,100,,17802,20,,,0,100,,17803,20,,,0,100,,17804,20,,,0,100,,17805,20,,,0,100,,17806,20,,,0,100,,17807,20,,,0,100,,17808,20,,,0,100,,17809,20,,,0,100,,17810,20,,,0,100,,17811,20,,,0,100,,17812,20,,,0,100,,17813,20,,,0
31201,'Semaine-01',609,,17814,20,,,0,30,,17815,20,,,0,70,,17816,20,,,0,30,,17817,20,,,0,70,,17818,20,,,0,30,,17819,20,,,0,100,,17820,20,,,0,100,,17821,20,,,0,100,,17822,20,,,0,100,,17823,20,,,0,100,,17824,20,,,0,100,,17825,20,,,0,100,,17826,20,,,0,70,,17827,20,,,0,30,,17828,20,,,0,70,,17829,20,,,0,30,,17830,20,,,0,70,,17831,20,,,0,30,,17832,20,,,0,100,,17833,20,,,0,100,,17834,20,,,0,100,,17835,20,,,0,100,,17836,20,,,0
31201,'Week-end-01',839,,17837,20,,,0,100,,17838,20,,,0,100,,17839,20,,,0,100,,17840,20,,,0,100,,17841,20,,,0,100,,17842,20,,,0,100,,17843,20,,,0,100,,17844,20,,,0,100,,17845,20,,,0,100,,17846,20,,,0,100,,17847,20,,,0,100,,17848,20,,,0,100,,17849,20,,,0,100,,17850,20,,,0,100,,17851,20,,,0
