23000,'Fête-1-05',840,,10616,,,0,100,,10617,,,0,101,,10621,,,0,100,,10622,,,0,100,,10623,,,0,100,,10624,,,0,100,,10625,,,0,100,,10627,,,0,100,,10615,,,0,99,,10614,,,0,100,,10626,,,0,100,,10620,,,0,100,,10619,,,0,100,,10618,,,0,100,,10628,,,0
23000,'Fête-2-04',615,,10634,,,0,29,,10635,,,0,70,,10636,,,0,30,,10637,,,0,70,,10638,,,0,29,,10639,,,0,100,,10640,,,0,100,,10645,,,0,100,,10646,,,0,100,,10647,,,0,100,,10648,,,0,100,,10649,,,0,101,,10651,,,0,70,,10632,,,0,30,,10631,,,0,70,,10630,,,0,30,,10629,,,0,70,,10633,,,0,29,,10650,,,0,70,,10644,,,0,100,,10643,,,0,100,,10642,,,0,100,,10641,,,0
23000,'Semaine-52',615,,10657,,,0,29,,10658,,,0,70,,10659,,,0,30,,10660,,,0,70,,10661,,,0,29,,10662,,,0,100,,10663,,,0,100,,10668,,,0,100,,10669,,,0,100,,10670,,,0,100,,10671,,,0,100,,10672,,,0,101,,10674,,,0,70,,10655,,,0,30,,10654,,,0,70,,10653,,,0,30,,10652,,,0,70,,10656,,,0,29,,10673,,,0,70,,10667,,,0,100,,10666,,,0,100,,10665,,,0,100,,10664,,,0
23000,'Week-end-52',840,,10677,,,0,100,,10678,,,0,101,,10682,,,0,100,,10683,,,0,100,,10684,,,0,100,,10685,,,0,100,,10686,,,0,100,,10688,,,0,100,,10676,,,0,99,,10675,,,0,100,,10687,,,0,100,,10681,,,0,100,,10680,,,0,100,,10679,,,0,100,,10689,,,0
23600,'Fête-1-05',857,,11171,,,0,100,,11162,,,0,100,,11172,,,0,101,,11160,,,0,100,,11168,,,0,100,,11164,,,0,100,,11170,,,0,100,,11161,,,0,100,,11174,,,0,100,,11163,,,0,100,,11169,,,0,100,,11165,,,0,100,,11167,,,0,100,,11166,,,0
23600,'Fête-2-04',631,,11175,,,0,111,,11176,,,0,73,,11194,,,0,33,,11177,,,0,76,,11178,,,0,100,,11179,,,0,100,,11180,,,0,100,,11181,,,0,100,,11182,,,0,100,,11183,,,0,100,,11184,,,0,101,,11185,,,0,16,,11186,,,0,74,,11187,,,0,36,,11188,,,0,80,,11189,,,0,124,,11190,,,0,99,,11191,,,0,100,,11192,,,0
23600,'Semaine-52',631,,11195,,,0,111,,11196,,,0,73,,11214,,,0,33,,11197,,,0,76,,11198,,,0,100,,11199,,,0,100,,11200,,,0,100,,11201,,,0,100,,11202,,,0,100,,11203,,,0,100,,11204,,,0,101,,11205,,,0,16,,11206,,,0,74,,11207,,,0,36,,11208,,,0,80,,11209,,,0,124,,11210,,,0,99,,11211,,,0,100,,11212,,,0
23600,'Week-end-52',857,,11226,,,0,100,,11217,,,0,100,,11227,,,0,101,,11215,,,0,100,,11223,,,0,100,,11219,,,0,100,,11225,,,0,100,,11216,,,0,100,,11229,,,0,100,,11218,,,0,100,,11224,,,0,100,,11220,,,0,100,,11222,,,0,100,,11221,,,0
70900,'Fête-1-05',708,,14353,,,0,25,,14354,,,0,15,,14355,,,0,70,,14356,,,0,30,,14357,,,0,71,,14358,,,0,30,,14359,,,0,70,,14360,,,0,30,,14361,,,0,70,,14362,,,0,31,,14363,,,0,70,,14364,,,0,30,,14365,,,0,70,,14366,,,0,30,,14367,,,0,70,,14368,,,0,30,,14369,,,0,71,,14370,,,0,30,,14371,,,0,70,,14372,,,0,30,,14373,,,0,70,,14374,,,0,30,,14375,,,0,69,,14376,,,0,30,,14377,,,0,70,,14378,,,0,28,,14379,,,0,70,,14380,,,0,30,,14381,,,0,69,,14382,,,0,30,,14383,,,0,70,,14384,,,0,30,,14385,,,0,60,,14386,,,0,29,,14387,,,0,70,,14388,,,0,30,,14389,,,0,70,,14390,,,0,109,,14391,,,0
70900,'Fête-2-04',627,,14393,0,11 12 13,0,79,,14394,0,11 12 13,0,20,,14395,0,11 12 13,0,7,,14396,0,11 12 13,0,19,,14397,0,11 12 13,0,59,,14398,0,11 12 13,0,19,,14399,0,11 12 13,0,13,,14400,0,11 12 13,0,12,,14401,0,11 12 13,0,68,,14402,0,11 12 13,0,19,,14443,0,11 12 13,0,15,,14403,0,11 12 13,0,65,,14442,0,11 12 13,0,28,,14404,0,11 12 13,0,55,,14405,0,11 12 13,0,29,,14406,0,11 12 13,0,15,,14407,0,11 12 13,0,55,,14408,0,11 12 13,0,23,,14409,0,11 12 13,0,31,,14410,0,11 12 13,0,55,,14438,0,11 12 13,0,15,,14441,0,11 12 13,0,15,,14440,0,11 12 13,0,70,,14439,0,11 12 13,0,45,,14437,0,11 12 13,0,55,,14411,0,11 12 13,0,24,,14412,0,11 12 13,0,86,,14413,,,0,14,,14414,,,0,16,,14415,,,0,60,,14435,,,0,17,,14436,,,0,8,,14429,,,0,15,,14434,,,0,51,,14430,,,0,12,,14431,,,0,9,,14432,,,0,10,,14433,,,0,12,,14428,,,0,65,,14416,,,0,13,,14417,,,0,11,,14418,,,0,11,,14419,,,0,67,,14427,,,0,19,,14420,,,0,69,,14421,,,0,22,,14445,,,0,30,,14422,,,0,54,,14423,,,0,97,,14424,,,0,29,,14425,,,0,82,,14444,,,0,99,,14426,,,0,108,,14392,,,0
70900,'Semaine-52',627,,14447,0,11 12 13,0,12,,14505,0,11 12 13,0,67,,14448,0,11 12 13,0,10,,14449,0,11 12 13,0,10,,14450,0,11 12 13,0,7,,14451,0,11 12 13,0,19,,14452,0,11 12 13,0,59,,14453,0,11 12 13,0,10,,14454,0,11 12 13,0,9,,14455,0,11 12 13,0,13,,14456,0,11 12 13,0,12,,14457,0,11 12 13,0,57,,14458,0,11 12 13,0,11,,14459,0,11 12 13,0,19,,14503,0,11 12 13,0,15,,14460,0,11 12 13,0,65,,14502,0,11 12 13,0,15,,14461,0,11 12 13,0,13,,14462,0,11 12 13,0,55,,14463,0,11 12 13,0,29,,14464,0,11 12 13,0,15,,14465,0,11 12 13,0,55,,14466,0,11 12 13,0,23,,14467,0,11 12 13,0,31,,14468,0,11 12 13,0,55,,14498,0,11 12 13,0,15,,14501,0,11 12 13,0,15,,14500,0,11 12 13,0,70,,14499,0,11 12 13,0,45,,14497,0,11 12 13,0,55,,14469,0,11 12 13,0,24,,14470,0,11 12 13,0,86,,14471,,,0,14,,14472,,,0,16,,14473,,,0,60,,14495,,,0,17,,14496,,,0,8,,14489,,,0,15,,14494,,,0,51,,14490,,,0,12,,14491,,,0,9,,14492,,,0,10,,14493,,,0,12,,14488,,,0,53,,14474,,,0,12,,14475,,,0,13,,14476,,,0,11,,14477,,,0,11,,14478,,,0,67,,14487,,,0,19,,14479,,,0,69,,14480,,,0,22,,14506,,,0,30,,14481,,,0,54,,14482,,,0,27,,14483,,,0,70,,14484,,,0,29,,14485,,,0,82,,14504,,,0,99,,14486,,,0,108,,14446,,,0
70900,'Week-end-52',708,,14507,,,0,25,,14508,,,0,15,,14509,,,0,70,,14510,,,0,30,,14511,,,0,71,,14512,,,0,30,,14513,,,0,70,,14514,,,0,30,,14515,,,0,70,,14516,,,0,31,,14517,,,0,70,,14518,,,0,30,,14519,,,0,70,,14520,,,0,30,,14521,,,0,70,,14522,,,0,30,,14523,,,0,71,,14524,,,0,30,,14525,,,0,70,,14526,,,0,30,,14527,,,0,70,,14528,,,0,30,,14529,,,0,69,,14530,,,0,30,,14531,,,0,70,,14532,,,0,28,,14533,,,0,70,,14534,,,0,30,,14535,,,0,69,,14536,,,0,30,,14537,,,0,70,,14538,,,0,30,,14539,,,0,60,,14540,,,0,29,,14541,,,0,70,,14542,,,0,30,,14543,,,0,70,,14544,,,0,109,,14545,,,0
