'LA-A25-LAGTFS-Dimanche-05',25000,80500,,'',0,10000,,'',0,3000,,'',0,10000,,'',0,7000,,'',0,10000,,'',0,3000,,'',0,10000,,'',0,7000,,'',0,10000,,'',0,3000,,'',0,10000,,'',0,7000,,'',0,10000,,'',0,3000,,'',0,10000,,'',0,7000,,'',0,10000,,'',0,3000,,'',0,10000,,'',0,7000,,'',0
'LA-A25-LAGTFS-Dimanche-05',25001,75700,4,'',0,10000,4,'',0,7000,4,'',0,10000,4,'',0,3000,4,'',0,10000,4,'',0,7000,4,'',0,10000,4,'',0,3000,4,'',0,10000,4,'',0,7000,4,'',0,10000,4,'',0,3000,4,'',0,10000,4,'',0,7000,4,'',0,10000,4,'',0,3000,4,'',0,10000,4,'',0,7000,4,'',0,10000,4,'',0,3000,4,'',0
'LA-A25-LAGTFS-Fête-1-03',25000,80500,,'',0,10000,,'',0,3000,,'',0,10000,,'',0,7000,,'',0,10000,,'',0,3000,,'',0,10000,,'',0,7000,,'',0,10000,,'',0,3000,,'',0,10000,,'',0,7000,,'',0,10000,,'',0,3000,,'',0,10000,,'',0,7000,,'',0,10000,,'',0,3000,,'',0,10000,,'',0,7000,,'',0
'LA-A25-LAGTFS-Fête-1-03',25001,75700,4,'',0,10000,4,'',0,7000,4,'',0,10000,4,'',0,3000,4,'',0,10000,4,'',0,7000,4,'',0,10000,4,'',0,3000,4,'',0,10000,4,'',0,7000,4,'',0,10000,4,'',0,3000,4,'',0,10000,4,'',0,7000,4,'',0,10000,4,'',0,3000,4,'',0,10000,4,'',0,7000,4,'',0,10000,4,'',0,3000,4,'',0
'LA-A25-LAGTFS-Samedi-05',25000,80500,,'',0,10000,,'',0,3000,,'',0,10000,,'',0,7000,,'',0,10000,,'',0,3000,,'',0,10000,,'',0,7000,,'',0,10000,,'',0,3000,,'',0,10000,,'',0,7000,,'',0,10000,,'',0,3000,,'',0,10000,,'',0,7000,,'',0,10000,,'',0,3000,,'',0,10000,,'',0,7000,,'',0
'LA-A25-LAGTFS-Samedi-05',25001,75700,4,'',0,10000,4,'',0,7000,4,'',0,10000,4,'',0,3000,4,'',0,10000,4,'',0,7000,4,'',0,10000,4,'',0,3000,4,'',0,10000,4,'',0,7000,4,'',0,10000,4,'',0,3000,4,'',0,10000,4,'',0,7000,4,'',0,10000,4,'',0,3000,4,'',0,10000,4,'',0,7000,4,'',0,10000,4,'',0,3000,4,'',0
'LA-A25-LAGTFS-Semaine-05',25000,63400,,'',0,2300,,'',0,7200,,'',0,2500,,'',0,8100,,'',0,6500,,'',0,10000,,'',0,10000,,'',0,10000,,'',0,10000,,'',0,10000,,'',0,10500,,'',0,4000,,'',0,7300,,'',0,2700,,'',0,6800,,'',0,3000,,'',0,7200,,'',0,3500,,'',0,6000,,'',0,10000,,'',0,10000,,'',0,10000,,'',0,10000,,'',0
'LA-A25-LAGTFS-Semaine-05',25001,62600,4,'',0,2500,4,'',0,7300,4,'',0,2200,4,'',0,8400,4,'',0,2300,4,'',0,7200,4,'',0,2800,4,'',0,7600,4,'',0,1900,4,'',0,10000,4,'',0,10200,4,'',0,10100,4,'',0,10200,4,'',0,15500,4,'',0,2700,4,'',0,7300,4,'',0,2900,4,'',0,7000,4,'',0,2800,4,'',0,7000,4,'',0,9700,4,'',0,10300,4,'',0,9900,4,'',0,9900,4,'',0
'LA-A25-LAGTFS-Semaine-20',25000,63400,,'',0,2300,,'',0,7200,,'',0,2500,,'',0,8100,,'',0,16500,,'',0,10000,,'',0,10000,,'',0,10000,,'',0,10000,,'',0,10500,,'',0,4000,,'',0,7300,,'',0,9500,,'',0,3000,,'',0,7200,,'',0,3500,,'',0,6000,,'',0,10000,,'',0,10000,,'',0,10000,,'',0,10000,,'',0
'LA-A25-LAGTFS-Semaine-20',25001,62600,4,'',0,2500,4,'',0,7300,4,'',0,2200,4,'',0,8400,4,'',0,9500,4,'',0,2800,4,'',0,9500,4,'',0,10000,4,'',0,10200,4,'',0,10100,4,'',0,10200,4,'',0,15500,4,'',0,10000,4,'',0,2900,4,'',0,7000,4,'',0,2800,4,'',0,7000,4,'',0,9700,4,'',0,10300,4,'',0,9900,4,'',0,9900,4,'',0
