23101,'Fête-1-05',857,,10775,,,0,100,,10774,,,0,100,,10776,,,0,100,,10772,,,0,100,,10777,,,0,100,,10771,,,0,100,,10778,,,0,100,,10770,,,0,100,,10779,,,0,100,,10773,,,0,100,,10780,,,0,100,,10769,,,0,100,,10781,,,0,100,,10768,,,0
23101,'Fête-2-04',632,,10783,,,0,70,,10784,,,0,30,,10785,,,0,70,,10786,,,0,30,,10787,,,0,95,,10788,,,0,100,,10789,,,0,100,,10790,,,0,100,,10791,,,0,100,,10792,,,0,100,,10793,,,0,100,,10794,,,0,88,,10795,,,0,27,,10796,,,0,73,,10797,,,0,27,,10798,,,0,73,,10799,,,0,27,,10800,,,0,85,,10801,,,0,100,,10802,,,0,100,,10803,,,0,100,,10804,,,0
23101,'Semaine-52',632,,10806,,,0,70,,10807,,,0,30,,10808,,,0,70,,10809,,,0,30,,10810,,,0,95,,10811,,,0,100,,10812,,,0,100,,10813,,,0,100,,10814,,,0,100,,10815,,,0,100,,10816,,,0,100,,10817,,,0,88,,10818,,,0,27,,10819,,,0,73,,10820,,,0,27,,10821,,,0,73,,10822,,,0,27,,10823,,,0,85,,10824,,,0,100,,10825,,,0,100,,10826,,,0,100,,10827,,,0
23101,'Week-end-52',857,,10836,,,0,100,,10835,,,0,100,,10837,,,0,100,,10833,,,0,100,,10838,,,0,100,,10832,,,0,100,,10839,,,0,100,,10831,,,0,100,,10840,,,0,100,,10834,,,0,100,,10841,,,0,100,,10830,,,0,100,,10842,,,0,100,,10829,,,0
23300,'Fête-1-05',850,,10926,,,0,200,,10928,,,0,199,,10924,,,0,201,,10929,,,0,200,,10927,,,0,198,,10925,,,0,200,,10922,,,0,200,,10923,0,8 41 1 42 43 44,0
23300,'Fête-2-04',615,,10930,,,0,101,,10931,,,0,105,,10942,,,0,97,,10943,,,0,130,,10932,,,0,200,,10933,,,0,200,,10934,,,0,75,,10935,,,0,103,,10936,,,0,105,,10937,,,0,100,,10941,,,0,102,,10938,,,0,115,,10939,,,0,207,,10940,0,8 41 1 42 43 44,0
23300,'Semaine-52',615,,10944,,,0,101,,10945,,,0,105,,10956,,,0,97,,10957,,,0,130,,10946,,,0,200,,10947,,,0,200,,10948,,,0,75,,10949,,,0,103,,10950,,,0,105,,10951,,,0,100,,10955,,,0,102,,10952,,,0,115,,10953,,,0,207,,10954,0,8 41 1 42 43 44,0
23300,'Week-end-52',850,,10962,,,0,200,,10964,,,0,199,,10960,,,0,201,,10965,,,0,200,,10963,,,0,198,,10961,,,0,200,,10958,,,0,200,,10959,0,8 41 1 42 43 44,0
23400,'Fête-1-05',948,,10971,,,0,200,,10969,,,0,201,,10966,,,0,202,,10968,,,0,197,,10967,,,0,200,,10972,,,0,200,,10970,,,0
23400,'Fête-2-04',642,,10974,,,0,104,,10987,,,0,99,,10975,,,0,102,,10976,,,0,200,,10977,,,0,200,,10978,,,0,203,,10979,,,0,107,,10980,,,0,143,,10981,,,0,52,,10986,,,0,97,,10982,,,0,198,,10983,,,0
23400,'Semaine-52',642,,10988,,,0,104,,11001,,,0,99,,10989,,,0,102,,10990,,,0,200,,10991,,,0,200,,10992,,,0,203,,10993,,,0,107,,10994,,,0,143,,10995,,,0,52,,11000,,,0,97,,10996,,,0,198,,10997,,,0
23400,'Week-end-52',948,,11007,,,0,200,,11005,,,0,201,,11002,,,0,202,,11004,,,0,197,,11003,,,0,200,,11008,,,0,200,,11006,,,0
