24601,'Semaine-01',529,,16837,60,,,0,86,,16836,60,,,0,88,,16835,60,,,0,51,,16834,60,,,0,93,,16833,60,,,0,698,,16832,60,,,0,91,,16831,60,,,0,93,,16830,60,,,0,93,,16829,60,,,0,89,,16828,60,,,0
25000,'Fête-1-01',808,,17002,60,,,0,100,,17000,60,,,0,30,,17003,60,,,0,100,,17004,60,,,0,70,,17005,60,,,0,100,,17001,60,,,0,30,,17018,60,,,0,100,,17013,60,,,0,70,,17016,60,,,0,100,,17019,60,,,0,30,,17010,60,,,0,100,,17009,60,,,0,70,,17011,60,,,0,100,,17012,60,,,0,30,,17017,60,,,0,100,,17007,60,,,0,70,,17020,60,,,0,100,,17014,60,,,0,30,,17006,60,,,0,100,,17015,60,,,0,70,,17008,60,,,0
25000,'Semaine-01',636,,17021,60,,,0,23,,17022,60,,,0,74,,17023,60,,,0,25,,17024,60,,,0,81,,17025,60,,,0,164,,17026,60,,,0,101,,17027,60,,,0,100,,17028,60,,,0,100,,17029,60,,,0,100,,17030,60,,,0,106,,17031,60,,,0,90,,17032,60,,,0,24,,17033,60,,,0,98,,17034,60,,,0,26,,17035,60,,,0,71,,17036,60,,,0,34,,17037,60,,,0,70,,17038,60,,,0,90,,17039,60,,,0,104,,17040,60,,,0,96,,17041,60,,,0,100,,17042,60,,,0
25000,'Week-end-01',808,,17045,60,,,0,100,,17043,60,,,0,30,,17046,60,,,0,100,,17047,60,,,0,70,,17048,60,,,0,100,,17044,60,,,0,30,,17061,60,,,0,100,,17056,60,,,0,70,,17059,60,,,0,100,,17062,60,,,0,30,,17053,60,,,0,100,,17052,60,,,0,70,,17054,60,,,0,100,,17055,60,,,0,30,,17060,60,,,0,100,,17050,60,,,0,70,,17063,60,,,0,100,,17057,60,,,0,30,,17049,60,,,0,100,,17058,60,,,0,70,,17051,60,,,0
25100,'Fête-1-01',822,,17143,270,,,0,100,,17141,270,,,0,100,,17144,270,,,0,100,,17140,270,,,0,100,,17139,270,,,0,100,,17142,270,,,0,100,,17135,270,,,0,100,,17138,270,,,0,100,,17134,270,,,0,100,,17136,270,,,0,100,,17132,270,,,0,100,,17137,270,,,0,100,,17129,270,,,0,100,,17130,270,,,0,100,,17131,270,,,0,100,,17133,270,0,8 27 76,0
25100,'Semaine-01',917,,17146,270,,,0,100,,17145,270,,,0,100,,17154,270,,,0,100,,17150,270,,,0,100,,17153,270,,,0,100,,17148,270,,,0,615,,17151,270,,,0,97,,17149,270,,,0,98,,17147,270,,,0,100,,17152,270,0,8 27 76,0
25100,'Week-end-01',822,,17170,270,,,0,100,,17168,270,,,0,100,,17171,270,,,0,100,,17167,270,,,0,100,,17166,270,,,0,100,,17169,270,,,0,100,,17162,270,,,0,100,,17165,270,,,0,100,,17161,270,,,0,100,,17163,270,,,0,100,,17159,270,,,0,100,,17164,270,,,0,100,,17156,270,,,0,100,,17157,270,,,0,100,,17158,270,,,0,100,,17160,270,0,8 27 76,0
60001,'Fête-1-01',756,,17946,30,,,0,100,,17945,30,,,0,100,,17943,30,,,0,100,,17944,30,,,0,100,,17941,30,,,0,100,,17942,30,,,0,100,,17938,30,,,0,100,,17939,30,,,0,100,,17940,30,,,0,100,,17937,30,,,0,100,,17934,30,,,0,100,,17935,30,,,0,100,,17936,30,,,0,100,,17932,30,,,0,89,,17933,30,,,0,185,,17931,30,,,0
60001,'Semaine-01',716,,17947,30,,,0,32,,17948,30,,,0,100,,17949,30,,,0,100,,17950,30,,,0,98,,17951,30,,,0,170,,17952,30,,,0,100,,17953,30,,,0,30,,17954,30,,,0,100,,17955,30,,,0,100,,17956,30,,,0,100,,17957,30,,,0,70,,17958,30,,,0,30,,17959,30,,,0,100,,17960,30,,,0,100,,17961,30,,,0,100,,17962,30,,,0,100,,17963,30,,,0,100,,17964,30,,,0,100,,17965,30,,,0
60001,'Week-end-01',756,,17985,30,,,0,100,,17984,30,,,0,100,,17982,30,,,0,100,,17983,30,,,0,100,,17980,30,,,0,100,,17981,30,,,0,100,,17977,30,,,0,100,,17978,30,,,0,100,,17979,30,,,0,100,,17976,30,,,0,100,,17973,30,,,0,100,,17974,30,,,0,100,,17975,30,,,0,100,,17971,30,,,0,89,,17972,30,,,0,185,,17970,30,,,0
70900,'Fête-1-01',638,,18259,140,,,0,65,,18260,140,,,0,15,,18261,140,,,0,30,,18262,140,,,0,70,,18263,140,,,0,30,,18264,140,,,0,70,,18265,140,,,0,30,,18266,140,,,0,70,,18267,140,,,0,30,,18268,140,,,0,70,,18269,140,,,0,30,,18270,140,,,0,70,,18271,140,,,0,30,,18272,140,,,0,70,,18273,140,,,0,30,,18274,140,,,0,70,,18275,140,,,0,30,,18276,140,,,0,70,,18277,140,,,0,30,,18278,140,,,0,70,,18279,140,,,0,30,,18280,140,,,0,70,,18281,140,,,0,30,,18282,140,,,0,70,,18283,140,,,0,30,,18284,140,,,0,70,,18285,140,,,0,30,,18286,140,,,0,70,,18287,140,,,0,30,,18288,140,,,0,70,,18289,140,,,0,30,,18290,140,,,0,70,,18291,140,,,0,20,,18292,140,,,0,70,,18293,140,,,0,30,,18294,140,,,0,70,,18295,140,,,0,30,,18296,140,,,0,109,,18297,140,,,0
70900,'Semaine-01',554,,18299,140,0,11 12 13,0,78,,18300,140,0,11 12 13,0,20,,18301,140,0,11 12 13,0,7,,18302,140,0,11 12 13,0,78,,18303,140,0,11 12 13,0,19,,18304,140,0,11 12 13,0,65,,18305,140,0,11 12 13,0,28,,18306,140,0,11 12 13,0,74,,18307,140,0,11 12 13,0,25,,18345,140,0,11 12 13,0,68,,18308,140,0,11 12 13,0,15,,18309,140,0,11 12 13,0,69,,18310,140,0,11 12 13,0,15,,18311,140,0,11 12 13,0,15,,18312,140,0,11 12 13,0,23,,18313,140,0,11 12 13,0,70,,18314,140,0,11 12 13,0,15,,18341,140,0,11 12 13,0,15,,18344,140,0,11 12 13,0,55,,18343,140,0,11 12 13,0,30,,18342,140,0,11 12 13,0,85,,18340,140,0,11 12 13,0,15,,18315,140,0,11 12 13,0,21,,18316,140,0,11 12 13,0,84,,18317,140,,,0,66,,18318,140,,,0,20,,18338,140,,,0,17,,18339,140,,,0,11,,18332,140,,,0,56,,18337,140,,,0,13,,18333,140,,,0,13,,18334,140,,,0,9,,18335,140,,,0,11,,18336,140,,,0,53,,18331,140,,,0,27,,18319,140,,,0,13,,18320,140,,,0,52,,18321,140,,,0,12,,18322,140,,,0,27,,18330,140,,,0,59,,18323,140,,,0,29,,18324,140,,,0,22,,18347,140,,,0,70,,18325,140,,,0,15,,18326,140,,,0,97,,18327,140,,,0,69,,18328,140,,,0,44,,18346,140,,,0,99,,18329,140,,,0,108,,18298,140,,,0
70900,'Week-end-01',638,,18348,140,,,0,65,,18349,140,,,0,15,,18350,140,,,0,30,,18351,140,,,0,70,,18352,140,,,0,30,,18353,140,,,0,70,,18354,140,,,0,30,,18355,140,,,0,70,,18356,140,,,0,30,,18357,140,,,0,70,,18358,140,,,0,30,,18359,140,,,0,70,,18360,140,,,0,30,,18361,140,,,0,70,,18362,140,,,0,30,,18363,140,,,0,70,,18364,140,,,0,30,,18365,140,,,0,70,,18366,140,,,0,30,,18367,140,,,0,70,,18368,140,,,0,30,,18369,140,,,0,70,,18370,140,,,0,30,,18371,140,,,0,70,,18372,140,,,0,30,,18373,140,,,0,70,,18374,140,,,0,30,,18375,140,,,0,70,,18376,140,,,0,30,,18377,140,,,0,70,,18378,140,,,0,30,,18379,140,,,0,70,,18380,140,,,0,20,,18381,140,,,0,70,,18382,140,,,0,30,,18383,140,,,0,70,,18384,140,,,0,30,,18385,140,,,0,109,,18386,140,,,0
