24001,'Semaine-01',535,,16706,30,,,0,24,,16707,30,,,0,74,,16708,30,,,0,23,,16709,30,,,0,103,,16710,30,,,0,142,,16711,30,,,0,100,,16712,30,,,0,100,,16713,30,,,0,100,,16714,30,,,0,100,,16715,30,,,0,100,,16716,30,,,0,107,,16717,30,,,0,112,,16718,30,,,0,100,,16719,30,,,0,28,,16720,30,,,0,71,,16721,30,,,0,33,,16722,30,,,0,97,,16723,30,,,0,68,,16724,30,,,0,99,,16725,30,,,0,98,,16726,30,,,0,97,,16727,30,,,0
24300,'Semaine-01',626,,16806,30,,,0,22,,16807,30,,,0,88,,16808,30,,,0,18,,16809,30,,,0,88,,16810,30,,,0,14,,16811,30,,,0,145,,16812,30,,,0,100,,16813,30,,,0,100,,16814,30,,,0,100,,16815,30,,,0,100,,16816,30,,,0,110,,16817,30,,,0,40,,16818,30,,,0,75,,16819,30,,,0,85,,16820,30,,,0,30,,16821,30,,,0,77,,16822,30,,,0,35,,16823,30,,,0,73,,16824,30,,,0,84,,16825,30,,,0,102,,16826,30,,,0,100,,16827,30,,,0,100,,16803,30,0,8 9 1 10,0
24601,'Semaine-01',526,,16837,30,,,0,86,,16836,30,,,0,88,,16835,30,,,0,51,,16834,30,,,0,93,,16833,30,,,0,698,,16832,30,,,0,91,,16831,30,,,0,93,,16830,30,,,0,93,,16829,30,,,0,89,,16828,30,,,0
24700,'Fête-1-01',806,,16844,30,,,0,130,,16838,30,,,0,170,,16840,30,,,0,130,,16845,30,,,0,170,,16846,30,,,0,130,,16841,30,,,0,170,,16839,30,,,0,130,,16842,30,,,0,170,,16843,30,,,0
24700,'Semaine-01',635,,16852,30,,,0,82,,16853,30,,,0,103,,16854,30,,,0,186,,16860,30,,,0,130,,16861,30,,,0,170,,16858,30,,,0,130,,16859,30,,,0,71,,16847,30,,,0,112,,16848,30,,,0,92,,16849,30,,,0,107,,16850,30,,,0,33,,16851,30,,,0,161,,16855,30,,,0,129,,16856,30,,,0,170,,16857,30,,,0
24700,'Week-end-01',806,,16868,30,,,0,130,,16862,30,,,0,170,,16864,30,,,0,130,,16869,30,,,0,170,,16870,30,,,0,130,,16865,30,,,0,170,,16863,30,,,0,130,,16866,30,,,0,170,,16867,30,,,0
24900,'Fête-1-01',806,,16916,30,0,5,0,130,,16917,30,0,5,0,170,,16926,30,0,5,0,130,,16918,30,0,5,0,170,,16919,30,0,5,0,130,,16920,30,0,5,0,170,,16921,30,0,5,0,130,,16922,30,0,5,0,170,,16923,30,0,5,0,130,,16924,30,0,5,0,170,,16925,30,0,5,0
24900,'Semaine-01',637,,16928,30,,,0,65,,16929,30,,,0,33,,16930,30,,,0,98,,16931,30,,,0,174,,16932,30,,,0,100,,16933,30,,,0,100,,16934,30,,,0,100,,16935,30,,,0,100,,16936,30,,,0,106,,16937,30,,,0,35,,16938,30,,,0,73,,16939,30,,,0,92,,16940,30,,,0,32,,16941,30,,,0,76,,16942,30,,,0,91,,16943,30,,,0,100,,16944,30,,,0,100,,16945,30,,,0,100,,16946,30,,,0,100,,16927,30,,,0
24900,'Week-end-01',806,,16947,30,0,5,0,130,,16948,30,0,5,0,170,,16957,30,0,5,0,130,,16949,30,0,5,0,170,,16950,30,0,5,0,130,,16951,30,0,5,0,170,,16952,30,0,5,0,130,,16953,30,0,5,0,170,,16954,30,0,5,0,130,,16955,30,0,5,0,170,,16956,30,0,5,0
25000,'Fête-1-01',806,,17002,30,,,0,100,,17000,30,,,0,30,,17003,30,,,0,100,,17004,30,,,0,70,,17005,30,,,0,100,,17001,30,,,0,30,,17018,30,,,0,100,,17013,30,,,0,70,,17016,30,,,0,100,,17019,30,,,0,30,,17010,30,,,0,100,,17009,30,,,0,70,,17011,30,,,0,100,,17012,30,,,0,30,,17017,30,,,0,100,,17007,30,,,0,70,,17020,30,,,0,100,,17014,30,,,0,30,,17006,30,,,0,100,,17015,30,,,0,70,,17008,30,,,0
25000,'Semaine-01',634,,17021,30,,,0,23,,17022,30,,,0,73,,17023,30,,,0,25,,17024,30,,,0,82,,17025,30,,,0,164,,17026,30,,,0,101,,17027,30,,,0,100,,17028,30,,,0,100,,17029,30,,,0,100,,17030,30,,,0,105,,17031,30,,,0,50,,17032,30,,,0,64,,17033,30,,,0,98,,17034,30,,,0,26,,17035,30,,,0,71,,17036,30,,,0,35,,17037,30,,,0,70,,17038,30,,,0,90,,17039,30,,,0,104,,17040,30,,,0,96,,17041,30,,,0,100,,17042,30,,,0
25000,'Week-end-01',806,,17045,30,,,0,100,,17043,30,,,0,30,,17046,30,,,0,100,,17047,30,,,0,70,,17048,30,,,0,100,,17044,30,,,0,30,,17061,30,,,0,100,,17056,30,,,0,70,,17059,30,,,0,100,,17062,30,,,0,30,,17053,30,,,0,100,,17052,30,,,0,70,,17054,30,,,0,100,,17055,30,,,0,30,,17060,30,,,0,100,,17050,30,,,0,70,,17063,30,,,0,100,,17057,30,,,0,30,,17049,30,,,0,100,,17058,30,,,0,70,,17051,30,,,0
25100,'Fête-1-01',806,,17143,30,,,0,100,,17141,30,,,0,100,,17144,30,,,0,100,,17140,30,,,0,100,,17139,30,,,0,100,,17142,30,,,0,100,,17135,30,,,0,100,,17138,30,,,0,100,,17134,30,,,0,100,,17136,30,,,0,100,,17132,30,,,0,100,,17137,30,,,0,100,,17129,30,,,0,100,,17130,30,,,0,100,,17131,30,,,0,100,,17133,30,0,8 27 76,0
25100,'Semaine-01',901,,17146,30,,,0,100,,17145,30,,,0,100,,17154,30,,,0,100,,17150,30,,,0,100,,17153,30,,,0,100,,17148,30,,,0,615,,17151,30,,,0,97,,17149,30,,,0,98,,17147,30,,,0,100,,17152,30,0,8 27 76,0
25100,'Week-end-01',806,,17170,30,,,0,100,,17168,30,,,0,100,,17171,30,,,0,100,,17167,30,,,0,100,,17166,30,,,0,100,,17169,30,,,0,100,,17162,30,,,0,100,,17165,30,,,0,100,,17161,30,,,0,100,,17163,30,,,0,100,,17159,30,,,0,100,,17164,30,,,0,100,,17156,30,,,0,100,,17157,30,,,0,100,,17158,30,,,0,100,,17160,30,0,8 27 76,0
25201,'Semaine-01',605,,17180,30,,,0,38,,17172,30,,,0,76,,17186,30,,,0,36,,17184,30,,,0,73,,17181,30,,,0,678,,17182,30,,,0,40,,17178,30,,,0,73,,17175,30,,,0,31,,17177,30,,,0,71,,17183,30,,,0,30,,17173,30,,,0,69,,17185,30,,,0,31,,17179,30,,,0,69,,17176,30,,,0,28,,17174,30,,,0
60000,'Fête-1-01',734,,17892,740,,,0,100,,17891,740,,,0,100,,17890,740,,,0,100,,17889,740,,,0,100,,17888,740,,,0,100,,17887,740,,,0,100,,17886,740,,,0,100,,17885,740,,,0,100,,17884,740,,,0,100,,17883,740,,,0,100,,17882,740,,,0,100,,17881,740,,,0,100,,17880,740,,,0,100,,17879,740,,,0,100,,17878,740,,,0,100,,17876,740,,,0,88,,17877,740,,,0
60000,'Semaine-01',704,,17899,740,,,0,36,,17901,740,,,0,70,,17903,740,,,0,30,,17905,740,,,0,70,,17907,740,,,0,30,,17908,740,,,0,94,,17909,740,,,0,100,,17910,740,,,0,170,,17911,740,,,0,100,,17912,740,,,0,130,,17913,740,,,0,101,,17896,740,,,0,70,,17895,740,,,0,30,,17894,740,,,0,100,,17893,740,,,0,99,,17906,740,,,0,100,,17904,740,,,0,100,,17902,740,,,0,96,,17900,740,,,0,104,,17898,740,,,0
60000,'Week-end-01',734,,17930,740,,,0,100,,17929,740,,,0,100,,17928,740,,,0,100,,17927,740,,,0,100,,17926,740,,,0,100,,17925,740,,,0,100,,17924,740,,,0,100,,17923,740,,,0,100,,17922,740,,,0,100,,17921,740,,,0,100,,17920,740,,,0,100,,17919,740,,,0,100,,17918,740,,,0,100,,17917,740,,,0,100,,17916,740,,,0,100,,17914,740,,,0,88,,17915,740,,,0
70900,'Fête-1-01',636,,18259,110,,,0,65,,18260,110,,,0,15,,18261,110,,,0,30,,18262,110,,,0,70,,18263,110,,,0,30,,18264,110,,,0,70,,18265,110,,,0,30,,18266,110,,,0,70,,18267,110,,,0,30,,18268,110,,,0,70,,18269,110,,,0,30,,18270,110,,,0,70,,18271,110,,,0,30,,18272,110,,,0,70,,18273,110,,,0,30,,18274,110,,,0,70,,18275,110,,,0,30,,18276,110,,,0,70,,18277,110,,,0,30,,18278,110,,,0,70,,18279,110,,,0,30,,18280,110,,,0,70,,18281,110,,,0,30,,18282,110,,,0,70,,18283,110,,,0,30,,18284,110,,,0,70,,18285,110,,,0,30,,18286,110,,,0,70,,18287,110,,,0,30,,18288,110,,,0,70,,18289,110,,,0,30,,18290,110,,,0,70,,18291,110,,,0,20,,18292,110,,,0,70,,18293,110,,,0,30,,18294,110,,,0,70,,18295,110,,,0,30,,18296,110,,,0,109,,18297,110,,,0
70900,'Semaine-01',551,,18299,110,0,11 12 13,0,78,,18300,110,0,11 12 13,0,20,,18301,110,0,11 12 13,0,7,,18302,110,0,11 12 13,0,78,,18303,110,0,11 12 13,0,19,,18304,110,0,11 12 13,0,65,,18305,110,0,11 12 13,0,28,,18306,110,0,11 12 13,0,74,,18307,110,0,11 12 13,0,25,,18345,110,0,11 12 13,0,68,,18308,110,0,11 12 13,0,15,,18309,110,0,11 12 13,0,29,,18310,110,0,11 12 13,0,55,,18311,110,0,11 12 13,0,15,,18312,110,0,11 12 13,0,23,,18313,110,0,11 12 13,0,70,,18314,110,0,11 12 13,0,15,,18341,110,0,11 12 13,0,15,,18344,110,0,11 12 13,0,55,,18343,110,0,11 12 13,0,30,,18342,110,0,11 12 13,0,85,,18340,110,0,11 12 13,0,15,,18315,110,0,11 12 13,0,21,,18316,110,0,11 12 13,0,84,,18317,110,,,0,66,,18318,110,,,0,20,,18338,110,,,0,17,,18339,110,,,0,11,,18332,110,,,0,56,,18337,110,,,0,13,,18333,110,,,0,13,,18334,110,,,0,9,,18335,110,,,0,11,,18336,110,,,0,53,,18331,110,,,0,28,,18319,110,,,0,13,,18320,110,,,0,52,,18321,110,,,0,12,,18322,110,,,0,27,,18330,110,,,0,59,,18323,110,,,0,29,,18324,110,,,0,22,,18347,110,,,0,70,,18325,110,,,0,15,,18326,110,,,0,97,,18327,110,,,0,69,,18328,110,,,0,44,,18346,110,,,0,99,,18329,110,,,0,108,,18298,110,,,0
70900,'Week-end-01',636,,18348,110,,,0,65,,18349,110,,,0,15,,18350,110,,,0,30,,18351,110,,,0,70,,18352,110,,,0,30,,18353,110,,,0,70,,18354,110,,,0,30,,18355,110,,,0,70,,18356,110,,,0,30,,18357,110,,,0,70,,18358,110,,,0,30,,18359,110,,,0,70,,18360,110,,,0,30,,18361,110,,,0,70,,18362,110,,,0,30,,18363,110,,,0,70,,18364,110,,,0,30,,18365,110,,,0,70,,18366,110,,,0,30,,18367,110,,,0,70,,18368,110,,,0,30,,18369,110,,,0,70,,18370,110,,,0,30,,18371,110,,,0,70,,18372,110,,,0,30,,18373,110,,,0,70,,18374,110,,,0,30,,18375,110,,,0,70,,18376,110,,,0,30,,18377,110,,,0,70,,18378,110,,,0,30,,18379,110,,,0,70,,18380,110,,,0,20,,18381,110,,,0,70,,18382,110,,,0,30,,18383,110,,,0,70,,18384,110,,,0,30,,18385,110,,,0,109,,18386,110,,,0
