23001,'Fête-1-05',814,,10691,,,0,101,,10703,,,0,101,,10692,,,0,101,,10697,,,0,102,,10704,,,0,100,,10698,,,0,100,,10699,,,0,99,,10700,,,0,100,,10702,,,0,98,,10695,,,0,100,,10696,,,0,98,,10701,,,0,99,,10694,,,0,100,,10693,,,0,100,,10690,,,0
23001,'Fête-2-04',620,,10713,,,0,33,,10706,,,0,70,,10707,,,0,30,,10708,,,0,70,,10709,,,0,28,,10710,,,0,70,,10711,,,0,100,,10712,,,0,100,,10722,,,0,100,,10723,,,0,100,,10724,,,0,100,,10725,,,0,100,,10726,,,0,102,,10728,,,0,30,,10718,,,0,70,,10719,,,0,30,,10720,,,0,70,,10721,,,0,27,,10717,,,0,70,,10727,,,0,30,,10716,,,0,100,,10715,,,0,100,,10714,,,0,100,,10705,,,0
23001,'Semaine-52',620,,10737,,,0,33,,10730,,,0,70,,10731,,,0,30,,10732,,,0,70,,10733,,,0,28,,10734,,,0,70,,10735,,,0,100,,10736,,,0,100,,10746,,,0,100,,10747,,,0,100,,10748,,,0,100,,10749,,,0,100,,10750,,,0,102,,10752,,,0,30,,10742,,,0,70,,10743,,,0,30,,10744,,,0,70,,10745,,,0,27,,10741,,,0,70,,10751,,,0,30,,10740,,,0,100,,10739,,,0,100,,10738,,,0,100,,10729,,,0
23001,'Week-end-52',814,,10754,,,0,101,,10766,,,0,101,,10755,,,0,101,,10760,,,0,102,,10767,,,0,100,,10761,,,0,100,,10762,,,0,99,,10763,,,0,100,,10765,,,0,98,,10758,,,0,100,,10759,,,0,98,,10764,,,0,99,,10757,,,0,100,,10756,,,0,100,,10753,,,0
23200,'Fête-1-05',913,,10852,,,0,100,,10847,,,0,100,,10853,,,0,100,,10846,,,0,100,,10854,,,0,100,,10845,,,0,100,,10855,,,0,100,,10850,,,0,100,,10856,,,0,100,,10849,,,0,100,,10857,,,0,100,,10844,,,0,100,,10858,,,0,100,,10851,,,0
23200,'Fête-2-04',605,,10859,,,0,30,,10860,,,0,70,,10861,,,0,30,,10862,,,0,70,,10863,,,0,35,,10864,,,0,100,,10865,,,0,100,,10866,,,0,100,,10867,,,0,100,,10868,,,0,100,,10869,,,0,100,,10870,,,0,100,,10871,,,0,75,,10872,,,0,33,,10873,,,0,67,,10874,,,0,33,,10875,,,0,67,,10876,,,0,31,,10877,,,0,94,,10878,,,0,100,,10879,,,0,100,,10880,,,0
23200,'Semaine-52',605,,10883,,,0,30,,10884,,,0,70,,10885,,,0,30,,10886,,,0,70,,10887,,,0,35,,10888,,,0,100,,10889,,,0,100,,10890,,,0,100,,10891,,,0,100,,10892,,,0,100,,10893,,,0,100,,10894,,,0,100,,10895,,,0,75,,10896,,,0,33,,10897,,,0,67,,10898,,,0,33,,10899,,,0,67,,10900,,,0,31,,10901,,,0,94,,10902,,,0,100,,10903,,,0,100,,10904,,,0
23200,'Week-end-52',913,,10915,,,0,100,,10910,,,0,100,,10916,,,0,100,,10909,,,0,100,,10917,,,0,100,,10908,,,0,100,,10918,,,0,100,,10913,,,0,100,,10919,,,0,100,,10912,,,0,100,,10920,,,0,100,,10907,,,0,100,,10921,,,0,100,,10914,,,0
23801,'Fête-1-05',841,,11310,,,0,100,,11313,,,0,100,,11314,,,0,100,,11307,,,0,100,,11315,,,0,100,,11305,,,0,100,,11304,,,0,100,,11303,,,0,100,,11302,,,0,100,,11309,,,0,100,,11308,,,0,100,,11311,,,0,98,,11312,,,0,100,,11306,,,0,100,,11316,0,8 39 1 40,0
23801,'Fête-2-04',610,,11334,,,0,24,,11335,,,0,83,,11336,,,0,19,,11337,,,0,95,,11338,,,0,111,,11318,,,0,100,,11319,,,0,100,,11320,,,0,100,,11321,,,0,100,,11322,,,0,100,,11323,,,0,100,,11324,,,0,73,,11325,,,0,32,,11326,,,0,74,,11340,,,0,31,,11327,,,0,75,,11339,,,0,30,,11341,0,8 39 1 40,0,85,,11328,,,0,100,,11331,,,0,100,,11330,,,0,105,,11329,0,8 39 1 40,0
23801,'Semaine-52',610,,11358,,,0,24,,11359,,,0,83,,11360,,,0,19,,11361,,,0,95,,11362,,,0,111,,11342,,,0,100,,11343,,,0,100,,11344,,,0,100,,11345,,,0,100,,11346,,,0,100,,11347,,,0,100,,11348,,,0,73,,11349,,,0,32,,11350,,,0,74,,11364,,,0,31,,11351,,,0,75,,11363,,,0,30,,11365,0,8 39 1 40,0,85,,11352,,,0,100,,11355,,,0,100,,11354,,,0,105,,11353,0,8 39 1 40,0
23801,'Week-end-52',841,,11374,,,0,100,,11377,,,0,100,,11378,,,0,100,,11371,,,0,100,,11379,,,0,100,,11369,,,0,100,,11368,,,0,100,,11367,,,0,100,,11366,,,0,100,,11373,,,0,100,,11372,,,0,100,,11375,,,0,98,,11376,,,0,100,,11370,,,0,100,,11380,0,8 39 1 40,0
