70700,'Fête-2-04',1500,,14096,0,25 26,0,37,,14098,0,25 26,0,74,,14096,4,,0,11,,14100,0,25 26,0,30,,14098,4,,0,54,,14097,0,25 26,0,38,,14100,4,,0,10,,14101,0,8 27 28 1 29 27 30,0,67,,14097,4,,0,9,,14099,0,8 27 28 1 29 27 30,0
70700,'Semaine-52',1500,,14102,0,25 26,0,37,,14104,0,25 26,0,74,,14102,4,,0,11,,14106,0,25 26,0,30,,14104,4,,0,54,,14103,0,25 26,0,38,,14106,4,,0,10,,14107,0,8 27 28 1 29 27 30,0,67,,14103,4,,0,9,,14105,0,8 27 28 1 29 27 30,0
70701,'Fête-2-04',544,,14111,4,,0,6,,14109,0,25 26,0,73,,14108,4,,0,17,,14113,0,25 26,0,9,,14109,4,,0,74,,14112,0,25 26,0,6,,14110,4,,0,30,,14113,4,,0,74,,14112,4,,0
70701,'Semaine-52',544,,14117,4,,0,6,,14115,0,25 26,0,73,,14114,4,,0,17,,14119,0,25 26,0,9,,14115,4,,0,74,,14118,0,25 26,0,6,,14116,4,,0,30,,14119,4,,0,74,,14118,4,,0
70800,'Fête-1-05',709,,14122,,,0,102,,14123,,,0,89,,14124,,,0,100,,14125,,,0,100,,14126,,,0,57,,14127,,,0,100,,14128,,,0,98,,14129,,,0,101,,14130,,,0,100,,14131,,,0,102,,14132,,,0,100,,14133,,,0,142,,14134,,,0,104,,14135,,,0,103,,14136,,,0,40,,14137,,,0,83,,14138,,,0,80,,14120,,,0,118,,14121,,,0
70800,'Fête-2-04',531,,14139,,,0,70,,14140,,,0,30,,14141,,,0,70,,14142,,,0,30,,14143,,,0,15,,14144,,,0,57,,14145,,,0,27,,14146,,,0,25,,14147,,,0,96,,14148,,,0,100,,14149,,,0,100,,14150,,,0,100,,14151,,,0,98,,14152,,,0,99,,14153,,,0,77,,14154,,,0,15,,14155,,,0,15,,14156,,,0,55,,14157,,,0,15,,14158,,,0,15,,14159,,,0,15,,14160,,,0,55,,14161,,,0,15,,14162,,,0,15,,14163,,,0,15,,14164,,,0,65,,14165,,,0,30,,14166,,,0,100,,14167,,,0,90,,14168,,,0,90,,14169,,,0,99,,14170,,,0,100,,14171,,,0,100,,14172,,,0,100,,14173,,,0
70800,'Semaine-52',531,,14174,,,0,70,,14175,,,0,30,,14176,,,0,70,,14177,,,0,30,,14178,,,0,15,,14179,,,0,57,,14180,,,0,30,,14181,,,0,22,,14182,,,0,69,,14183,,,0,30,,14184,,,0,70,,14185,,,0,30,,14186,,,0,70,,14187,,,0,30,,14188,,,0,70,,14189,,,0,30,,14190,,,0,70,,14191,,,0,30,,14192,,,0,70,,14193,,,0,30,,14194,,,0,62,,14195,,,0,15,,14196,,,0,15,,14197,,,0,55,,14198,,,0,15,,14199,,,0,15,,14200,,,0,15,,14201,,,0,55,,14202,,,0,15,,14203,,,0,15,,14204,,,0,15,,14205,,,0,55,,14206,,,0,19,,14207,,,0,30,,14208,,,0,70,,14209,,,0,30,,14210,,,0,70,,14211,,,0,30,,14212,,,0,60,,14213,,,0,30,,14214,,,0,89,,14215,,,0,100,,14216,,,0,100,,14217,,,0,100,,14218,,,0
70800,'Week-end-52',709,,14221,,,0,102,,14222,,,0,89,,14223,,,0,100,,14224,,,0,100,,14225,,,0,57,,14226,,,0,100,,14227,,,0,98,,14228,,,0,101,,14229,,,0,100,,14230,,,0,102,,14231,,,0,100,,14232,,,0,142,,14233,,,0,104,,14234,,,0,103,,14235,,,0,40,,14236,,,0,83,,14237,,,0,80,,14219,,,0,118,,14220,,,0
3000000100,'Fête-2-04',555,,15061,,,0,80,,15062,,,0,65,,15063,,,0,15,,15064,,,0,15,,15065,,,0,10,,15067,,,0,60,,15066,,,0
3000000100,'Semaine-52',555,,15068,,,0,80,,15069,,,0,65,,15070,,,0,15,,15071,,,0,15,,15072,,,0,10,,15074,,,0,60,,15073,,,0
3000000101,'Fête-2-04',1613,,15075,4,,0,10,,15081,4,,0,10,,15076,4,,0,70,,15077,4,,0,30,,15078,4,,0,70,,15080,4,,0,30,,15079,4,,0
3000000101,'Semaine-52',1613,,15082,4,,0,10,,15088,4,,0,10,,15083,4,,0,70,,15084,4,,0,30,,15085,4,,0,70,,15087,4,,0,30,,15086,4,,0
