25001,'Fête-1-05',712,,4425,90,,,0,99,,4409,90,,,0,30,,4412,90,,,0,99,,4419,90,,,0,70,,4420,90,,,0,101,,4411,90,,,0,30,,4414,90,,,0,100,,4422,90,,,0,70,,4423,90,,,0,100,,4410,90,,,0,29,,4421,90,,,0,100,,4413,90,,,0,71,,4418,90,,,0,101,,4424,90,,,0,30,,4415,90,,,0,100,,4416,90,,,0,70,,4408,90,,,0,101,,4417,90,,,0,30,,4426,90,,,0,101,,4407,90,,,0,70,,4427,90,,,0
25001,'Fête-2-04',536,,4428,90,,,0,65,,4429,90,,,0,28,,4430,90,,,0,21,,4431,90,,,0,85,,4432,90,,,0,96,,4433,90,,,0,72,,4434,90,,,0,56,,4435,90,,,0,100,,4436,90,,,0,143,,4437,90,,,0,100,,4438,90,,,0,102,,4439,90,,,0,115,,4440,90,,,0,99,,4441,90,,,0,26,,4442,90,,,0,70,,4443,90,,,0,28,,4444,90,,,0,84,,4445,90,,,0,87,,4446,90,,,0,108,,4447,90,,,0,93,,4448,90,,,0,101,,4449,90,,,0
25001,'Semaine-52',536,,4450,90,,,0,64,,4451,90,,,0,29,,4452,90,,,0,21,,4453,90,,,0,85,,4454,90,,,0,22,,4455,90,,,0,74,,4456,90,,,0,72,,4457,90,,,0,37,,4458,90,,,0,19,,4459,90,,,0,100,,4460,90,,,0,143,,4461,90,,,0,100,,4462,90,,,0,102,,4463,90,,,0,115,,4464,90,,,0,24,,4465,90,,,0,75,,4466,90,,,0,26,,4467,90,,,0,70,,4468,90,,,0,28,,4469,90,,,0,83,,4470,90,,,0,88,,4471,90,,,0,107,,4472,90,,,0,94,,4473,90,,,0,101,,4474,90,,,0
25001,'Week-end-52',712,,4493,90,,,0,99,,4477,90,,,0,30,,4480,90,,,0,99,,4487,90,,,0,70,,4488,90,,,0,101,,4479,90,,,0,30,,4482,90,,,0,100,,4490,90,,,0,70,,4491,90,,,0,100,,4478,90,,,0,29,,4489,90,,,0,100,,4481,90,,,0,71,,4486,90,,,0,101,,4492,90,,,0,30,,4483,90,,,0,100,,4484,90,,,0,70,,4476,90,,,0,101,,4485,90,,,0,30,,4494,90,,,0,101,,4475,90,,,0,70,,4495,90,,,0
31700,'Fête-2-04',651,,5599,50,0,11 23,0,70,,5600,50,0,11 23,0,110,,5601,50,0,11 23,0,290,,5602,50,0,11 23,0,300,,5603,50,0,11 23,0
31700,'Semaine-52',651,,5605,50,0,11 23,0,70,,5606,50,0,11 23,0,110,,5607,50,0,11 23,0,290,,5608,50,0,11 23,0,300,,5609,50,0,11 23,0
31701,'Fête-2-04',1232,,5613,60,0,24,0,270,,5618,60,0,24,0,100,,5614,60,0,24,0,130,,5615,60,0,24,0,100,,5616,60,0,24,0,475,,5617,60,0,24,0
31701,'Semaine-52',1232,,5620,60,0,24,0,270,,5625,60,0,24,0,100,,5621,60,0,24,0,130,,5622,60,0,24,0,100,,5623,60,0,24,0,475,,5624,60,0,24,0
51401,'Fête-2-04',527,,6100,90,,,0,95,,6101,90,,,0,34,,6102,90,,,0
51401,'Semaine-52',527,,6103,90,,,0,95,,6104,90,,,0,34,,6105,90,,,0
