22701,'Fête-1-05',849,,10484,,,0,84,,10484,4,,0,116,,10485,,,0,84,,10485,4,,0,116,,10486,,,0,84,,10486,4,,0,116,,10487,,,0,84,,10487,4,,0,116,,10488,,,0,84,,10488,4,,0,116,,10489,,,0,84,,10489,4,,0,116,,10490,,,0,84,,10490,4,,0
22701,'Fête-2-04',542,,10491,4,,0,7,,10493,,,0,63,,10492,4,,0,7,,10494,,,0,14,,10493,4,,0,16,,10495,,,0,54,,10494,4,,0,16,,10496,,,0,20,,10495,4,,0,10,,10497,,,0,60,,10496,4,,0,30,,10497,4,,0,10,,10498,,,0,85,,10498,4,,0,15,,10499,,,0,85,,10499,4,,0,15,,10500,,,0,85,,10500,4,,0,15,,10501,,,0,85,,10501,4,,0,15,,10502,,,0,85,,10502,4,,0,15,,10503,,,0,85,,10503,4,,0,15,,10504,,,0,85,,10504,4,,0,15,,10505,,,0,85,,10506,,,0,5,,10505,4,,0,65,,10507,,,0,20,,10506,4,,0,10,,10508,,,0,20,,10507,4,,0,50,,10509,,,0,20,,10508,4,,0,10,,10510,,,0,14,,10509,4,,0,56,,10511,,,0,14,,10510,4,,0,30,,10511,4,,0,1,,10512,,,0,84,,10512,4,,0,16,,10513,,,0,84,,10513,4,,0,16,,10514,,,0,84,,10514,4,,0,16,,10515,0,8 14 1 15 16 17,0
22701,'Semaine-52',542,,10516,4,,0,7,,10518,,,0,63,,10517,4,,0,7,,10519,,,0,14,,10518,4,,0,16,,10520,,,0,54,,10519,4,,0,16,,10521,,,0,20,,10520,4,,0,10,,10522,,,0,60,,10521,4,,0,30,,10522,4,,0,10,,10523,,,0,85,,10523,4,,0,15,,10524,,,0,85,,10524,4,,0,15,,10525,,,0,85,,10525,4,,0,15,,10526,,,0,85,,10526,4,,0,15,,10527,,,0,85,,10527,4,,0,15,,10528,,,0,85,,10528,4,,0,15,,10529,,,0,85,,10529,4,,0,15,,10530,,,0,85,,10531,,,0,5,,10530,4,,0,65,,10532,,,0,20,,10531,4,,0,10,,10533,,,0,20,,10532,4,,0,50,,10534,,,0,20,,10533,4,,0,10,,10535,,,0,14,,10534,4,,0,56,,10536,,,0,14,,10535,4,,0,30,,10536,4,,0,1,,10537,,,0,84,,10537,4,,0,16,,10538,,,0,84,,10538,4,,0,16,,10539,,,0,84,,10539,4,,0,16,,10540,0,8 14 1 15 16 17,0
22701,'Week-end-52',849,,10541,,,0,84,,10541,4,,0,116,,10542,,,0,84,,10542,4,,0,116,,10543,,,0,84,,10543,4,,0,116,,10544,,,0,84,,10544,4,,0,116,,10545,,,0,84,,10545,4,,0,116,,10546,,,0,84,,10546,4,,0,116,,10547,,,0,84,,10547,4,,0
22800,'Fête-1-05',749,,10555,,,0,87,,10555,4,,0,113,,10552,,,0,87,,10552,4,,0,113,,10553,,,0,87,,10553,4,,0,113,,10548,,,0,87,,10548,4,,0,113,,10550,,,0,87,,10550,4,,0,113,,10554,,,0,87,,10554,4,,0,113,,10551,,,0,87,,10551,4,,0,113,,10549,0,8 14 1 18 19,0
22800,'Fête-2-04',557,,10556,4,,0,47,,10557,,,0,23,,10580,4,,0,7,,10558,,,0,17,,10557,4,,0,53,,10559,,,0,25,,10558,4,,0,5,,10560,,,0,25,,10559,4,,0,60,,10561,,,0,10,,10560,4,,0,85,,10561,4,,0,5,,10562,,,0,87,,10562,4,,0,13,,10563,,,0,87,,10563,4,,0,13,,10564,,,0,87,,10564,4,,0,13,,10565,,,0,87,,10565,4,,0,13,,10566,,,0,87,,10566,4,,0,13,,10567,,,0,87,,10567,4,,0,13,,10568,,,0,87,,10568,4,,0,13,,10569,,,0,30,,10570,,,0,65,,10569,4,,0,5,,10571,,,0,25,,10570,4,,0,5,,10572,,,0,65,,10571,4,,0,5,,10573,,,0,25,,10572,4,,0,5,,10574,,,0,65,,10573,4,,0,5,,10575,,,0,17,,10574,4,,0,70,,10575,4,,0,13,,10576,,,0,87,,10576,4,,0,13,,10577,,,0,87,,10577,4,,0,13,,10578,,,0,87,,10578,4,,0,13,,10579,0,8 14 1 18 19,0
22800,'Semaine-52',557,,10581,4,,0,47,,10582,,,0,23,,10605,4,,0,7,,10583,,,0,17,,10582,4,,0,53,,10584,,,0,25,,10583,4,,0,5,,10585,,,0,25,,10584,4,,0,60,,10586,,,0,10,,10585,4,,0,85,,10586,4,,0,5,,10587,,,0,87,,10587,4,,0,13,,10588,,,0,87,,10588,4,,0,13,,10589,,,0,87,,10589,4,,0,13,,10590,,,0,87,,10590,4,,0,13,,10591,,,0,87,,10591,4,,0,13,,10592,,,0,87,,10592,4,,0,13,,10593,,,0,87,,10593,4,,0,13,,10594,,,0,30,,10595,,,0,65,,10594,4,,0,5,,10596,,,0,25,,10595,4,,0,5,,10597,,,0,65,,10596,4,,0,5,,10598,,,0,25,,10597,4,,0,5,,10599,,,0,65,,10598,4,,0,5,,10600,,,0,17,,10599,4,,0,70,,10600,4,,0,13,,10601,,,0,87,,10601,4,,0,13,,10602,,,0,87,,10602,4,,0,13,,10603,,,0,87,,10603,4,,0,13,,10604,0,8 14 1 18 19,0
22800,'Week-end-52',749,,10613,,,0,87,,10613,4,,0,113,,10610,,,0,87,,10610,4,,0,113,,10611,,,0,87,,10611,4,,0,113,,10606,,,0,87,,10606,4,,0,113,,10608,,,0,87,,10608,4,,0,113,,10612,,,0,87,,10612,4,,0,113,,10609,,,0,87,,10609,4,,0,113,,10607,0,8 14 1 18 19,0
60400,'Fête-2-04',615,,13912,4,,0,31,,13913,4,,0,101,,13914,4,,0,69,,13915,4,,0,933,,13916,4,,0,99,,13917,4,,0,76,,13919,4,,0,99,,13918,4,,0
60400,'Semaine-52',615,,13920,4,,0,31,,13921,4,,0,101,,13922,4,,0,69,,13923,4,,0,933,,13924,4,,0,99,,13925,4,,0,76,,13927,4,,0,99,,13926,4,,0
60401,'Fête-2-04',624,,13933,,,0,30,,13932,,,0,972,,13928,,,0,89,,13930,,,0,39,,13929,,,0,99,,13931,,,0
60401,'Semaine-52',624,,13939,,,0,30,,13938,,,0,972,,13934,,,0,89,,13936,,,0,39,,13935,,,0,99,,13937,,,0
