24601,'Semaine-01',558,,16837,440,,,0,87,,16836,440,,,0,89,,16835,440,,,0,93,,16834,440,,,0,89,,16833,440,,,0,699,,16832,440,,,0,92,,16831,440,,,0,93,,16830,440,,,0,52,,16829,440,,,0,87,,16828,440,,,0
25001,'Fête-1-01',749,,17082,530,,,0,100,,17066,530,,,0,70,,17069,530,,,0,100,,17076,530,,,0,30,,17077,530,,,0,100,,17068,530,,,0,70,,17071,530,,,0,100,,17079,530,,,0,30,,17080,530,,,0,100,,17067,530,,,0,70,,17078,530,,,0,100,,17070,530,,,0,31,,17075,530,,,0,100,,17081,530,,,0,70,,17072,530,,,0,100,,17073,530,,,0,30,,17065,530,,,0,100,,17074,530,,,0,70,,17083,530,,,0,100,,17064,530,,,0,30,,17084,530,,,0
25001,'Semaine-01',618,,17085,530,,,0,25,,17086,530,,,0,71,,17087,530,0,8 27 76,0,22,,17088,530,,,0,85,,17089,530,,,0,94,,17090,530,,,0,29,,17091,530,,,0,95,,17092,530,,,0,100,,17093,530,,,0,103,,17094,530,,,0,100,,17095,530,,,0,102,,17096,530,,,0,115,,17097,530,,,0,141,,17098,530,,,0,26,,17099,530,,,0,30,,17100,530,,,0,68,,17101,530,,,0,82,,17102,530,,,0,47,,17103,530,,,0,147,,17104,530,,,0,54,,17105,530,,,0,99,,17106,530,,,0
25001,'Week-end-01',749,,17125,530,,,0,100,,17109,530,,,0,70,,17112,530,,,0,100,,17119,530,,,0,30,,17120,530,,,0,100,,17111,530,,,0,70,,17114,530,,,0,100,,17122,530,,,0,30,,17123,530,,,0,100,,17110,530,,,0,70,,17121,530,,,0,100,,17113,530,,,0,31,,17118,530,,,0,100,,17124,530,,,0,70,,17115,530,,,0,100,,17116,530,,,0,30,,17108,530,,,0,100,,17117,530,,,0,70,,17126,530,,,0,100,,17107,530,,,0,30,,17127,530,,,0
25100,'Fête-1-01',739,,17128,60,0,31 32,0,93,,17143,400,,,0,100,,17141,400,,,0,100,,17144,400,,,0,100,,17140,400,,,0,100,,17139,400,,,0,100,,17142,400,,,0,100,,17135,400,,,0,100,,17138,400,,,0,100,,17134,400,,,0,100,,17136,400,,,0,100,,17132,400,,,0,99,,17137,400,,,0,100,,17129,400,,,0,100,,17130,400,,,0,100,,17131,400,,,0
25100,'Semaine-01',928,,17146,400,,,0,100,,17145,400,,,0,100,,17154,400,,,0,100,,17150,400,,,0,100,,17153,400,,,0,100,,17148,400,,,0,615,,17151,400,,,0,97,,17149,400,,,0,98,,17147,400,,,0
25100,'Week-end-01',739,,17155,60,0,31 32,0,93,,17170,400,,,0,100,,17168,400,,,0,100,,17171,400,,,0,100,,17167,400,,,0,100,,17166,400,,,0,100,,17169,400,,,0,100,,17162,400,,,0,100,,17165,400,,,0,100,,17161,400,,,0,100,,17163,400,,,0,100,,17159,400,,,0,99,,17164,400,,,0,100,,17156,400,,,0,100,,17157,400,,,0,100,,17158,400,,,0
70901,'Fête-1-01',623,,18387,450,,,0,30,,18388,450,,,0,70,,18389,450,,,0,30,,18390,450,,,0,70,,18391,450,,,0,15,,18392,450,,,0,71,,18393,450,,,0,30,,18394,450,,,0,70,,18395,450,,,0,31,,18396,450,,,0,71,,18397,450,,,0,30,,18398,450,,,0,70,,18399,450,,,0,30,,18400,450,,,0,70,,18401,450,,,0,30,,18402,450,,,0,70,,18403,450,,,0,30,,18404,450,,,0,70,,18405,450,,,0,30,,18406,450,,,0,70,,18407,450,,,0,30,,18408,450,,,0,70,,18409,450,,,0,30,,18410,450,,,0,70,,18411,450,,,0,30,,18412,450,,,0,70,,18413,450,,,0,30,,18414,450,,,0,70,,18415,450,,,0,30,,18416,450,,,0,70,,18417,450,,,0,30,,18418,450,,,0,70,,18419,450,,,0,31,,18420,450,,,0,70,,18421,450,,,0,30,,18422,450,,,0,111,,18423,450,,,0
70901,'Semaine-01',454,,18427,450,,,0,70,,18469,450,,,0,20,,18425,450,,,0,10,,18424,450,,,0,62,,18426,450,,,0,20,,18428,450,,,0,20,,18429,450,,,0,67,,18430,450,,,0,12,,18431,450,,,0,21,,18432,450,,,0,50,,18433,450,,,0,10,,18434,450,,,0,20,,18435,450,,,0,10,,18436,450,,,0,54,,18437,450,,,0,14,,18439,450,,,0,15,,18475,450,,,0,15,,18438,450,,,0,70,,18440,450,,,0,15,,18441,450,,,0,22,,18442,480,,,0,70,,18443,480,,,0,15,,18444,480,,,0,15,,18445,480,,,0,55,,18446,480,,,0,15,,18478,480,,,0,15,,18447,480,,,0,15,,18479,480,,,0,70,,18448,480,,,0,15,,18449,480,,,0,15,,18450,480,,,0,70,,18470,480,,,0,30,,18471,480,,,0,70,,18472,480,,,0,16,,18473,480,,,0,16,,18474,480,,,0,88,,18452,480,,,0,15,,18451,480,,,0,68,,18453,480,,,0,15,,18454,480,,,0,63,,18455,480,,,0,15,,18476,480,,,0,13,,18477,480,,,0,14,,18456,480,,,0,59,,18457,480,,,0,14,,18458,480,,,0,15,,18459,480,,,0,22,,18460,450,,,0,70,,18461,450,,,0,15,,18462,450,,,0,68,,18463,450,,,0,30,,18464,450,,,0,69,,18465,450,,,0,44,,18466,450,,,0,99,,18467,450,,,0,108,,18468,450,,,0
70901,'Week-end-01',623,,18480,450,,,0,30,,18481,450,,,0,70,,18482,450,,,0,30,,18483,450,,,0,70,,18484,450,,,0,15,,18485,450,,,0,71,,18486,450,,,0,30,,18487,450,,,0,70,,18488,450,,,0,31,,18489,450,,,0,71,,18490,450,,,0,30,,18491,450,,,0,70,,18492,450,,,0,30,,18493,450,,,0,70,,18494,450,,,0,30,,18495,450,,,0,70,,18496,450,,,0,30,,18497,450,,,0,70,,18498,450,,,0,30,,18499,450,,,0,70,,18500,450,,,0,30,,18501,450,,,0,70,,18502,450,,,0,30,,18503,450,,,0,70,,18504,450,,,0,30,,18505,450,,,0,70,,18506,450,,,0,30,,18507,450,,,0,70,,18508,450,,,0,30,,18509,450,,,0,70,,18510,450,,,0,30,,18511,450,,,0,70,,18512,450,,,0,31,,18513,450,,,0,70,,18514,450,,,0,30,,18515,450,,,0,111,,18516,450,,,0
