'LA-A24-LAGTFS-Dimanche-04',900,55800,,'',0,7000,,'',0,3000,,'',0,7000,,'',0,3000,,'',0,7000,,'',0,3000,,'',0,7000,,'',0,2900,,'',0,7000,,'',0,3000,,'',0,7000,,'',0,3000,,'',0,7000,,'',0,3000,,'',0,7000,,'',0,3000,,'',0,7000,,'',0,3000,,'',0,7000,,'',0,3000,,'',0,7000,,'',0,3000,,'',0,7000,,'',0,3000,,'',0,7000,,'',0,3000,,'',0,7000,,'',0,3000,,'',0,7000,,'',0,3000,,'',0,7000,,'',0,3000,,'',0,7000,,'',0,3000,,'',0,7000,,'',0,3000,,'',0,7000,,'',0,3000,,'',0
'LA-A24-LAGTFS-Dimanche-04',901,63000,4,'',0,7000,4,'',0,3000,4,'',0,7000,4,'',0,3000,4,'',0,7000,4,'',0,3000,4,'',0,7000,4,'',0,3000,4,'',0,7100,4,'',0,3000,4,'',0,7000,4,'',0,3000,4,'',0,7000,4,'',0,3000,4,'',0,7000,4,'',0,3000,4,'',0,7000,4,'',0,3100,4,'',0,7000,4,'',0,2900,4,'',0,7000,4,'',0,3000,4,'',0,7000,4,'',0,3000,4,'',0,7000,4,'',0,3000,4,'',0,7000,4,'',0,3000,4,'',0,7000,4,'',0,3000,4,'',0,7000,4,'',0,3000,4,'',0,7000,4,'',0,3000,4,'',0,7000,4,'',0,3000,4,'',0
'LA-A24-LAGTFS-Fête-1-03',900,55800,,'',0,7000,,'',0,3000,,'',0,7000,,'',0,3000,,'',0,7000,,'',0,3000,,'',0,7000,,'',0,2900,,'',0,7000,,'',0,3000,,'',0,7000,,'',0,3000,,'',0,7000,,'',0,3000,,'',0,7000,,'',0,3000,,'',0,7000,,'',0,3000,,'',0,7000,,'',0,3000,,'',0,7000,,'',0,3000,,'',0,7000,,'',0,3000,,'',0,7000,,'',0,3000,,'',0,7000,,'',0,3000,,'',0,7000,,'',0,3000,,'',0,7000,,'',0,3000,,'',0,7000,,'',0,3000,,'',0,7000,,'',0,3000,,'',0,7000,,'',0,3000,,'',0
'LA-A24-LAGTFS-Fête-1-03',901,63000,4,'',0,7000,4,'',0,3000,4,'',0,7000,4,'',0,3000,4,'',0,7000,4,'',0,3000,4,'',0,7000,4,'',0,3000,4,'',0,7100,4,'',0,3000,4,'',0,7000,4,'',0,3000,4,'',0,7000,4,'',0,3000,4,'',0,7000,4,'',0,3000,4,'',0,7000,4,'',0,3100,4,'',0,7000,4,'',0,2900,4,'',0,7000,4,'',0,3000,4,'',0,7000,4,'',0,3000,4,'',0,7000,4,'',0,3000,4,'',0,7000,4,'',0,3000,4,'',0,7000,4,'',0,3000,4,'',0,7000,4,'',0,3000,4,'',0,7000,4,'',0,3000,4,'',0,7000,4,'',0,3000,4,'',0
'LA-A24-LAGTFS-Samedi-04',900,55800,,'',0,7000,,'',0,3000,,'',0,7000,,'',0,3000,,'',0,7000,,'',0,3000,,'',0,7000,,'',0,2900,,'',0,7000,,'',0,3000,,'',0,7000,,'',0,3000,,'',0,7000,,'',0,3000,,'',0,7000,,'',0,3000,,'',0,7000,,'',0,3000,,'',0,7000,,'',0,3000,,'',0,7000,,'',0,3000,,'',0,7000,,'',0,3000,,'',0,7000,,'',0,3000,,'',0,7000,,'',0,3000,,'',0,7000,,'',0,3000,,'',0,7000,,'',0,3000,,'',0,7000,,'',0,3000,,'',0,7000,,'',0,3000,,'',0,7000,,'',0,3000,,'',0
'LA-A24-LAGTFS-Samedi-04',901,63000,4,'',0,7000,4,'',0,3000,4,'',0,7000,4,'',0,3000,4,'',0,7000,4,'',0,3000,4,'',0,7000,4,'',0,3000,4,'',0,7100,4,'',0,3000,4,'',0,7000,4,'',0,3000,4,'',0,7000,4,'',0,3000,4,'',0,7000,4,'',0,3000,4,'',0,7000,4,'',0,3100,4,'',0,7000,4,'',0,2900,4,'',0,7000,4,'',0,3000,4,'',0,7000,4,'',0,3000,4,'',0,7000,4,'',0,3000,4,'',0,7000,4,'',0,3000,4,'',0,7000,4,'',0,3000,4,'',0,7000,4,'',0,3000,4,'',0,7000,4,'',0,3000,4,'',0,7000,4,'',0,3000,4,'',0
'LA-A24-LAGTFS-Semaine-04',900,53000,,'',0,1500,,'',0,6300,,'',0,1000,,'',0,1000,,'',0,1900,,'',0,1000,,'',0,5000,0,'St-Jérôme',0,700,,'',0,900,,'',0,1000,,'',0,900,,'',0,1600,,'',0,5500,,'',0,1000,,'',0,2000,,'',0,1600,,'',0,6500,,'',0,1000,,'',0,2100,,'',0,5200,,'',0,1800,,'',0,1800,,'',0,6200,,'',0,2400,,'',0,2300,,'',0,6200,,'',0,1500,,'',0,1500,,'',0,7400,,'',0,3600,,'',0,6000,,'',0,3000,,'',0,6300,,'',0,1400,,'',0,1700,,'',0,1600,,'',0,4800,,'',0,1700,,'',0,1400,,'',0,900,,'',0,5800,,'',0,1800,,'',0,1200,,'',0,1000,,'',0,1200,,'',0,5600,,'',0,1200,,'',0,1900,,'',0,1900,,'',0,5800,,'',0,2900,,'',0,6400,,'',0,2100,,'',0,2200,,'',0,5400,,'',0,1600,,'',0,1600,,'',0,6700,,'',0,4000,,'',0,8800,,'',0,7800,,'',0,11300,,'',0
'LA-A24-LAGTFS-Semaine-04',901,52000,4,'',0,3800,4,'',0,6000,4,'',0,1900,4,'',0,900,4,'',0,900,4,'',0,5600,4,'',0,1000,4,'',0,800,4,'',0,1700,4,'',0,5500,4,'',0,1000,4,'',0,1200,4,'',0,800,4,'',0,800,4,'',0,800,4,'',0,600,4,'',0,4700,4,'',0,400,4,'',0,1000,4,'',0,1000,4,'',0,2100,4,'',0,1200,4,'',0,5800,4,'',0,1800,4,'',0,2200,4,'',0,6300,4,'',0,2400,4,'',0,6200,4,'',0,1500,4,'',0,1500,4,'',0,1100,4,'',0,6300,4,'',0,700,4,'',0,2900,4,'',0,6000,4,'',0,3000,4,'',0,7700,4,'',0,1500,4,'',0,1600,4,'',0,6500,4,'',0,2200,4,'',0,1900,4,'',0,5800,4,'',0,1200,4,'',0,1000,4,'',0,1200,4,'',0,1100,4,'',0,500,4,'',0,5200,4,'',0,900,4,'',0,1200,4,'',0,1400,4,'',0,500,4,'',0,900,4,'',0,4900,4,'',0,2900,4,'',0,900,4,'',0,1500,4,'',0,6100,4,'',0,3600,4,'',0,5600,4,'',0,1600,4,'',0,2700,4,'',0,8000,4,'',0,8800,4,'',0,7800,4,'',0,11300,4,'',0
'LA-A24-LAGTFS-Semaine-50',900,53000,,'',0,2800,,'',0,5500,,'',0,1500,,'',0,1700,,'',0,1300,,'',0,5700,,'',0,1300,,'',0,1700,,'',0,1300,,'',0,5700,,'',0,1300,,'',0,1700,,'',0,1300,,'',0,5900,,'',0,1100,,'',0,2900,,'',0,7000,,'',0,3000,,'',0,7000,,'',0,3000,,'',0,7000,,'',0,3000,,'',0,7000,,'',0,3000,,'',0,7000,,'',0,3000,,'',0,5500,,'',0,1500,,'',0,1800,,'',0,1200,,'',0,5800,,'',0,1200,,'',0,1800,,'',0,1200,,'',0,5800,,'',0,1200,,'',0,1800,,'',0,1200,,'',0,5800,,'',0,1200,,'',0,3000,,'',0,7000,,'',0,3000,,'',0,7000,,'',0,3000,,'',0,7000,,'',0,3000,,'',0,7000,,'',0,3000,,'',0,7000,,'',0,3000,,'',0,7000,,'',0,3000,,'',0
'LA-A24-LAGTFS-Semaine-50',901,60600,4,'',0,1200,4,'',0,1200,4,'',0,1200,4,'',0,5800,4,'',0,1200,4,'',0,1800,4,'',0,1300,4,'',0,5700,4,'',0,1300,4,'',0,1700,4,'',0,1300,4,'',0,5700,4,'',0,1500,4,'',0,1500,4,'',0,1100,4,'',0,5900,4,'',0,3000,4,'',0,7100,4,'',0,3000,4,'',0,7000,4,'',0,3000,4,'',0,7000,4,'',0,3000,4,'',0,7000,4,'',0,3000,4,'',0,7000,4,'',0,1600,4,'',0,1500,4,'',0,1500,4,'',0,5500,4,'',0,1400,4,'',0,1500,4,'',0,1500,4,'',0,5500,4,'',0,1500,4,'',0,1500,4,'',0,1500,4,'',0,5500,4,'',0,1200,4,'',0,1800,4,'',0,1300,4,'',0,5700,4,'',0,1100,4,'',0,1900,4,'',0,7000,4,'',0,3000,4,'',0,7000,4,'',0,3000,4,'',0,7000,4,'',0,3000,4,'',0,7000,4,'',0,3000,4,'',0,7000,4,'',0,3000,4,'',0
