24601,'Fête-2-04',600,,4057,450,,,0,47,,4056,450,,,0,89,,4055,450,,,0,93,,4054,450,,,0,89,,4053,450,,,0,699,,4052,450,,,0,92,,4051,450,,,0,93,,4050,450,,,0,52,,4049,450,,,0,87,,4048,450,,,0
24601,'Semaine-52',600,,4067,450,,,0,47,,4066,450,,,0,90,,4065,450,,,0,93,,4064,450,,,0,89,,4063,450,,,0,698,,4062,450,,,0,92,,4061,450,,,0,91,,4060,450,,,0,53,,4059,450,,,0,86,,4058,450,,,0
25001,'Fête-1-05',750,,4425,540,,,0,100,,4409,540,,,0,70,,4412,540,,,0,100,,4419,540,,,0,30,,4420,540,,,0,100,,4411,540,,,0,70,,4414,540,,,0,100,,4422,540,,,0,30,,4423,540,,,0,100,,4410,540,,,0,70,,4421,540,,,0,100,,4413,540,,,0,31,,4418,540,,,0,100,,4424,540,,,0,70,,4415,540,,,0,100,,4416,540,,,0,30,,4408,540,,,0,100,,4417,540,,,0,70,,4426,540,,,0,100,,4407,540,,,0,30,,4427,540,,,0
25001,'Fête-2-04',619,,4428,540,,,0,25,,4429,540,,,0,71,,4430,540,,,0,22,,4431,540,,,0,85,,4432,540,,,0,95,,4433,540,,,0,28,,4434,540,,,0,95,,4435,540,,,0,100,,4436,540,,,0,103,,4437,540,,,0,100,,4438,540,,,0,102,,4439,540,,,0,155,,4440,540,,,0,102,,4441,540,,,0,26,,4442,540,,,0,30,,4443,540,,,0,68,,4444,540,,,0,81,,4445,540,,,0,47,,4446,540,,,0,147,,4447,540,,,0,55,,4448,540,,,0,99,,4449,540,,,0
25001,'Semaine-52',619,,4450,540,,,0,24,,4451,540,,,0,72,,4452,540,,,0,22,,4453,540,,,0,85,,4454,540,,,0,22,,4455,540,,,0,73,,4456,540,,,0,28,,4457,540,,,0,76,,4458,540,,,0,19,,4459,540,,,0,100,,4460,540,,,0,103,,4461,540,,,0,100,,4462,540,,,0,102,,4463,540,,,0,155,,4464,540,,,0,26,,4465,540,,,0,76,,4466,540,,,0,26,,4467,540,,,0,30,,4468,540,,,0,68,,4469,540,,,0,80,,4470,540,,,0,48,,4471,540,,,0,146,,4472,540,,,0,56,,4473,540,,,0,99,,4474,540,,,0
25001,'Week-end-52',750,,4493,540,,,0,100,,4477,540,,,0,70,,4480,540,,,0,100,,4487,540,,,0,30,,4488,540,,,0,100,,4479,540,,,0,70,,4482,540,,,0,100,,4490,540,,,0,30,,4491,540,,,0,100,,4478,540,,,0,70,,4489,540,,,0,100,,4481,540,,,0,31,,4486,540,,,0,100,,4492,540,,,0,70,,4483,540,,,0,100,,4484,540,,,0,30,,4476,540,,,0,100,,4485,540,,,0,70,,4494,540,,,0,100,,4475,540,,,0,30,,4495,540,,,0
70901,'Fête-1-05',624,,6906,470,,,0,30,,6907,470,,,0,70,,6908,470,,,0,30,,6909,470,,,0,70,,6910,470,,,0,15,,6911,470,,,0,71,,6912,470,,,0,30,,6913,470,,,0,70,,6914,470,,,0,31,,6915,470,,,0,71,,6916,470,,,0,30,,6917,470,,,0,70,,6918,470,,,0,30,,6919,470,,,0,70,,6920,470,,,0,30,,6921,470,,,0,70,,6922,470,,,0,30,,6923,470,,,0,70,,6924,470,,,0,30,,6925,470,,,0,70,,6926,470,,,0,30,,6927,470,,,0,70,,6928,470,,,0,30,,6929,470,,,0,70,,6930,470,,,0,30,,6931,470,,,0,70,,6932,470,,,0,30,,6933,470,,,0,70,,6934,470,,,0,30,,6935,470,,,0,70,,6936,470,,,0,30,,6937,470,,,0,70,,6938,470,,,0,31,,6939,470,,,0,70,,6940,470,,,0,30,,6941,470,,,0,111,,6942,470,,,0
70901,'Fête-2-04',455,,6947,470,,,0,70,,6992,470,,,0,20,,6944,470,,,0,10,,6943,470,,,0,52,,6945,470,,,0,11,,6946,470,,,0,20,,6948,470,,,0,10,,6949,470,,,0,10,,6950,470,,,0,67,,6951,470,,,0,12,,6952,470,,,0,11,,6953,470,,,0,10,,6954,470,,,0,50,,6955,470,,,0,10,,6956,470,,,0,20,,6957,470,,,0,10,,6958,470,,,0,54,,6959,470,,,0,13,,6961,470,,,0,15,,6998,470,,,0,15,,6960,470,,,0,70,,6962,470,,,0,15,,6963,470,,,0,22,,6964,500,,,0,70,,6965,500,,,0,15,,6966,500,,,0,15,,6967,500,,,0,55,,6968,500,,,0,15,,7001,500,,,0,15,,6969,500,,,0,15,,7002,500,,,0,70,,6970,500,,,0,15,,6971,500,,,0,15,,6972,500,,,0,70,,6993,500,,,0,30,,6994,500,,,0,70,,6995,500,,,0,16,,6996,500,,,0,16,,6997,500,,,0,89,,6974,500,,,0,15,,6973,500,,,0,68,,6975,500,,,0,15,,6976,500,,,0,9,,6977,500,,,0,53,,6978,500,,,0,15,,6999,500,,,0,13,,7000,500,,,0,14,,6979,500,,,0,59,,6980,500,,,0,14,,6981,500,,,0,15,,6982,500,,,0,22,,6983,470,,,0,70,,6984,470,,,0,15,,6985,470,,,0,68,,6986,470,,,0,30,,6987,470,,,0,69,,6988,470,,,0,44,,6989,470,,,0,99,,6990,470,,,0,108,,6991,470,,,0
70901,'Semaine-52',455,,7007,470,,,0,70,,7056,470,,,0,20,,7004,470,,,0,10,,7003,470,,,0,52,,7005,470,,,0,11,,7006,470,,,0,10,,7008,470,,,0,10,,7009,470,,,0,10,,7010,470,,,0,10,,7011,470,,,0,57,,7012,470,,,0,10,,7013,470,,,0,12,,7014,470,,,0,11,,7015,470,,,0,10,,7016,470,,,0,50,,7017,470,,,0,10,,7018,470,,,0,10,,7019,470,,,0,10,,7020,470,,,0,10,,7021,470,,,0,54,,7022,470,,,0,13,,7024,470,,,0,15,,7063,470,,,0,15,,7023,470,,,0,70,,7025,470,,,0,15,,7026,470,,,0,22,,7027,500,,,0,70,,7028,500,,,0,15,,7029,500,,,0,15,,7030,500,,,0,55,,7031,500,,,0,15,,7066,500,,,0,15,,7032,500,,,0,15,,7067,500,,,0,70,,7033,500,,,0,15,,7034,500,,,0,15,,7035,500,,,0,70,,7058,500,,,0,30,,7059,500,,,0,70,,7060,500,,,0,16,,7061,500,,,0,16,,7062,500,,,0,74,,7057,500,,,0,15,,7037,500,,,0,15,,7036,500,,,0,55,,7038,500,,,0,13,,7039,500,,,0,15,,7040,500,,,0,9,,7041,500,,,0,53,,7042,500,,,0,15,,7064,500,,,0,13,,7065,500,,,0,14,,7043,500,,,0,59,,7044,500,,,0,14,,7045,500,,,0,15,,7046,500,,,0,22,,7047,470,,,0,70,,7048,470,,,0,15,,7049,470,,,0,68,,7050,470,,,0,30,,7051,470,,,0,69,,7052,470,,,0,44,,7053,470,,,0,99,,7054,470,,,0,108,,7055,470,,,0
70901,'Week-end-52',624,,7068,470,,,0,30,,7069,470,,,0,70,,7070,470,,,0,30,,7071,470,,,0,70,,7072,470,,,0,15,,7073,470,,,0,71,,7074,470,,,0,30,,7075,470,,,0,70,,7076,470,,,0,31,,7077,470,,,0,71,,7078,470,,,0,30,,7079,470,,,0,70,,7080,470,,,0,30,,7081,470,,,0,70,,7082,470,,,0,30,,7083,470,,,0,70,,7084,470,,,0,30,,7085,470,,,0,70,,7086,470,,,0,30,,7087,470,,,0,70,,7088,470,,,0,30,,7089,470,,,0,70,,7090,470,,,0,30,,7091,470,,,0,70,,7092,470,,,0,30,,7093,470,,,0,70,,7094,470,,,0,30,,7095,470,,,0,70,,7096,470,,,0,30,,7097,470,,,0,70,,7098,470,,,0,30,,7099,470,,,0,70,,7100,470,,,0,31,,7101,470,,,0,70,,7102,470,,,0,30,,7103,470,,,0,111,,7104,470,,,0
