24601,'Fête-2-04',528,,11697,,,0,86,,11696,,,0,88,,11695,,,0,51,,11694,,,0,93,,11693,,,0,698,,11692,,,0,91,,11691,,,0,93,,11690,,,0,93,,11689,,,0,89,,11688,,,0
24601,'Semaine-52',528,,11707,,,0,86,,11706,,,0,89,,11705,,,0,51,,11704,,,0,93,,11703,,,0,697,,11702,,,0,91,,11701,,,0,91,,11700,,,0,94,,11699,,,0,88,,11698,,,0
25000,'Fête-1-05',808,,11961,,,0,100,,11959,,,0,30,,11962,,,0,100,,11963,,,0,70,,11964,,,0,100,,11960,,,0,30,,11977,,,0,100,,11972,,,0,70,,11975,,,0,100,,11978,,,0,30,,11969,,,0,100,,11968,,,0,70,,11970,,,0,100,,11971,,,0,30,,11976,,,0,100,,11966,,,0,70,,11979,,,0,100,,11973,,,0,30,,11965,,,0,100,,11974,,,0,70,,11967,,,0
25000,'Fête-2-04',636,,11980,,,0,23,,11981,,,0,73,,11982,,,0,25,,11983,,,0,82,,11984,,,0,164,,11985,,,0,101,,11986,,,0,100,,11987,,,0,100,,11988,,,0,100,,11989,,,0,105,,11990,,,0,50,,11991,,,0,64,,11992,,,0,98,,11993,,,0,26,,11994,,,0,71,,11995,,,0,35,,11996,,,0,70,,11997,,,0,90,,11998,,,0,104,,11999,,,0,96,,12000,,,0,100,,12001,,,0
25000,'Semaine-52',637,,12002,,,0,22,,12003,,,0,73,,12004,,,0,25,,12005,,,0,82,,12006,,,0,64,,12007,,,0,100,,12008,,,0,101,,12009,,,0,100,,12010,,,0,100,,12011,,,0,100,,12012,,,0,105,,12013,,,0,40,,12014,,,0,74,,12015,,,0,27,,12017,,,0,71,,12016,,,0,26,,12018,,,0,71,,12019,,,0,35,,12020,,,0,69,,12021,,,0,91,,12022,,,0,103,,12023,,,0,97,,12024,,,0,100,,12025,,,0
25000,'Week-end-52',808,,12028,,,0,100,,12026,,,0,30,,12029,,,0,100,,12030,,,0,70,,12031,,,0,100,,12027,,,0,30,,12044,,,0,100,,12039,,,0,70,,12042,,,0,100,,12045,,,0,30,,12036,,,0,100,,12035,,,0,70,,12037,,,0,100,,12038,,,0,30,,12043,,,0,100,,12033,,,0,70,,12046,,,0,100,,12040,,,0,30,,12032,,,0,100,,12041,,,0,70,,12034,,,0
25201,'Fête-2-04',607,,12246,,,0,38,,12238,,,0,76,,12252,,,0,36,,12250,,,0,73,,12247,,,0,678,,12248,,,0,40,,12244,,,0,70,,12241,,,0,31,,12243,,,0,71,,12249,,,0,30,,12239,,,0,69,,12251,,,0,30,,12245,,,0,70,,12242,,,0,31,,12240,,,0
25201,'Semaine-52',607,,12261,,,0,38,,12253,,,0,76,,12267,,,0,36,,12265,,,0,73,,12262,,,0,678,,12263,,,0,40,,12259,,,0,70,,12256,,,0,31,,12258,,,0,71,,12264,,,0,30,,12254,,,0,69,,12266,,,0,30,,12260,,,0,70,,12257,,,0,31,,12255,,,0
70900,'Fête-1-05',638,,14353,,,0,65,,14354,,,0,15,,14355,,,0,30,,14356,,,0,70,,14357,,,0,30,,14358,,,0,70,,14359,,,0,30,,14360,,,0,70,,14361,,,0,30,,14362,,,0,70,,14363,,,0,30,,14364,,,0,70,,14365,,,0,30,,14366,,,0,70,,14367,,,0,30,,14368,,,0,70,,14369,,,0,30,,14370,,,0,70,,14371,,,0,30,,14372,,,0,70,,14373,,,0,30,,14374,,,0,70,,14375,,,0,30,,14376,,,0,70,,14377,,,0,30,,14378,,,0,70,,14379,,,0,30,,14380,,,0,70,,14381,,,0,30,,14382,,,0,70,,14383,,,0,30,,14384,,,0,70,,14385,,,0,20,,14386,,,0,70,,14387,,,0,30,,14388,,,0,70,,14389,,,0,30,,14390,,,0,109,,14391,,,0
70900,'Fête-2-04',553,,14393,0,11 12 13,0,78,,14394,0,11 12 13,0,20,,14395,0,11 12 13,0,7,,14396,0,11 12 13,0,59,,14397,0,11 12 13,0,19,,14398,0,11 12 13,0,19,,14399,0,11 12 13,0,53,,14400,0,11 12 13,0,12,,14401,0,11 12 13,0,28,,14402,0,11 12 13,0,59,,14443,0,11 12 13,0,15,,14403,0,11 12 13,0,25,,14442,0,11 12 13,0,68,,14404,0,11 12 13,0,15,,14405,0,11 12 13,0,29,,14406,0,11 12 13,0,55,,14407,0,11 12 13,0,15,,14408,0,11 12 13,0,23,,14409,0,11 12 13,0,70,,14410,0,11 12 13,0,15,,14438,0,11 12 13,0,15,,14441,0,11 12 13,0,55,,14440,0,11 12 13,0,30,,14439,0,11 12 13,0,85,,14437,0,11 12 13,0,15,,14411,0,11 12 13,0,21,,14412,0,11 12 13,0,84,,14413,,,0,13,,14414,,,0,53,,14415,,,0,20,,14435,,,0,17,,14436,,,0,11,,14429,,,0,56,,14434,,,0,13,,14430,,,0,13,,14431,,,0,9,,14432,,,0,11,,14433,,,0,53,,14428,,,0,28,,14416,,,0,13,,14417,,,0,52,,14418,,,0,12,,14419,,,0,27,,14427,,,0,59,,14420,,,0,29,,14421,,,0,22,,14445,,,0,70,,14422,,,0,15,,14423,,,0,97,,14424,,,0,69,,14425,,,0,44,,14444,,,0,99,,14426,,,0,108,,14392,,,0
70900,'Semaine-52',553,,14447,0,11 12 13,0,52,,14505,0,11 12 13,0,26,,14448,0,11 12 13,0,10,,14449,0,11 12 13,0,10,,14450,0,11 12 13,0,7,,14451,0,11 12 13,0,59,,14452,0,11 12 13,0,19,,14453,0,11 12 13,0,10,,14454,0,11 12 13,0,9,,14455,0,11 12 13,0,53,,14456,0,11 12 13,0,12,,14457,0,11 12 13,0,17,,14458,0,11 12 13,0,11,,14459,0,11 12 13,0,59,,14503,0,11 12 13,0,15,,14460,0,11 12 13,0,25,,14502,0,11 12 13,0,55,,14461,0,11 12 13,0,13,,14462,0,11 12 13,0,15,,14463,0,11 12 13,0,29,,14464,0,11 12 13,0,55,,14465,0,11 12 13,0,15,,14466,0,11 12 13,0,23,,14467,0,11 12 13,0,70,,14468,0,11 12 13,0,15,,14498,0,11 12 13,0,15,,14501,0,11 12 13,0,55,,14500,0,11 12 13,0,30,,14499,0,11 12 13,0,85,,14497,0,11 12 13,0,15,,14469,0,11 12 13,0,21,,14470,0,11 12 13,0,84,,14471,,,0,13,,14472,,,0,53,,14473,,,0,20,,14495,,,0,17,,14496,,,0,11,,14489,,,0,56,,14494,,,0,13,,14490,,,0,13,,14491,,,0,9,,14492,,,0,11,,14493,,,0,53,,14488,,,0,14,,14474,,,0,14,,14475,,,0,13,,14476,,,0,52,,14477,,,0,12,,14478,,,0,27,,14487,,,0,59,,14479,,,0,29,,14480,,,0,22,,14506,,,0,70,,14481,,,0,15,,14482,,,0,67,,14483,,,0,30,,14484,,,0,69,,14485,,,0,44,,14504,,,0,99,,14486,,,0,108,,14446,,,0
70900,'Week-end-52',638,,14507,,,0,65,,14508,,,0,15,,14509,,,0,30,,14510,,,0,70,,14511,,,0,30,,14512,,,0,70,,14513,,,0,30,,14514,,,0,70,,14515,,,0,30,,14516,,,0,70,,14517,,,0,30,,14518,,,0,70,,14519,,,0,30,,14520,,,0,70,,14521,,,0,30,,14522,,,0,70,,14523,,,0,30,,14524,,,0,70,,14525,,,0,30,,14526,,,0,70,,14527,,,0,30,,14528,,,0,70,,14529,,,0,30,,14530,,,0,70,,14531,,,0,30,,14532,,,0,70,,14533,,,0,30,,14534,,,0,70,,14535,,,0,30,,14536,,,0,70,,14537,,,0,30,,14538,,,0,70,,14539,,,0,20,,14540,,,0,70,,14541,,,0,30,,14542,,,0,70,,14543,,,0,30,,14544,,,0,109,,14545,,,0
