23000,'Fête-1-05',852,,10616,,,0,100,,10617,,,0,102,,10621,,,0,101,,10622,,,0,100,,10623,,,0,100,,10624,,,0,100,,10625,,,0,99,,10627,,,0,100,,10615,,,0,98,,10614,,,0,99,,10626,,,0,100,,10620,,,0,100,,10619,,,0,100,,10618,,,0,100,,10628,,,0
23000,'Fête-2-04',628,,10634,,,0,30,,10635,,,0,70,,10636,,,0,30,,10637,,,0,70,,10638,,,0,29,,10639,,,0,100,,10640,,,0,100,,10645,,,0,100,,10646,,,0,100,,10647,,,0,100,,10648,,,0,100,,10649,,,0,101,,10651,,,0,70,,10632,,,0,30,,10631,,,0,70,,10630,,,0,30,,10629,,,0,70,,10633,,,0,28,,10650,,,0,70,,10644,,,0,100,,10643,,,0,100,,10642,,,0,100,,10641,,,0
23000,'Semaine-52',628,,10657,,,0,30,,10658,,,0,70,,10659,,,0,30,,10660,,,0,70,,10661,,,0,29,,10662,,,0,100,,10663,,,0,100,,10668,,,0,100,,10669,,,0,100,,10670,,,0,100,,10671,,,0,100,,10672,,,0,101,,10674,,,0,70,,10655,,,0,30,,10654,,,0,70,,10653,,,0,30,,10652,,,0,70,,10656,,,0,28,,10673,,,0,70,,10667,,,0,100,,10666,,,0,100,,10665,,,0,100,,10664,,,0
23000,'Week-end-52',852,,10677,,,0,100,,10678,,,0,102,,10682,,,0,101,,10683,,,0,100,,10684,,,0,100,,10685,,,0,100,,10686,,,0,99,,10688,,,0,100,,10676,,,0,98,,10675,,,0,99,,10687,,,0,100,,10681,,,0,100,,10680,,,0,100,,10679,,,0,100,,10689,,,0
23101,'Fête-1-05',855,,10775,,,0,100,,10774,,,0,100,,10776,,,0,100,,10772,,,0,100,,10777,,,0,100,,10771,,,0,100,,10778,,,0,100,,10770,,,0,100,,10779,,,0,100,,10773,,,0,100,,10780,,,0,100,,10769,,,0,100,,10781,,,0,100,,10768,,,0
23101,'Fête-2-04',630,,10783,,,0,70,,10784,,,0,30,,10785,,,0,70,,10786,,,0,30,,10787,,,0,95,,10788,,,0,100,,10789,,,0,100,,10790,,,0,100,,10791,,,0,100,,10792,,,0,100,,10793,,,0,100,,10794,,,0,88,,10795,,,0,27,,10796,,,0,73,,10797,,,0,27,,10798,,,0,73,,10799,,,0,27,,10800,,,0,85,,10801,,,0,100,,10802,,,0,100,,10803,,,0,100,,10804,,,0
23101,'Semaine-52',630,,10806,,,0,70,,10807,,,0,30,,10808,,,0,70,,10809,,,0,30,,10810,,,0,95,,10811,,,0,100,,10812,,,0,100,,10813,,,0,100,,10814,,,0,100,,10815,,,0,100,,10816,,,0,100,,10817,,,0,88,,10818,,,0,27,,10819,,,0,73,,10820,,,0,27,,10821,,,0,73,,10822,,,0,27,,10823,,,0,85,,10824,,,0,100,,10825,,,0,100,,10826,,,0,100,,10827,,,0
23101,'Week-end-52',855,,10836,,,0,100,,10835,,,0,100,,10837,,,0,100,,10833,,,0,100,,10838,,,0,100,,10832,,,0,100,,10839,,,0,100,,10831,,,0,100,,10840,,,0,100,,10834,,,0,100,,10841,,,0,100,,10830,,,0,100,,10842,,,0,100,,10829,,,0
23500,'Fête-1-05',855,,11018,,,0,100,,11014,,,0,100,,11019,,,0,101,,11020,,,0,100,,11023,,,0,100,,11021,,,0,100,,11022,,,0,99,,11016,,,0,100,,11017,,,0,100,,11015,,,0,100,,11010,,,0,100,,11012,,,0,100,,11013,,,0,100,,11011,,,0,100,,11024,,,0
23500,'Fête-2-04',626,,11026,,,0,27,,11025,,,0,73,,11028,,,0,30,,11027,,,0,70,,11030,,,0,30,,11029,,,0,100,,11031,,,0,100,,11032,,,0,100,,11033,,,0,100,,11034,,,0,100,,11035,,,0,100,,11036,,,0,100,,11037,,,0,72,,11039,,,0,30,,11038,,,0,69,,11041,,,0,31,,11040,,,0,70,,11043,,,0,29,,11042,,,0,98,,11044,,,0,100,,11045,,,0,100,,11046,,,0,147,,11047,,,0
23500,'Semaine-52',626,,11049,,,0,27,,11048,,,0,73,,11051,,,0,30,,11050,,,0,70,,11053,,,0,30,,11052,,,0,100,,11054,,,0,100,,11055,,,0,100,,11056,,,0,100,,11057,,,0,100,,11058,,,0,100,,11059,,,0,100,,11060,,,0,72,,11062,,,0,30,,11061,,,0,69,,11064,,,0,31,,11063,,,0,70,,11066,,,0,29,,11065,,,0,98,,11067,,,0,100,,11068,,,0,100,,11069,,,0,147,,11070,,,0
23500,'Week-end-52',855,,11079,,,0,100,,11075,,,0,100,,11080,,,0,101,,11081,,,0,100,,11084,,,0,100,,11082,,,0,100,,11083,,,0,99,,11077,,,0,100,,11078,,,0,100,,11076,,,0,100,,11071,,,0,100,,11073,,,0,100,,11074,,,0,100,,11072,,,0,100,,11085,,,0
