22501,'Fête-1-05',909,,10358,,,0,200,,10359,,,0,200,,10360,,,0,200,,10361,,,0,200,,10362,,,0,199,,10363,,,0,198,,10364,,,0
22501,'Fête-2-04',610,,10366,,,0,30,,10367,,,0,69,,10368,,,0,30,,10369,,,0,70,,10370,,,0,101,,10371,,,0,99,,10372,,,0,100,,10373,,,0,100,,10374,,,0,100,,10375,,,0,100,,10376,,,0,100,,10377,,,0,100,,10378,,,0,45,,10379,,,0,70,,10380,,,0,31,,10381,,,0,69,,10382,,,0,30,,10383,,,0,70,,10384,,,0,85,,10385,,,0,100,,10386,,,0,98,,10387,,,0
22501,'Semaine-52',610,,10389,,,0,30,,10390,,,0,69,,10391,,,0,30,,10392,,,0,70,,10393,,,0,101,,10394,,,0,99,,10395,,,0,100,,10396,,,0,100,,10397,,,0,100,,10398,,,0,100,,10399,,,0,100,,10400,,,0,100,,10401,,,0,45,,10402,,,0,70,,10403,,,0,31,,10404,,,0,69,,10405,,,0,30,,10406,,,0,70,,10407,,,0,85,,10408,,,0,100,,10409,,,0,98,,10410,,,0
22501,'Week-end-52',909,,10411,,,0,200,,10412,,,0,200,,10413,,,0,200,,10414,,,0,200,,10415,,,0,199,,10416,,,0,198,,10417,,,0
22701,'Fête-1-05',858,,10484,,,0,200,,10485,,,0,200,,10486,,,0,200,,10487,,,0,200,,10488,,,0,200,,10489,,,0,200,,10490,,,0
22701,'Fête-2-04',558,,10493,,,0,70,,10494,,,0,72,,10495,,,0,30,,10496,,,0,70,,10497,,,0,58,,10498,,,0,100,,10499,,,0,100,,10500,,,0,100,,10501,,,0,100,,10502,,,0,100,,10503,,,0,100,,10504,,,0,142,,10505,,,0,45,,10506,,,0,70,,10507,,,0,30,,10508,,,0,68,,10509,,,0,30,,10510,,,0,70,,10511,,,0,45,,10512,,,0,100,,10513,,,0,100,,10514,,,0,100,,10515,0,8 14 1 15 16 17,0
22701,'Semaine-52',558,,10518,,,0,70,,10519,,,0,72,,10520,,,0,30,,10521,,,0,70,,10522,,,0,58,,10523,,,0,100,,10524,,,0,100,,10525,,,0,100,,10526,,,0,100,,10527,,,0,100,,10528,,,0,100,,10529,,,0,142,,10530,,,0,45,,10531,,,0,70,,10532,,,0,30,,10533,,,0,68,,10534,,,0,30,,10535,,,0,70,,10536,,,0,45,,10537,,,0,100,,10538,,,0,100,,10539,,,0,100,,10540,0,8 14 1 15 16 17,0
22701,'Week-end-52',858,,10541,,,0,200,,10542,,,0,200,,10543,,,0,200,,10544,,,0,200,,10545,,,0,200,,10546,,,0,200,,10547,,,0
70800,'Fête-1-05',738,,14122,,,0,104,,14123,,,0,89,,14124,,,0,100,,14125,,,0,102,,14126,,,0,99,,14127,,,0,100,,14128,,,0,100,,14129,,,0,100,,14130,,,0,100,,14131,,,0,100,,14132,,,0,100,,14133,,,0,100,,14134,,,0,96,,14135,,,0,103,,14136,,,0,80,,14137,,,0,43,,14138,,,0,80,,14120,,,0,117,,14121,,,0
70800,'Fête-2-04',558,,14139,,,0,70,,14140,,,0,31,,14141,,,0,70,,14142,,,0,30,,14143,,,0,55,,14144,,,0,17,,14145,,,0,27,,14146,,,0,72,,14147,,,0,99,,14148,,,0,100,,14149,,,0,100,,14150,,,0,100,,14151,,,0,99,,14152,,,0,99,,14153,,,0,77,,14154,,,0,20,,14155,,,0,10,,14156,,,0,21,,14157,,,0,49,,14158,,,0,21,,14159,,,0,9,,14160,,,0,21,,14161,,,0,49,,14162,,,0,13,,14163,,,0,15,,14164,,,0,25,,14165,,,0,70,,14166,,,0,100,,14167,,,0,90,,14168,,,0,90,,14169,,,0,95,,14170,,,0,98,,14171,,,0,100,,14172,,,0,100,,14173,,,0
70800,'Semaine-52',559,,14174,,,0,70,,14175,,,0,30,,14176,,,0,70,,14177,,,0,30,,14178,,,0,55,,14179,,,0,17,,14180,,,0,70,,14181,,,0,31,,14182,,,0,69,,14183,,,0,30,,14184,,,0,70,,14185,,,0,30,,14186,,,0,70,,14187,,,0,30,,14188,,,0,70,,14189,,,0,30,,14190,,,0,70,,14191,,,0,30,,14192,,,0,70,,14193,,,0,30,,14194,,,0,28,,14195,,,0,47,,14196,,,0,23,,14197,,,0,7,,14198,,,0,23,,14199,,,0,47,,14200,,,0,23,,14201,,,0,7,,14202,,,0,23,,14203,,,0,47,,14204,,,0,23,,14205,,,0,3,,14206,,,0,27,,14207,,,0,70,,14208,,,0,30,,14209,,,0,70,,14210,,,0,30,,14211,,,0,70,,14212,,,0,20,,14213,,,0,70,,14214,,,0,89,,14215,,,0,92,,14216,,,0,100,,14217,,,0,100,,14218,,,0
70800,'Week-end-52',738,,14221,,,0,104,,14222,,,0,89,,14223,,,0,100,,14224,,,0,102,,14225,,,0,99,,14226,,,0,100,,14227,,,0,100,,14228,,,0,100,,14229,,,0,100,,14230,,,0,100,,14231,,,0,100,,14232,,,0,100,,14233,,,0,96,,14234,,,0,103,,14235,,,0,80,,14236,,,0,43,,14237,,,0,80,,14219,,,0,117,,14220,,,0
