24100,'Semaine-01',624,,16728,640,,,0,23,,16729,640,,,0,76,,16730,640,,,0,24,,16731,640,,,0,102,,16732,640,,,0,100,,16733,640,,,0,100,,16734,640,,,0,100,,16735,640,,,0,100,,16736,640,,,0,100,,16737,640,,,0,101,,16738,640,,,0,107,,16739,640,,,0,151,,16740,640,,,0,100,,16741,640,,,0,28,,16742,640,,,0,71,,16743,640,,,0,33,,16744,640,,,0,97,,16745,640,,,0,69,,16746,640,,,0,98,,16747,640,,,0,97,,16748,640,,,0,58,,16749,640,,,0
24300,'Semaine-01',618,,16804,380,0,31 32,0,22,,16805,380,0,31 32,0,83,,16806,630,,,0,22,,16807,630,,,0,87,,16808,630,,,0,18,,16809,630,,,0,85,,16810,630,,,0,14,,16811,630,,,0,106,,16812,630,,,0,100,,16813,630,,,0,100,,16814,630,,,0,100,,16815,630,,,0,100,,16816,630,,,0,156,,16817,630,,,0,40,,16818,630,,,0,72,,16819,630,,,0,84,,16820,630,,,0,30,,16821,630,,,0,78,,16822,630,,,0,32,,16823,630,,,0,72,,16824,630,,,0,84,,16825,630,,,0,100,,16826,630,,,0,100,,16827,630,,,0
24601,'Semaine-01',604,,16837,520,,,0,47,,16836,520,,,0,90,,16835,520,,,0,93,,16834,520,,,0,89,,16833,520,,,0,699,,16832,520,,,0,92,,16831,520,,,0,93,,16830,520,,,0,51,,16829,520,,,0,87,,16828,520,,,0
24701,'Fête-1-01',757,,16871,530,,,0,170,,16872,530,,,0,130,,16873,530,,,0,170,,16874,530,,,0,130,,16875,530,,,0,170,,16876,530,,,0,130,,16877,530,,,0,170,,16878,530,,,0,130,,16879,530,,,0
24701,'Semaine-01',556,,16884,530,,,0,70,,16885,530,,,0,122,,16886,530,,,0,60,,16887,530,,,0,42,,16888,530,,,0,106,,16889,530,,,0,171,,16890,530,,,0,130,,16891,530,,,0,170,,16892,530,,,0,183,,16893,530,,,0,24,,16894,530,,,0,116,,16880,530,,,0,92,,16895,530,,,0,162,,16881,530,,,0,129,,16882,530,,,0,169,,16883,530,,,0
24701,'Week-end-01',757,,16896,530,,,0,170,,16897,530,,,0,130,,16898,530,,,0,170,,16899,530,,,0,130,,16900,530,,,0,170,,16901,530,,,0,130,,16902,530,,,0,170,,16903,530,,,0,130,,16904,530,,,0
24901,'Fête-1-01',758,,16958,640,,,0,168,,16959,640,,,0,130,,16960,640,,,0,170,,16961,640,,,0,130,,16962,640,,,0,170,,16963,640,,,0,130,,16964,640,,,0,170,,16965,640,,,0,130,,16966,640,,,0,170,,16967,640,,,0,130,,16968,640,,,0
24901,'Semaine-01',625,,16969,640,,,0,23,,16970,640,0,8 27 76,0,78,,16971,640,,,0,97,,16972,640,,,0,25,,16973,640,,,0,100,,16974,640,,,0,95,,16975,640,,,0,100,,16976,640,,,0,100,,16977,640,,,0,100,,16978,640,,,0,100,,16979,640,,,0,161,,16980,640,,,0,54,,16981,640,,,0,75,,16982,640,,,0,78,,16983,640,,,0,89,,16984,640,,,0,59,,16985,640,,,0,141,,16986,640,,,0,103,,16987,640,,,0,97,,16988,640,,,0
24901,'Week-end-01',758,,16989,640,,,0,168,,16990,640,,,0,130,,16991,640,,,0,170,,16992,640,,,0,130,,16993,640,,,0,170,,16994,640,,,0,130,,16995,640,,,0,170,,16996,640,,,0,130,,16997,640,,,0,170,,16998,640,,,0,130,,16999,640,,,0
25001,'Fête-1-01',754,,17082,610,,,0,100,,17066,610,,,0,70,,17069,610,,,0,100,,17076,610,,,0,30,,17077,610,,,0,100,,17068,610,,,0,70,,17071,610,,,0,100,,17079,610,,,0,30,,17080,610,,,0,100,,17067,610,,,0,70,,17078,610,,,0,100,,17070,610,,,0,30,,17075,610,,,0,100,,17081,610,,,0,70,,17072,610,,,0,100,,17073,610,,,0,30,,17065,610,,,0,100,,17074,610,,,0,70,,17083,610,,,0,100,,17064,610,,,0,30,,17084,610,,,0
25001,'Semaine-01',623,,17085,610,,,0,25,,17086,610,,,0,72,,17087,610,0,8 27 76,0,22,,17088,610,,,0,85,,17089,610,,,0,94,,17090,610,,,0,28,,17091,610,,,0,95,,17092,610,,,0,100,,17093,610,,,0,103,,17094,610,,,0,100,,17095,610,,,0,102,,17096,610,,,0,155,,17097,610,,,0,103,,17098,610,,,0,26,,17099,610,,,0,70,,17100,610,,,0,28,,17101,610,,,0,80,,17102,610,,,0,47,,17103,610,,,0,147,,17104,610,,,0,95,,17105,610,,,0,59,,17106,610,,,0
25001,'Week-end-01',754,,17125,610,,,0,100,,17109,610,,,0,70,,17112,610,,,0,100,,17119,610,,,0,30,,17120,610,,,0,100,,17111,610,,,0,70,,17114,610,,,0,100,,17122,610,,,0,30,,17123,610,,,0,100,,17110,610,,,0,70,,17121,610,,,0,100,,17113,610,,,0,30,,17118,610,,,0,100,,17124,610,,,0,70,,17115,610,,,0,100,,17116,610,,,0,30,,17108,610,,,0,100,,17117,610,,,0,70,,17126,610,,,0,100,,17107,610,,,0,30,,17127,610,,,0
25100,'Fête-1-01',756,,17128,350,0,31 32,0,93,,17143,690,,,0,100,,17141,690,,,0,100,,17144,690,,,0,100,,17140,690,,,0,100,,17139,690,,,0,100,,17142,690,,,0,100,,17135,690,,,0,100,,17138,690,,,0,100,,17134,690,,,0,100,,17136,690,,,0,100,,17132,690,,,0,99,,17137,690,,,0,100,,17129,690,,,0,100,,17130,690,,,0,100,,17131,690,,,0
25100,'Semaine-01',945,,17146,690,,,0,100,,17145,690,,,0,100,,17154,690,,,0,100,,17150,690,,,0,100,,17153,690,,,0,100,,17148,690,,,0,655,,17151,690,,,0,57,,17149,690,,,0,98,,17147,690,,,0
25100,'Week-end-01',756,,17155,350,0,31 32,0,93,,17170,690,,,0,100,,17168,690,,,0,100,,17171,690,,,0,100,,17167,690,,,0,100,,17166,690,,,0,100,,17169,690,,,0,100,,17162,690,,,0,100,,17165,690,,,0,100,,17161,690,,,0,100,,17163,690,,,0,100,,17159,690,,,0,99,,17164,690,,,0,100,,17156,690,,,0,100,,17157,690,,,0,100,,17158,690,,,0
25201,'Semaine-01',627,,17180,320,,,0,78,,17172,320,,,0,36,,17186,320,,,0,76,,17184,320,,,0,33,,17181,320,,,0,679,,17182,320,,,0,79,,17178,320,,,0,34,,17175,320,,,0,71,,17177,320,,,0,30,,17183,320,,,0,69,,17173,320,,,0,29,,17185,320,,,0,71,,17179,320,,,0,28,,17176,320,,,0,68,,17174,320,,,0
70901,'Fête-1-01',626,,18387,530,,,0,30,,18388,530,,,0,70,,18389,530,,,0,30,,18390,530,,,0,70,,18391,530,,,0,16,,18392,530,,,0,71,,18393,530,,,0,30,,18394,530,,,0,70,,18395,530,,,0,31,,18396,530,,,0,71,,18397,530,,,0,30,,18398,530,,,0,70,,18399,530,,,0,30,,18400,530,,,0,70,,18401,530,,,0,30,,18402,530,,,0,70,,18403,530,,,0,30,,18404,530,,,0,70,,18405,530,,,0,30,,18406,530,,,0,70,,18407,530,,,0,30,,18408,530,,,0,70,,18409,530,,,0,30,,18410,530,,,0,70,,18411,530,,,0,30,,18412,530,,,0,70,,18413,530,,,0,30,,18414,530,,,0,70,,18415,530,,,0,30,,18416,530,,,0,70,,18417,530,,,0,30,,18418,530,,,0,70,,18419,530,,,0,30,,18420,530,,,0,70,,18421,530,,,0,30,,18422,530,,,0,111,,18423,530,,,0
70901,'Semaine-01',457,,18427,530,,,0,70,,18469,530,,,0,20,,18425,530,,,0,10,,18424,530,,,0,63,,18426,530,,,0,20,,18428,530,,,0,60,,18429,530,,,0,28,,18430,530,,,0,12,,18431,530,,,0,61,,18432,530,,,0,10,,18433,530,,,0,10,,18434,530,,,0,20,,18435,530,,,0,10,,18436,530,,,0,54,,18437,530,,,0,13,,18439,530,,,0,15,,18475,530,,,0,15,,18438,530,,,0,70,,18440,530,,,0,15,,18441,530,,,0,22,,18442,560,,,0,70,,18443,560,,,0,15,,18444,560,,,0,15,,18445,560,,,0,55,,18446,560,,,0,15,,18478,560,,,0,15,,18447,560,,,0,15,,18479,560,,,0,70,,18448,560,,,0,15,,18449,560,,,0,15,,18450,560,,,0,70,,18470,560,,,0,30,,18471,560,,,0,70,,18472,560,,,0,16,,18473,560,,,0,16,,18474,560,,,0,89,,18452,560,,,0,55,,18451,560,,,0,28,,18453,560,,,0,15,,18454,560,,,0,62,,18455,560,,,0,15,,18476,560,,,0,13,,18477,560,,,0,14,,18456,560,,,0,59,,18457,560,,,0,14,,18458,560,,,0,15,,18459,560,,,0,22,,18460,530,,,0,70,,18461,530,,,0,15,,18462,530,,,0,67,,18463,530,,,0,30,,18464,530,,,0,69,,18465,530,,,0,44,,18466,530,,,0,99,,18467,530,,,0,148,,18468,530,,,0
70901,'Week-end-01',626,,18480,530,,,0,30,,18481,530,,,0,70,,18482,530,,,0,30,,18483,530,,,0,70,,18484,530,,,0,16,,18485,530,,,0,71,,18486,530,,,0,30,,18487,530,,,0,70,,18488,530,,,0,31,,18489,530,,,0,71,,18490,530,,,0,30,,18491,530,,,0,70,,18492,530,,,0,30,,18493,530,,,0,70,,18494,530,,,0,30,,18495,530,,,0,70,,18496,530,,,0,30,,18497,530,,,0,70,,18498,530,,,0,30,,18499,530,,,0,70,,18500,530,,,0,30,,18501,530,,,0,70,,18502,530,,,0,30,,18503,530,,,0,70,,18504,530,,,0,30,,18505,530,,,0,70,,18506,530,,,0,30,,18507,530,,,0,70,,18508,530,,,0,30,,18509,530,,,0,70,,18510,530,,,0,30,,18511,530,,,0,70,,18512,530,,,0,30,,18513,530,,,0,70,,18514,530,,,0,30,,18515,530,,,0,111,,18516,530,,,0
