25001,'Fête-1-05',723,,4425,300,,,0,99,,4409,300,,,0,30,,4412,300,,,0,99,,4419,300,,,0,70,,4420,300,,,0,101,,4411,300,,,0,30,,4414,300,,,0,100,,4422,300,,,0,70,,4423,300,,,0,100,,4410,300,,,0,29,,4421,300,,,0,100,,4413,300,,,0,71,,4418,300,,,0,101,,4424,300,,,0,30,,4415,300,,,0,100,,4416,300,,,0,70,,4408,300,,,0,101,,4417,300,,,0,30,,4426,300,,,0,101,,4407,300,,,0,70,,4427,300,,,0
25001,'Fête-2-04',548,,4428,300,,,0,65,,4429,300,,,0,28,,4430,300,,,0,62,,4431,300,,,0,45,,4432,300,,,0,96,,4433,300,,,0,71,,4434,300,,,0,96,,4435,300,,,0,100,,4436,300,,,0,103,,4437,300,,,0,100,,4438,300,,,0,102,,4439,300,,,0,115,,4440,300,,,0,99,,4441,300,,,0,26,,4442,300,,,0,70,,4443,300,,,0,28,,4444,300,,,0,83,,4445,300,,,0,87,,4446,300,,,0,108,,4447,300,,,0,93,,4448,300,,,0,101,,4449,300,,,0
25001,'Semaine-52',548,,4450,300,,,0,64,,4451,300,,,0,29,,4452,300,,,0,62,,4453,300,,,0,45,,4454,300,,,0,62,,4455,300,,,0,34,,4456,300,,,0,71,,4457,300,,,0,37,,4458,300,,,0,59,,4459,300,,,0,100,,4460,300,,,0,103,,4461,300,,,0,100,,4462,300,,,0,102,,4463,300,,,0,115,,4464,300,,,0,24,,4465,300,,,0,75,,4466,300,,,0,26,,4467,300,,,0,70,,4468,300,,,0,28,,4469,300,,,0,82,,4470,300,,,0,88,,4471,300,,,0,107,,4472,300,,,0,94,,4473,300,,,0,101,,4474,300,,,0
25001,'Week-end-52',723,,4493,300,,,0,99,,4477,300,,,0,30,,4480,300,,,0,99,,4487,300,,,0,70,,4488,300,,,0,101,,4479,300,,,0,30,,4482,300,,,0,100,,4490,300,,,0,70,,4491,300,,,0,100,,4478,300,,,0,29,,4489,300,,,0,100,,4481,300,,,0,71,,4486,300,,,0,101,,4492,300,,,0,30,,4483,300,,,0,100,,4484,300,,,0,70,,4476,300,,,0,101,,4485,300,,,0,30,,4494,300,,,0,101,,4475,300,,,0,70,,4495,300,,,0
31700,'Fête-1-05',1533,,5598,20,4,,0
31700,'Fête-2-04',658,,5599,260,0,11 23,0,70,,5600,260,0,11 23,0,110,,5601,260,0,11 23,0,290,,5602,260,0,11 23,0,300,,5603,260,0,11 23,0,105,,5604,20,4,,0
31700,'Semaine-52',658,,5605,260,0,11 23,0,70,,5606,260,0,11 23,0,110,,5607,260,0,11 23,0,290,,5608,260,0,11 23,0,300,,5609,260,0,11 23,0
31700,'Semaine-52-1010100',1533,,5610,20,4,,0
31700,'Week-end-52',1533,,5611,20,4,,0
31701,'Fête-2-04',1238,,5613,270,0,24,0,270,,5618,270,0,24,0,100,,5614,270,0,24,0,130,,5615,270,0,24,0,100,,5616,270,0,24,0,475,,5617,270,0,24,0
31701,'Semaine-52',1238,,5620,270,0,24,0,270,,5625,270,0,24,0,100,,5621,270,0,24,0,130,,5622,270,0,24,0,100,,5623,270,0,24,0,475,,5624,270,0,24,0
51401,'Fête-2-04',538,,6100,300,,,0,95,,6101,300,,,0,74,,6102,300,,,0
51401,'Semaine-52',538,,6103,300,,,0,95,,6104,300,,,0,74,,6105,300,,,0
