23200,'Fête-1-05',927,,10852,,,0,102,,10847,,,0,100,,10853,,,0,102,,10846,,,0,100,,10854,,,0,100,,10845,,,0,100,,10855,,,0,98,,10850,,,0,100,,10856,,,0,99,,10849,,,0,100,,10857,,,0,100,,10844,,,0,100,,10858,,,0,100,,10851,,,0
23200,'Fête-2-04',631,,10859,,,0,70,,10860,,,0,30,,10861,,,0,70,,10862,,,0,30,,10863,,,0,69,,10864,,,0,100,,10865,,,0,100,,10866,,,0,100,,10867,,,0,100,,10868,,,0,100,,10869,,,0,100,,10870,,,0,106,,10871,,,0,35,,10872,,,0,73,,10873,,,0,27,,10874,,,0,67,,10875,,,0,27,,10876,,,0,71,,10877,,,0,94,,10878,,,0,100,,10879,,,0,100,,10880,,,0
23200,'Semaine-52',631,,10883,,,0,70,,10884,,,0,30,,10885,,,0,70,,10886,,,0,30,,10887,,,0,69,,10888,,,0,100,,10889,,,0,100,,10890,,,0,100,,10891,,,0,100,,10892,,,0,100,,10893,,,0,100,,10894,,,0,106,,10895,,,0,35,,10896,,,0,73,,10897,,,0,27,,10898,,,0,67,,10899,,,0,27,,10900,,,0,71,,10901,,,0,94,,10902,,,0,100,,10903,,,0,100,,10904,,,0
23200,'Week-end-52',927,,10915,,,0,102,,10910,,,0,100,,10916,,,0,102,,10909,,,0,100,,10917,,,0,100,,10908,,,0,100,,10918,,,0,98,,10913,,,0,100,,10919,,,0,99,,10912,,,0,100,,10920,,,0,100,,10907,,,0,100,,10921,,,0,100,,10914,,,0
23300,'Fête-1-05',912,,10926,,,0,200,,10928,,,0,200,,10924,,,0,203,,10929,,,0,200,,10927,,,0,197,,10925,,,0,199,,10922,,,0
23300,'Fête-2-04',642,,10930,,,0,101,,10931,,,0,105,,10942,,,0,97,,10943,,,0,170,,10932,,,0,200,,10933,,,0,200,,10934,,,0,35,,10935,,,0,103,,10936,,,0,105,,10937,,,0,100,,10941,,,0,142,,10938,,,0,115,,10939,,,0
23300,'Semaine-52',642,,10944,,,0,101,,10945,,,0,105,,10956,,,0,97,,10957,,,0,170,,10946,,,0,200,,10947,,,0,200,,10948,,,0,35,,10949,,,0,103,,10950,,,0,105,,10951,,,0,100,,10955,,,0,142,,10952,,,0,115,,10953,,,0
23300,'Week-end-52',912,,10962,,,0,200,,10964,,,0,200,,10960,,,0,203,,10965,,,0,200,,10963,,,0,197,,10961,,,0,199,,10958,,,0
23400,'Fête-1-05',816,,10973,,,0,196,,10971,,,0,200,,10969,,,0,203,,10966,,,0,202,,10968,,,0,195,,10967,,,0,200,,10972,,,0,200,,10970,,,0
23400,'Fête-2-04',544,,10985,,,0,66,,10984,,,0,100,,10974,,,0,104,,10987,,,0,99,,10975,,,0,102,,10976,,,0,200,,10977,,,0,200,,10978,,,0,203,,10979,,,0,107,,10980,,,0,103,,10981,,,0,92,,10986,,,0,97,,10982,,,0,198,,10983,,,0
23400,'Semaine-52',544,,10999,,,0,66,,10998,,,0,100,,10988,,,0,104,,11001,,,0,99,,10989,,,0,102,,10990,,,0,200,,10991,,,0,200,,10992,,,0,203,,10993,,,0,107,,10994,,,0,103,,10995,,,0,92,,11000,,,0,97,,10996,,,0,198,,10997,,,0
23400,'Week-end-52',816,,11009,,,0,196,,11007,,,0,200,,11005,,,0,203,,11002,,,0,202,,11004,,,0,195,,11003,,,0,200,,11008,,,0,200,,11006,,,0
