25000,'Fête-1-05',853,,11961,4,,0,100,,11959,4,,0,70,,11962,4,,0,100,,11963,4,,0,31,,11964,4,,0,100,,11960,4,,0,70,,11977,4,,0,100,,11972,4,,0,30,,11975,4,,0,101,,11978,4,,0,71,,11969,4,,0,100,,11968,4,,0,31,,11970,4,,0,99,,11971,4,,0,69,,11976,4,,0,100,,11966,4,,0,30,,11979,4,,0,98,,11973,4,,0,70,,11965,4,,0,100,,11974,4,,0,30,,11967,4,,0
25000,'Fête-2-04',724,,11980,4,,0,23,,11981,4,,0,74,,11982,4,,0,25,,11983,4,,0,81,,11984,4,,0,122,,11985,4,,0,103,,11986,4,,0,100,,11987,4,,0,101,,11988,4,,0,102,,11989,4,,0,153,,11990,4,,0,51,,11991,4,,0,65,,11992,4,,0,91,,11993,4,,0,26,,11994,4,,0,71,,11995,4,,0,32,,11996,4,,0,67,,11997,4,,0,90,,11998,4,,0,104,,11999,4,,0,96,,12000,4,,0,57,,12001,4,,0
25000,'Semaine-52',725,,12002,4,,0,22,,12003,4,,0,74,,12004,4,,0,25,,12005,4,,0,81,,12006,4,,0,22,,12007,4,,0,100,,12008,4,,0,103,,12009,4,,0,100,,12010,4,,0,101,,12011,4,,0,102,,12012,4,,0,153,,12013,4,,0,41,,12014,4,,0,75,,12015,4,,0,22,,12017,4,,0,69,,12016,4,,0,26,,12018,4,,0,71,,12019,4,,0,32,,12020,4,,0,66,,12021,4,,0,91,,12022,4,,0,103,,12023,4,,0,97,,12024,4,,0,57,,12025,4,,0
25000,'Week-end-52',853,,12028,4,,0,100,,12026,4,,0,70,,12029,4,,0,100,,12030,4,,0,31,,12031,4,,0,100,,12027,4,,0,70,,12044,4,,0,100,,12039,4,,0,30,,12042,4,,0,101,,12045,4,,0,71,,12036,4,,0,100,,12035,4,,0,31,,12037,4,,0,99,,12038,4,,0,69,,12043,4,,0,100,,12033,4,,0,30,,12046,4,,0,98,,12040,4,,0,70,,12032,4,,0,100,,12041,4,,0,30,,12034,4,,0
25001,'Fête-1-05',707,,12065,,,0,99,,12049,,,0,30,,12052,,,0,99,,12059,,,0,70,,12060,,,0,101,,12051,,,0,30,,12054,,,0,100,,12062,,,0,70,,12063,,,0,100,,12050,,,0,29,,12061,,,0,100,,12053,,,0,71,,12058,,,0,101,,12064,,,0,30,,12055,,,0,100,,12056,,,0,70,,12048,,,0,101,,12057,,,0,30,,12066,,,0,101,,12047,,,0,70,,12067,,,0
25001,'Fête-2-04',531,,12068,,,0,25,,12069,,,0,68,,12070,,,0,21,,12071,,,0,85,,12072,,,0,96,,12073,,,0,32,,12074,,,0,96,,12075,,,0,100,,12076,,,0,103,,12077,,,0,100,,12078,,,0,102,,12079,,,0,155,,12080,,,0,99,,12081,,,0,26,,12082,,,0,70,,12083,,,0,28,,12084,,,0,84,,12085,,,0,87,,12086,,,0,108,,12087,,,0,93,,12088,,,0,101,,12089,,,0
25001,'Semaine-52',531,,12090,,,0,24,,12091,,,0,69,,12092,,,0,21,,12093,,,0,85,,12094,,,0,22,,12095,,,0,74,,12096,,,0,32,,12097,,,0,77,,12098,,,0,19,,12099,,,0,100,,12100,,,0,103,,12101,,,0,100,,12102,,,0,102,,12103,,,0,155,,12104,,,0,24,,12105,,,0,75,,12106,,,0,26,,12107,,,0,70,,12108,,,0,28,,12109,,,0,83,,12110,,,0,88,,12111,,,0,107,,12112,,,0,94,,12113,,,0,101,,12114,,,0
25001,'Week-end-52',707,,12133,,,0,99,,12117,,,0,30,,12120,,,0,99,,12127,,,0,70,,12128,,,0,101,,12119,,,0,30,,12122,,,0,100,,12130,,,0,70,,12131,,,0,100,,12118,,,0,29,,12129,,,0,100,,12121,,,0,71,,12126,,,0,101,,12132,,,0,30,,12123,,,0,100,,12124,,,0,70,,12116,,,0,101,,12125,,,0,30,,12134,,,0,101,,12115,,,0,70,,12135,,,0
31700,'Fête-2-04',650,,13239,0,11 23,0,70,,13240,0,11 23,0,110,,13241,0,11 23,0,290,,13242,0,11 23,0,300,,13243,0,11 23,0
31700,'Semaine-52',650,,13245,0,11 23,0,70,,13246,0,11 23,0,110,,13247,0,11 23,0,290,,13248,0,11 23,0,300,,13249,0,11 23,0
31701,'Fête-2-04',1230,,13253,0,24,0,270,,13258,0,24,0,100,,13254,0,24,0,130,,13255,0,24,0,100,,13256,0,24,0,475,,13257,0,24,0
31701,'Semaine-52',1230,,13260,0,24,0,270,,13265,0,24,0,100,,13261,0,24,0,130,,13262,0,24,0,100,,13263,0,24,0,475,,13264,0,24,0
51400,'Fête-2-04',1734,,13734,4,,0,80,,13735,4,,0,39,,13732,4,,0,90,,13733,4,,0
51400,'Semaine-52',1734,,13738,4,,0,80,,13739,4,,0,39,,13736,4,,0,90,,13737,4,,0
51401,'Fête-2-04',524,,13740,,,0,95,,13741,,,0,34,,13742,,,0
51401,'Semaine-52',524,,13743,,,0,95,,13744,,,0,34,,13745,,,0
