24601,'Fête-2-04',601,,4057,460,,,0,47,,4056,460,,,0,89,,4055,460,,,0,93,,4054,460,,,0,89,,4053,460,,,0,699,,4052,460,,,0,92,,4051,460,,,0,93,,4050,460,,,0,52,,4049,460,,,0,87,,4048,460,,,0
24601,'Semaine-52',601,,4067,460,,,0,47,,4066,460,,,0,90,,4065,460,,,0,93,,4064,460,,,0,89,,4063,460,,,0,698,,4062,460,,,0,92,,4061,460,,,0,91,,4060,460,,,0,53,,4059,460,,,0,86,,4058,460,,,0
25001,'Fête-1-05',750,,4425,550,,,0,100,,4409,550,,,0,70,,4412,550,,,0,100,,4419,550,,,0,30,,4420,550,,,0,100,,4411,550,,,0,70,,4414,550,,,0,100,,4422,550,,,0,30,,4423,550,,,0,100,,4410,550,,,0,70,,4421,550,,,0,100,,4413,550,,,0,31,,4418,550,,,0,100,,4424,550,,,0,70,,4415,550,,,0,100,,4416,550,,,0,30,,4408,550,,,0,100,,4417,550,,,0,70,,4426,550,,,0,100,,4407,550,,,0,30,,4427,550,,,0
25001,'Fête-2-04',619,,4428,550,,,0,25,,4429,550,,,0,72,,4430,550,,,0,22,,4431,550,,,0,85,,4432,550,,,0,94,,4433,550,,,0,28,,4434,550,,,0,95,,4435,550,,,0,100,,4436,550,,,0,103,,4437,550,,,0,100,,4438,550,,,0,102,,4439,550,,,0,155,,4440,550,,,0,102,,4441,550,,,0,26,,4442,550,,,0,30,,4443,550,,,0,68,,4444,550,,,0,81,,4445,550,,,0,47,,4446,550,,,0,147,,4447,550,,,0,55,,4448,550,,,0,99,,4449,550,,,0
25001,'Semaine-52',619,,4450,550,,,0,24,,4451,550,,,0,73,,4452,550,,,0,22,,4453,550,,,0,85,,4454,550,,,0,22,,4455,550,,,0,72,,4456,550,,,0,28,,4457,550,,,0,76,,4458,550,,,0,19,,4459,550,,,0,100,,4460,550,,,0,103,,4461,550,,,0,100,,4462,550,,,0,102,,4463,550,,,0,155,,4464,550,,,0,26,,4465,550,,,0,76,,4466,550,,,0,26,,4467,550,,,0,30,,4468,550,,,0,68,,4469,550,,,0,80,,4470,550,,,0,48,,4471,550,,,0,146,,4472,550,,,0,56,,4473,550,,,0,99,,4474,550,,,0
25001,'Week-end-52',750,,4493,550,,,0,100,,4477,550,,,0,70,,4480,550,,,0,100,,4487,550,,,0,30,,4488,550,,,0,100,,4479,550,,,0,70,,4482,550,,,0,100,,4490,550,,,0,30,,4491,550,,,0,100,,4478,550,,,0,70,,4489,550,,,0,100,,4481,550,,,0,31,,4486,550,,,0,100,,4492,550,,,0,70,,4483,550,,,0,100,,4484,550,,,0,30,,4476,550,,,0,100,,4485,550,,,0,70,,4494,550,,,0,100,,4475,550,,,0,30,,4495,550,,,0
70901,'Fête-1-05',624,,6906,480,,,0,30,,6907,480,,,0,70,,6908,480,,,0,30,,6909,480,,,0,70,,6910,480,,,0,15,,6911,480,,,0,71,,6912,480,,,0,30,,6913,480,,,0,70,,6914,480,,,0,31,,6915,480,,,0,71,,6916,480,,,0,30,,6917,480,,,0,70,,6918,480,,,0,30,,6919,480,,,0,70,,6920,480,,,0,30,,6921,480,,,0,70,,6922,480,,,0,30,,6923,480,,,0,70,,6924,480,,,0,30,,6925,480,,,0,70,,6926,480,,,0,30,,6927,480,,,0,70,,6928,480,,,0,30,,6929,480,,,0,70,,6930,480,,,0,30,,6931,480,,,0,70,,6932,480,,,0,30,,6933,480,,,0,70,,6934,480,,,0,30,,6935,480,,,0,70,,6936,480,,,0,30,,6937,480,,,0,70,,6938,480,,,0,31,,6939,480,,,0,70,,6940,480,,,0,30,,6941,480,,,0,111,,6942,480,,,0
70901,'Fête-2-04',455,,6947,480,,,0,70,,6992,480,,,0,20,,6944,480,,,0,10,,6943,480,,,0,52,,6945,480,,,0,11,,6946,480,,,0,20,,6948,480,,,0,10,,6949,480,,,0,10,,6950,480,,,0,67,,6951,480,,,0,12,,6952,480,,,0,11,,6953,480,,,0,10,,6954,480,,,0,50,,6955,480,,,0,10,,6956,480,,,0,20,,6957,480,,,0,10,,6958,480,,,0,54,,6959,480,,,0,13,,6961,480,,,0,15,,6998,480,,,0,15,,6960,480,,,0,70,,6962,480,,,0,15,,6963,480,,,0,22,,6964,510,,,0,70,,6965,510,,,0,15,,6966,510,,,0,15,,6967,510,,,0,55,,6968,510,,,0,15,,7001,510,,,0,15,,6969,510,,,0,15,,7002,510,,,0,70,,6970,510,,,0,15,,6971,510,,,0,15,,6972,510,,,0,70,,6993,510,,,0,30,,6994,510,,,0,70,,6995,510,,,0,16,,6996,510,,,0,16,,6997,510,,,0,89,,6974,510,,,0,15,,6973,510,,,0,68,,6975,510,,,0,15,,6976,510,,,0,9,,6977,510,,,0,53,,6978,510,,,0,15,,6999,510,,,0,13,,7000,510,,,0,14,,6979,510,,,0,59,,6980,510,,,0,14,,6981,510,,,0,15,,6982,510,,,0,22,,6983,480,,,0,70,,6984,480,,,0,15,,6985,480,,,0,68,,6986,480,,,0,30,,6987,480,,,0,69,,6988,480,,,0,44,,6989,480,,,0,99,,6990,480,,,0,108,,6991,480,,,0
70901,'Semaine-52',455,,7007,480,,,0,70,,7056,480,,,0,20,,7004,480,,,0,10,,7003,480,,,0,52,,7005,480,,,0,11,,7006,480,,,0,10,,7008,480,,,0,10,,7009,480,,,0,10,,7010,480,,,0,10,,7011,480,,,0,57,,7012,480,,,0,10,,7013,480,,,0,12,,7014,480,,,0,11,,7015,480,,,0,10,,7016,480,,,0,50,,7017,480,,,0,10,,7018,480,,,0,10,,7019,480,,,0,10,,7020,480,,,0,10,,7021,480,,,0,54,,7022,480,,,0,13,,7024,480,,,0,15,,7063,480,,,0,15,,7023,480,,,0,70,,7025,480,,,0,15,,7026,480,,,0,22,,7027,510,,,0,70,,7028,510,,,0,15,,7029,510,,,0,15,,7030,510,,,0,55,,7031,510,,,0,15,,7066,510,,,0,15,,7032,510,,,0,15,,7067,510,,,0,70,,7033,510,,,0,15,,7034,510,,,0,15,,7035,510,,,0,70,,7058,510,,,0,30,,7059,510,,,0,70,,7060,510,,,0,16,,7061,510,,,0,16,,7062,510,,,0,74,,7057,510,,,0,15,,7037,510,,,0,15,,7036,510,,,0,55,,7038,510,,,0,13,,7039,510,,,0,15,,7040,510,,,0,9,,7041,510,,,0,53,,7042,510,,,0,15,,7064,510,,,0,13,,7065,510,,,0,14,,7043,510,,,0,59,,7044,510,,,0,14,,7045,510,,,0,15,,7046,510,,,0,22,,7047,480,,,0,70,,7048,480,,,0,15,,7049,480,,,0,68,,7050,480,,,0,30,,7051,480,,,0,69,,7052,480,,,0,44,,7053,480,,,0,99,,7054,480,,,0,108,,7055,480,,,0
70901,'Week-end-52',624,,7068,480,,,0,30,,7069,480,,,0,70,,7070,480,,,0,30,,7071,480,,,0,70,,7072,480,,,0,15,,7073,480,,,0,71,,7074,480,,,0,30,,7075,480,,,0,70,,7076,480,,,0,31,,7077,480,,,0,71,,7078,480,,,0,30,,7079,480,,,0,70,,7080,480,,,0,30,,7081,480,,,0,70,,7082,480,,,0,30,,7083,480,,,0,70,,7084,480,,,0,30,,7085,480,,,0,70,,7086,480,,,0,30,,7087,480,,,0,70,,7088,480,,,0,30,,7089,480,,,0,70,,7090,480,,,0,30,,7091,480,,,0,70,,7092,480,,,0,30,,7093,480,,,0,70,,7094,480,,,0,30,,7095,480,,,0,70,,7096,480,,,0,30,,7097,480,,,0,70,,7098,480,,,0,30,,7099,480,,,0,70,,7100,480,,,0,31,,7101,480,,,0,70,,7102,480,,,0,30,,7103,480,,,0,111,,7104,480,,,0
