23000,'Fête-1-05',836,,10616,,,0,100,,10617,,,0,100,,10621,,,0,100,,10622,,,0,100,,10623,,,0,100,,10624,,,0,100,,10625,,,0,100,,10627,,,0,100,,10615,,,0,100,,10614,,,0,100,,10626,,,0,100,,10620,,,0,100,,10619,,,0,100,,10618,,,0,100,,10628,,,0
23000,'Fête-2-04',608,,10634,,,0,28,,10635,,,0,70,,10636,,,0,30,,10637,,,0,70,,10638,,,0,30,,10639,,,0,100,,10640,,,0,100,,10645,,,0,100,,10646,,,0,100,,10647,,,0,100,,10648,,,0,100,,10649,,,0,100,,10651,,,0,70,,10632,,,0,30,,10631,,,0,70,,10630,,,0,30,,10629,,,0,70,,10633,,,0,30,,10650,,,0,70,,10644,,,0,100,,10643,,,0,100,,10642,,,0,100,,10641,,,0
23000,'Semaine-52',608,,10657,,,0,28,,10658,,,0,70,,10659,,,0,30,,10660,,,0,70,,10661,,,0,30,,10662,,,0,100,,10663,,,0,100,,10668,,,0,100,,10669,,,0,100,,10670,,,0,100,,10671,,,0,100,,10672,,,0,100,,10674,,,0,70,,10655,,,0,30,,10654,,,0,70,,10653,,,0,30,,10652,,,0,70,,10656,,,0,30,,10673,,,0,70,,10667,,,0,100,,10666,,,0,100,,10665,,,0,100,,10664,,,0
23000,'Week-end-52',836,,10677,,,0,100,,10678,,,0,100,,10682,,,0,100,,10683,,,0,100,,10684,,,0,100,,10685,,,0,100,,10686,,,0,100,,10688,,,0,100,,10676,,,0,100,,10675,,,0,100,,10687,,,0,100,,10681,,,0,100,,10680,,,0,100,,10679,,,0,100,,10689,,,0
23101,'Fête-1-05',910,,10775,,,0,100,,10774,,,0,100,,10776,,,0,100,,10772,,,0,100,,10777,,,0,100,,10771,,,0,100,,10778,,,0,100,,10770,,,0,100,,10779,,,0,100,,10773,,,0,100,,10780,,,0,100,,10769,,,0,100,,10781,,,0,100,,10768,,,0
23101,'Fête-2-04',651,,10783,,,0,70,,10784,,,0,30,,10785,,,0,70,,10786,,,0,30,,10787,,,0,91,,10788,,,0,100,,10789,,,0,100,,10790,,,0,100,,10791,,,0,100,,10792,,,0,100,,10793,,,0,100,,10794,,,0,92,,10795,,,0,67,,10796,,,0,33,,10797,,,0,67,,10798,,,0,29,,10799,,,0,27,,10800,,,0,85,,10801,,,0,100,,10802,,,0,100,,10803,,,0,100,,10804,,,0
23101,'Semaine-52',651,,10806,,,0,70,,10807,,,0,30,,10808,,,0,70,,10809,,,0,30,,10810,,,0,91,,10811,,,0,100,,10812,,,0,100,,10813,,,0,100,,10814,,,0,100,,10815,,,0,100,,10816,,,0,100,,10817,,,0,92,,10818,,,0,67,,10819,,,0,33,,10820,,,0,67,,10821,,,0,29,,10822,,,0,27,,10823,,,0,85,,10824,,,0,100,,10825,,,0,100,,10826,,,0,100,,10827,,,0
23101,'Week-end-52',910,,10836,,,0,100,,10835,,,0,100,,10837,,,0,100,,10833,,,0,100,,10838,,,0,100,,10832,,,0,100,,10839,,,0,100,,10831,,,0,100,,10840,,,0,100,,10834,,,0,100,,10841,,,0,100,,10830,,,0,100,,10842,,,0,100,,10829,,,0
23900,'Fête-1-05',819,,11397,,,0,84,,11382,,,0,103,,11390,,,0,105,,11391,,,0,103,,11392,,,0,100,,11393,,,0,100,,11394,,,0,100,,11395,,,0,100,,11388,,,0,97,,11384,,,0,98,,11383,,,0,97,,11385,,,0,97,,11386,,,0,100,,11387,,,0,100,,11389,,,0
23900,'Fête-2-04',553,,11414,0,31 13,0,66,,11411,0,31 13,0,26,,11398,,,0,58,,11399,,,0,39,,11400,,,0,70,,11401,,,0,34,,11415,,,0,67,,11412,,,0,95,,11402,,,0,100,,11403,,,0,102,,11404,,,0,103,,11405,,,0,100,,11406,,,0,99,,11407,,,0,102,,11408,,,0,35,,11409,,,0,65,,11420,,,0,39,,11421,,,0,60,,11416,,,0,41,,11413,,,0,61,,11410,,,0,90,,11422,,,0,99,,11419,,,0,98,,11418,,,0
23900,'Semaine-52',553,,11439,0,31 13,0,66,,11436,0,31 13,0,26,,11423,,,0,58,,11424,,,0,39,,11425,,,0,70,,11426,,,0,34,,11440,,,0,67,,11437,,,0,95,,11427,,,0,100,,11428,,,0,102,,11429,,,0,103,,11430,,,0,100,,11431,,,0,99,,11432,,,0,102,,11433,,,0,35,,11434,,,0,65,,11445,,,0,39,,11446,,,0,60,,11441,,,0,41,,11438,,,0,61,,11435,,,0,90,,11447,,,0,99,,11444,,,0,98,,11443,,,0
23900,'Week-end-52',819,,11463,,,0,84,,11448,,,0,103,,11456,,,0,105,,11457,,,0,103,,11458,,,0,100,,11459,,,0,100,,11460,,,0,100,,11461,,,0,100,,11454,,,0,97,,11450,,,0,98,,11449,,,0,97,,11451,,,0,97,,11452,,,0,100,,11453,,,0,100,,11455,,,0
