25100,'Fête-1-05',805,,12150,,,0,100,,12148,,,0,100,,12151,,,0,100,,12147,,,0,100,,12146,,,0,100,,12149,,,0,100,,12142,,,0,100,,12145,,,0,100,,12141,,,0,100,,12143,,,0,100,,12139,,,0,100,,12144,,,0,100,,12136,,,0,100,,12137,,,0,100,,12138,,,0,100,,12140,,,0
25100,'Fête-2-04',900,,12153,,,0,100,,12152,,,0,100,,12161,,,0,100,,12157,,,0,100,,12160,,,0,100,,12155,,,0,615,,12158,,,0,97,,12156,,,0,98,,12154,,,0,100,,12159,,,0
25100,'Semaine-52',900,,12163,,,0,100,,12162,,,0,100,,12171,,,0,100,,12167,,,0,100,,12170,,,0,100,,12165,,,0,615,,12168,,,0,97,,12166,,,0,98,,12164,,,0,100,,12169,,,0
25100,'Week-end-52',805,,12186,,,0,100,,12184,,,0,100,,12187,,,0,100,,12183,,,0,100,,12182,,,0,100,,12185,,,0,100,,12178,,,0,100,,12181,,,0,100,,12177,,,0,100,,12179,,,0,100,,12175,,,0,100,,12180,,,0,100,,12172,,,0,100,,12173,,,0,100,,12174,,,0,100,,12176,,,0
25101,'Fête-1-05',758,,12198,4,,0,100,,12203,4,,0,100,,12202,4,,0,100,,12197,4,,0,100,,12200,4,,0,100,,12201,4,,0,100,,12199,4,,0,100,,12194,4,,0,100,,12192,4,,0,100,,12193,4,,0,100,,12195,4,,0,100,,12189,4,,0,100,,12190,4,,0,100,,12191,4,,0,100,,12188,4,,0,100,,12196,4,,0
25101,'Fête-2-04',953,,12204,4,,0,100,,12205,4,,0,100,,12208,4,,0,100,,12209,4,,0,100,,12210,4,,0,100,,12206,4,,0,654,,12207,4,,0,98,,12211,4,,0,100,,12212,4,,0
25101,'Semaine-52',953,,12213,4,,0,100,,12214,4,,0,100,,12217,4,,0,100,,12218,4,,0,100,,12219,4,,0,100,,12215,4,,0,654,,12216,4,,0,98,,12220,4,,0,100,,12221,4,,0
25101,'Week-end-52',758,,12232,4,,0,100,,12237,4,,0,100,,12236,4,,0,100,,12231,4,,0,100,,12234,4,,0,100,,12235,4,,0,100,,12233,4,,0,100,,12228,4,,0,100,,12226,4,,0,100,,12227,4,,0,100,,12229,4,,0,100,,12223,4,,0,100,,12224,4,,0,100,,12225,4,,0,100,,12222,4,,0,100,,12230,4,,0
25201,'Fête-2-04',604,,12246,,,0,25,,12246,4,,0,13,,12238,,,0,65,,12238,4,,0,11,,12252,,,0,26,,12252,4,,0,10,,12250,,,0,66,,12250,4,,0,7,,12247,,,0,25,,12247,4,,0,653,,12248,,,0,26,,12248,4,,0,14,,12244,,,0,65,,12244,4,,0,5,,12241,,,0,26,,12241,4,,0,5,,12243,,,0,66,,12243,4,,0,5,,12249,,,0,25,,12249,4,,0,5,,12239,,,0,64,,12239,4,,0,5,,12251,,,0,24,,12251,4,,0,6,,12245,,,0,64,,12245,4,,0,6,,12242,,,0,23,,12242,4,,0,8,,12240,,,0,63,,12240,4,,0
25201,'Semaine-52',604,,12261,,,0,25,,12261,4,,0,13,,12253,,,0,65,,12253,4,,0,11,,12267,,,0,26,,12267,4,,0,10,,12265,,,0,66,,12265,4,,0,7,,12262,,,0,25,,12262,4,,0,653,,12263,,,0,26,,12263,4,,0,14,,12259,,,0,65,,12259,4,,0,5,,12256,,,0,26,,12256,4,,0,5,,12258,,,0,66,,12258,4,,0,5,,12264,,,0,25,,12264,4,,0,5,,12254,,,0,64,,12254,4,,0,5,,12266,,,0,24,,12266,4,,0,6,,12260,,,0,64,,12260,4,,0,6,,12257,,,0,23,,12257,4,,0,8,,12255,,,0,63,,12255,4,,0
