'LA-A25-LAGTFS-Fête-1-03',24700,80500,,'',0,13000,,'',0,17000,,'',0,13000,,'',0,17000,,'',0,13000,,'',0,17000,,'',0,13000,,'',0,17000,,'',0
'LA-A25-LAGTFS-Fête-1-03',24701,75900,4,'',0,17000,4,'',0,13000,4,'',0,17000,4,'',0,13000,4,'',0,17000,4,'',0,13000,4,'',0,17000,4,'',0,13000,4,'',0
'LA-A25-LAGTFS-Fête-2-01',24700,80500,,'',0,13000,,'',0,17000,,'',0,13000,,'',0,17000,,'',0,13000,,'',0,17000,,'',0,13000,,'',0,17000,,'',0
'LA-A25-LAGTFS-Fête-2-01',24701,75900,4,'',0,17000,4,'',0,13000,4,'',0,17000,4,'',0,13000,4,'',0,17000,4,'',0,13000,4,'',0,17000,4,'',0,13000,4,'',0
'LA-A25-LAGTFS-Semaine-07',24700,63400,,'',0,8200,,'',0,10300,,'',0,18600,,'',0,13000,,'',0,17000,,'',0,13000,,'',0,7100,,'',0,11200,,'',0,2800,,'',0,6400,,'',0,4700,,'',0,6000,,'',0,3300,,'',0,9900,,'',0,6200,,'',0,12900,,'',0,17000,,'',0
'LA-A25-LAGTFS-Semaine-07',24701,55800,4,'',0,7000,4,'',0,8200,4,'',0,4000,4,'',0,6000,4,'',0,4200,4,'',0,10600,4,'',0,17100,4,'',0,13000,4,'',0,17000,4,'',0,18300,4,'',0,2400,4,'',0,11600,4,'',0,7200,4,'',0,1900,4,'',0,16300,4,'',0,12900,4,'',0,16900,4,'',0
'LA-A25-LAGTFS-Semaine-20',24700,63400,,'',0,8200,,'',0,10300,,'',0,18600,,'',0,13000,,'',0,17000,,'',0,13000,,'',0,7100,,'',0,11200,,'',0,9200,,'',0,10700,,'',0,3300,,'',0,16100,,'',0,12900,,'',0,17000,,'',0
'LA-A25-LAGTFS-Semaine-20',24701,55800,4,'',0,7000,4,'',0,12200,4,'',0,6000,4,'',0,4200,4,'',0,10600,4,'',0,17100,4,'',0,13000,4,'',0,17000,4,'',0,18300,4,'',0,2400,4,'',0,11600,4,'',0,7200,4,'',0,18200,4,'',0,12900,4,'',0,16900,4,'',0
'LA-A25-LAGTFS-Week-end-01',24700,80500,,'',0,13000,,'',0,17000,,'',0,13000,,'',0,17000,,'',0,13000,,'',0,17000,,'',0,13000,,'',0,17000,,'',0
'LA-A25-LAGTFS-Week-end-01',24701,75900,4,'',0,17000,4,'',0,13000,4,'',0,17000,4,'',0,13000,4,'',0,17000,4,'',0,13000,4,'',0,17000,4,'',0,13000,4,'',0
