24601,'Semaine-01',530,,16837,80,,,0,86,,16836,80,,,0,88,,16835,80,,,0,52,,16834,80,,,0,92,,16833,80,,,0,698,,16832,80,,,0,92,,16831,80,,,0,93,,16830,80,,,0,92,,16829,80,,,0,89,,16828,80,,,0
25000,'Fête-1-01',809,,17002,80,,,0,100,,17000,80,,,0,30,,17003,80,,,0,100,,17004,80,,,0,70,,17005,80,,,0,100,,17001,80,,,0,30,,17018,80,,,0,100,,17013,80,,,0,70,,17016,80,,,0,100,,17019,80,,,0,30,,17010,80,,,0,100,,17009,80,,,0,70,,17011,80,,,0,100,,17012,80,,,0,30,,17017,80,,,0,100,,17007,80,,,0,70,,17020,80,,,0,100,,17014,80,,,0,30,,17006,80,,,0,100,,17015,80,,,0,70,,17008,80,,,0
25000,'Semaine-01',637,,17021,80,,,0,63,,17022,80,,,0,33,,17023,80,,,0,25,,17024,80,,,0,82,,17025,80,,,0,164,,17026,80,,,0,101,,17027,80,,,0,100,,17028,80,,,0,100,,17029,80,,,0,100,,17030,80,,,0,106,,17031,80,,,0,90,,17032,80,,,0,24,,17033,80,,,0,97,,17034,80,,,0,26,,17035,80,,,0,71,,17036,80,,,0,35,,17037,80,,,0,70,,17038,80,,,0,90,,17039,80,,,0,104,,17040,80,,,0,96,,17041,80,,,0,100,,17042,80,,,0
25000,'Week-end-01',809,,17045,80,,,0,100,,17043,80,,,0,30,,17046,80,,,0,100,,17047,80,,,0,70,,17048,80,,,0,100,,17044,80,,,0,30,,17061,80,,,0,100,,17056,80,,,0,70,,17059,80,,,0,100,,17062,80,,,0,30,,17053,80,,,0,100,,17052,80,,,0,70,,17054,80,,,0,100,,17055,80,,,0,30,,17060,80,,,0,100,,17050,80,,,0,70,,17063,80,,,0,100,,17057,80,,,0,30,,17049,80,,,0,100,,17058,80,,,0,70,,17051,80,,,0
25100,'Fête-1-01',823,,17143,290,,,0,100,,17141,290,,,0,100,,17144,290,,,0,100,,17140,290,,,0,100,,17139,290,,,0,100,,17142,290,,,0,100,,17135,290,,,0,100,,17138,290,,,0,100,,17134,290,,,0,100,,17136,290,,,0,100,,17132,290,,,0,100,,17137,290,,,0,100,,17129,290,,,0,100,,17130,290,,,0,100,,17131,290,,,0,100,,17133,290,0,8 27 76,0
25100,'Semaine-01',918,,17146,290,,,0,100,,17145,290,,,0,100,,17154,290,,,0,100,,17150,290,,,0,100,,17153,290,,,0,100,,17148,290,,,0,615,,17151,290,,,0,97,,17149,290,,,0,98,,17147,290,,,0,100,,17152,290,0,8 27 76,0
25100,'Week-end-01',823,,17170,290,,,0,100,,17168,290,,,0,100,,17171,290,,,0,100,,17167,290,,,0,100,,17166,290,,,0,100,,17169,290,,,0,100,,17162,290,,,0,100,,17165,290,,,0,100,,17161,290,,,0,100,,17163,290,,,0,100,,17159,290,,,0,100,,17164,290,,,0,100,,17156,290,,,0,100,,17157,290,,,0,100,,17158,290,,,0,100,,17160,290,0,8 27 76,0
60001,'Fête-1-01',757,,17946,50,,,0,100,,17945,50,,,0,100,,17943,50,,,0,100,,17944,50,,,0,100,,17941,50,,,0,100,,17942,50,,,0,100,,17938,50,,,0,100,,17939,50,,,0,100,,17940,50,,,0,100,,17937,50,,,0,100,,17934,50,,,0,100,,17935,50,,,0,100,,17936,50,,,0,100,,17932,50,,,0,89,,17933,50,,,0,185,,17931,50,,,0
60001,'Semaine-01',717,,17947,50,,,0,32,,17948,50,,,0,100,,17949,50,,,0,100,,17950,50,,,0,98,,17951,50,,,0,170,,17952,50,,,0,100,,17953,50,,,0,30,,17954,50,,,0,100,,17955,50,,,0,100,,17956,50,,,0,100,,17957,50,,,0,70,,17958,50,,,0,30,,17959,50,,,0,100,,17960,50,,,0,100,,17961,50,,,0,100,,17962,50,,,0,100,,17963,50,,,0,100,,17964,50,,,0,100,,17965,50,,,0
60001,'Week-end-01',757,,17985,50,,,0,100,,17984,50,,,0,100,,17982,50,,,0,100,,17983,50,,,0,100,,17980,50,,,0,100,,17981,50,,,0,100,,17977,50,,,0,100,,17978,50,,,0,100,,17979,50,,,0,100,,17976,50,,,0,100,,17973,50,,,0,100,,17974,50,,,0,100,,17975,50,,,0,100,,17971,50,,,0,89,,17972,50,,,0,185,,17970,50,,,0
70900,'Fête-1-01',639,,18259,160,,,0,65,,18260,160,,,0,15,,18261,160,,,0,30,,18262,160,,,0,70,,18263,160,,,0,30,,18264,160,,,0,70,,18265,160,,,0,30,,18266,160,,,0,70,,18267,160,,,0,30,,18268,160,,,0,70,,18269,160,,,0,30,,18270,160,,,0,70,,18271,160,,,0,30,,18272,160,,,0,70,,18273,160,,,0,30,,18274,160,,,0,70,,18275,160,,,0,30,,18276,160,,,0,70,,18277,160,,,0,30,,18278,160,,,0,70,,18279,160,,,0,30,,18280,160,,,0,70,,18281,160,,,0,30,,18282,160,,,0,70,,18283,160,,,0,30,,18284,160,,,0,70,,18285,160,,,0,30,,18286,160,,,0,70,,18287,160,,,0,30,,18288,160,,,0,70,,18289,160,,,0,30,,18290,160,,,0,70,,18291,160,,,0,20,,18292,160,,,0,70,,18293,160,,,0,30,,18294,160,,,0,70,,18295,160,,,0,30,,18296,160,,,0,109,,18297,160,,,0
70900,'Semaine-01',555,,18299,160,0,11 12 13,0,78,,18300,160,0,11 12 13,0,20,,18301,160,0,11 12 13,0,47,,18302,160,0,11 12 13,0,38,,18303,160,0,11 12 13,0,19,,18304,160,0,11 12 13,0,65,,18305,160,0,11 12 13,0,28,,18306,160,0,11 12 13,0,74,,18307,160,0,11 12 13,0,25,,18345,160,0,11 12 13,0,68,,18308,160,0,11 12 13,0,15,,18309,160,0,11 12 13,0,69,,18310,160,0,11 12 13,0,15,,18311,160,0,11 12 13,0,15,,18312,160,0,11 12 13,0,23,,18313,160,0,11 12 13,0,70,,18314,160,0,11 12 13,0,15,,18341,160,0,11 12 13,0,15,,18344,160,0,11 12 13,0,55,,18343,160,0,11 12 13,0,30,,18342,160,0,11 12 13,0,85,,18340,160,0,11 12 13,0,15,,18315,160,0,11 12 13,0,61,,18316,160,0,11 12 13,0,44,,18317,160,,,0,66,,18318,160,,,0,20,,18338,160,,,0,17,,18339,160,,,0,11,,18332,160,,,0,56,,18337,160,,,0,13,,18333,160,,,0,13,,18334,160,,,0,9,,18335,160,,,0,51,,18336,160,,,0,13,,18331,160,,,0,27,,18319,160,,,0,13,,18320,160,,,0,52,,18321,160,,,0,12,,18322,160,,,0,27,,18330,160,,,0,59,,18323,160,,,0,29,,18324,160,,,0,22,,18347,160,,,0,70,,18325,160,,,0,15,,18326,160,,,0,97,,18327,160,,,0,69,,18328,160,,,0,44,,18346,160,,,0,99,,18329,160,,,0,108,,18298,160,,,0
70900,'Week-end-01',639,,18348,160,,,0,65,,18349,160,,,0,15,,18350,160,,,0,30,,18351,160,,,0,70,,18352,160,,,0,30,,18353,160,,,0,70,,18354,160,,,0,30,,18355,160,,,0,70,,18356,160,,,0,30,,18357,160,,,0,70,,18358,160,,,0,30,,18359,160,,,0,70,,18360,160,,,0,30,,18361,160,,,0,70,,18362,160,,,0,30,,18363,160,,,0,70,,18364,160,,,0,30,,18365,160,,,0,70,,18366,160,,,0,30,,18367,160,,,0,70,,18368,160,,,0,30,,18369,160,,,0,70,,18370,160,,,0,30,,18371,160,,,0,70,,18372,160,,,0,30,,18373,160,,,0,70,,18374,160,,,0,30,,18375,160,,,0,70,,18376,160,,,0,30,,18377,160,,,0,70,,18378,160,,,0,30,,18379,160,,,0,70,,18380,160,,,0,20,,18381,160,,,0,70,,18382,160,,,0,30,,18383,160,,,0,70,,18384,160,,,0,30,,18385,160,,,0,109,,18386,160,,,0
