25001,'Fête-1-05',718,,4425,210,,,0,99,,4409,210,,,0,30,,4412,210,,,0,99,,4419,210,,,0,70,,4420,210,,,0,101,,4411,210,,,0,30,,4414,210,,,0,100,,4422,210,,,0,70,,4423,210,,,0,100,,4410,210,,,0,29,,4421,210,,,0,100,,4413,210,,,0,71,,4418,210,,,0,101,,4424,210,,,0,30,,4415,210,,,0,100,,4416,210,,,0,70,,4408,210,,,0,101,,4417,210,,,0,30,,4426,210,,,0,101,,4407,210,,,0,70,,4427,210,,,0
25001,'Fête-2-04',543,,4428,210,,,0,65,,4429,210,,,0,28,,4430,210,,,0,21,,4431,210,,,0,85,,4432,210,,,0,96,,4433,210,,,0,72,,4434,210,,,0,96,,4435,210,,,0,100,,4436,210,,,0,103,,4437,210,,,0,100,,4438,210,,,0,102,,4439,210,,,0,115,,4440,210,,,0,99,,4441,210,,,0,26,,4442,210,,,0,70,,4443,210,,,0,28,,4444,210,,,0,83,,4445,210,,,0,87,,4446,210,,,0,108,,4447,210,,,0,93,,4448,210,,,0,101,,4449,210,,,0
25001,'Semaine-52',543,,4450,210,,,0,64,,4451,210,,,0,29,,4452,210,,,0,21,,4453,210,,,0,85,,4454,210,,,0,62,,4455,210,,,0,34,,4456,210,,,0,72,,4457,210,,,0,37,,4458,210,,,0,59,,4459,210,,,0,100,,4460,210,,,0,103,,4461,210,,,0,100,,4462,210,,,0,102,,4463,210,,,0,115,,4464,210,,,0,24,,4465,210,,,0,75,,4466,210,,,0,26,,4467,210,,,0,70,,4468,210,,,0,28,,4469,210,,,0,82,,4470,210,,,0,88,,4471,210,,,0,107,,4472,210,,,0,94,,4473,210,,,0,101,,4474,210,,,0
25001,'Week-end-52',718,,4493,210,,,0,99,,4477,210,,,0,30,,4480,210,,,0,99,,4487,210,,,0,70,,4488,210,,,0,101,,4479,210,,,0,30,,4482,210,,,0,100,,4490,210,,,0,70,,4491,210,,,0,100,,4478,210,,,0,29,,4489,210,,,0,100,,4481,210,,,0,71,,4486,210,,,0,101,,4492,210,,,0,30,,4483,210,,,0,100,,4484,210,,,0,70,,4476,210,,,0,101,,4485,210,,,0,30,,4494,210,,,0,101,,4475,210,,,0,70,,4495,210,,,0
31700,'Fête-2-04',654,,5599,170,0,11 23,0,70,,5600,170,0,11 23,0,110,,5601,170,0,11 23,0,290,,5602,170,0,11 23,0,300,,5603,170,0,11 23,0
31700,'Semaine-52',654,,5605,170,0,11 23,0,70,,5606,170,0,11 23,0,110,,5607,170,0,11 23,0,290,,5608,170,0,11 23,0,300,,5609,170,0,11 23,0
31701,'Fête-2-04',1235,,5613,180,0,24,0,270,,5618,180,0,24,0,100,,5614,180,0,24,0,130,,5615,180,0,24,0,100,,5616,180,0,24,0,475,,5617,180,0,24,0
31701,'Semaine-52',1235,,5620,180,0,24,0,270,,5625,180,0,24,0,100,,5621,180,0,24,0,130,,5622,180,0,24,0,100,,5623,180,0,24,0,475,,5624,180,0,24,0
51401,'Fête-2-04',533,,6100,210,,,0,95,,6101,210,,,0,74,,6102,210,,,0
51401,'Semaine-52',533,,6103,210,,,0,95,,6104,210,,,0,74,,6105,210,,,0
