30301,'Fête-1-01',822,,17275,210,,,0,100,,17276,210,,,0,100,,17277,210,,,0,100,,17278,210,,,0,101,,17279,210,,,0,100,,17280,210,,,0,100,,17281,210,,,0,100,,17282,210,,,0,100,,17283,210,,,0,100,,17284,210,,,0,100,,17285,210,,,0,99,,17286,210,,,0,100,,17287,210,,,0,100,,17288,210,,,0,100,,17289,210,,,0
30301,'Semaine-01',554,,17303,210,0,31 13,0,100,,17304,210,0,31 13,0,70,,17305,210,0,31 13,0,32,,17306,210,0,31 13,0,70,,17307,210,0,31 13,0,98,,17309,210,0,31 13,0,100,,17310,210,0,31 13,0,100,,17308,210,0,31 13,0,100,,17301,210,0,31 13,0,100,,17302,210,0,31 13,0,100,,17300,210,0,31 13,0,101,,17296,210,0,31 13,0,30,,17311,210,0,31 13,0,70,,17295,210,0,31 13,0,30,,17290,210,0,31 13,0,70,,17291,210,0,31 13,0,30,,17292,210,0,31 13,0,70,,17297,210,0,31 13,0,98,,17298,210,0,31 13,0,100,,17299,210,0,31 13,0,99,,17293,210,0,31 13,0,100,,17294,210,0,31 13,0
30301,'Week-end-01',822,,17312,210,,,0,100,,17313,210,,,0,100,,17314,210,,,0,100,,17315,210,,,0,101,,17316,210,,,0,100,,17317,210,,,0,100,,17318,210,,,0,100,,17319,210,,,0,100,,17320,210,,,0,100,,17321,210,,,0,100,,17322,210,,,0,99,,17323,210,,,0,100,,17324,210,,,0,100,,17325,210,,,0,100,,17326,210,,,0
30601,'Fête-1-01',821,,17380,90,,,0,100,,17381,90,,,0,100,,17382,90,,,0,100,,17383,90,,,0,101,,17384,90,,,0,100,,17385,90,,,0,100,,17386,90,,,0,100,,17387,90,,,0,100,,17388,90,,,0,100,,17389,90,,,0,100,,17390,90,,,0,99,,17391,90,,,0,100,,17392,90,,,0,100,,17393,90,,,0,100,,17394,90,,,0
30601,'Semaine-01',553,,17395,90,,,0,100,,17396,90,,,0,70,,17397,90,,,0,32,,17398,90,,,0,70,,17399,90,,,0,98,,17400,90,,,0,100,,17401,90,,,0,100,,17402,90,,,0,100,,17403,90,,,0,100,,17404,90,,,0,100,,17405,90,,,0,101,,17406,90,,,0,30,,17407,90,,,0,70,,17408,90,,,0,30,,17409,90,,,0,70,,17410,90,,,0,30,,17411,90,,,0,70,,17412,90,,,0,98,,17416,90,,,0,100,,17413,90,,,0,99,,17414,90,,,0,100,,17415,90,,,0
30601,'Week-end-01',821,,17417,90,,,0,100,,17418,90,,,0,100,,17419,90,,,0,100,,17420,90,,,0,101,,17421,90,,,0,100,,17422,90,,,0,100,,17423,90,,,0,100,,17424,90,,,0,100,,17425,90,,,0,100,,17426,90,,,0,100,,17427,90,,,0,99,,17428,90,,,0,100,,17429,90,,,0,100,,17430,90,,,0,100,,17431,90,,,0
30901,'Fête-1-01',823,,17485,30,,,0,100,,17486,30,,,0,100,,17487,30,,,0,100,,17488,30,,,0,101,,17489,30,,,0,100,,17490,30,,,0,100,,17491,30,,,0,100,,17492,30,,,0,100,,17493,30,,,0,100,,17494,30,,,0,100,,17495,30,,,0,99,,17496,30,,,0,100,,17497,30,,,0,100,,17498,30,,,0,100,,17499,30,,,0
30901,'Semaine-01',555,,17500,30,,,0,100,,17501,30,,,0,70,,17502,30,,,0,32,,17503,30,,,0,70,,17504,30,,,0,98,,17505,30,,,0,100,,17506,30,,,0,100,,17507,30,,,0,100,,17508,30,,,0,100,,17509,30,,,0,100,,17510,30,,,0,101,,17511,30,,,0,30,,17512,30,,,0,70,,17513,30,,,0,30,,17514,30,,,0,70,,17515,30,,,0,30,,17516,30,,,0,70,,17517,30,,,0,98,,17521,30,,,0,100,,17518,30,,,0,99,,17519,30,,,0,100,,17520,30,,,0
30901,'Week-end-01',823,,17522,30,,,0,100,,17523,30,,,0,100,,17524,30,,,0,100,,17525,30,,,0,101,,17526,30,,,0,100,,17527,30,,,0,100,,17528,30,,,0,100,,17529,30,,,0,100,,17530,30,,,0,100,,17531,30,,,0,100,,17532,30,,,0,99,,17533,30,,,0,100,,17534,30,,,0,100,,17535,30,,,0,100,,17536,30,,,0
31001,'Fête-1-01',821,,17590,170,,,0,100,,17591,170,,,0,100,,17592,170,,,0,100,,17593,170,,,0,101,,17594,170,,,0,100,,17595,170,,,0,100,,17596,170,,,0,100,,17597,170,,,0,100,,17598,170,,,0,100,,17599,170,,,0,100,,17600,170,,,0,99,,17601,170,,,0,100,,17602,170,,,0,100,,17603,170,,,0,100,,17604,170,,,0
31001,'Semaine-01',553,,17605,170,,,0,100,,17606,170,,,0,70,,17607,170,,,0,32,,17608,170,,,0,70,,17609,170,,,0,98,,17610,170,,,0,100,,17611,170,,,0,100,,17612,170,,,0,100,,17613,170,,,0,100,,17614,170,,,0,100,,17615,170,,,0,101,,17616,170,,,0,30,,17617,170,,,0,70,,17618,170,,,0,30,,17619,170,,,0,70,,17620,170,,,0,30,,17621,170,,,0,70,,17622,170,,,0,98,,17626,170,,,0,100,,17623,170,,,0,99,,17624,170,,,0,100,,17625,170,,,0
31001,'Week-end-01',821,,17627,170,,,0,100,,17628,170,,,0,100,,17629,170,,,0,100,,17630,170,,,0,101,,17631,170,,,0,100,,17632,170,,,0,100,,17633,170,,,0,100,,17634,170,,,0,100,,17635,170,,,0,100,,17636,170,,,0,100,,17637,170,,,0,99,,17638,170,,,0,100,,17639,170,,,0,100,,17640,170,,,0,100,,17641,170,,,0
31101,'Fête-1-01',823,,17695,200,,,0,100,,17696,200,,,0,100,,17697,200,,,0,100,,17698,200,,,0,101,,17699,200,,,0,100,,17700,200,,,0,100,,17701,200,,,0,100,,17702,200,,,0,100,,17703,200,,,0,100,,17704,200,,,0,100,,17705,200,,,0,99,,17706,200,,,0,100,,17707,200,,,0,100,,17708,200,,,0,100,,17709,200,,,0
31101,'Semaine-01',554,,17710,200,,,0,101,,17711,200,,,0,70,,17712,200,,,0,32,,17713,200,,,0,70,,17714,200,,,0,98,,17715,200,,,0,100,,17716,200,,,0,100,,17717,200,,,0,100,,17718,200,,,0,100,,17719,200,,,0,100,,17720,200,,,0,101,,17721,200,,,0,30,,17722,200,,,0,70,,17723,200,,,0,30,,17724,200,,,0,70,,17725,200,,,0,30,,17726,200,,,0,70,,17727,200,,,0,98,,17731,200,,,0,100,,17728,200,,,0,99,,17729,200,,,0,100,,17730,200,,,0
31101,'Week-end-01',823,,17732,200,,,0,100,,17733,200,,,0,100,,17734,200,,,0,100,,17735,200,,,0,101,,17736,200,,,0,100,,17737,200,,,0,100,,17738,200,,,0,100,,17739,200,,,0,100,,17740,200,,,0,100,,17741,200,,,0,100,,17742,200,,,0,99,,17743,200,,,0,100,,17744,200,,,0,100,,17745,200,,,0,100,,17746,200,,,0
31200,'Fête-1-01',822,,17747,220,,,0,100,,17748,220,,,0,100,,17749,220,,,0,100,,17750,220,,,0,101,,17751,220,,,0,100,,17752,220,,,0,100,,17753,220,,,0,100,,17754,220,,,0,100,,17755,220,,,0,100,,17756,220,,,0,100,,17757,220,,,0,99,,17758,220,,,0,100,,17759,220,,,0,100,,17760,220,,,0,100,,17761,220,,,0
31200,'Semaine-01',554,,17762,220,,,0,100,,17763,220,,,0,70,,17764,220,,,0,32,,17765,220,,,0,70,,17766,220,,,0,98,,17767,220,,,0,100,,17768,220,,,0,100,,17769,220,,,0,100,,17770,220,,,0,100,,17771,220,,,0,100,,17772,220,,,0,101,,17773,220,,,0,30,,17774,220,,,0,70,,17775,220,,,0,30,,17776,220,,,0,70,,17777,220,,,0,30,,17778,220,,,0,70,,17779,220,,,0,98,,17783,220,,,0,100,,17780,220,,,0,99,,17781,220,,,0,100,,17782,220,,,0
31200,'Week-end-01',822,,17784,220,,,0,100,,17785,220,,,0,100,,17786,220,,,0,100,,17787,220,,,0,101,,17788,220,,,0,100,,17789,220,,,0,100,,17790,220,,,0,100,,17791,220,,,0,100,,17792,220,,,0,100,,17793,220,,,0,100,,17794,220,,,0,99,,17795,220,,,0,100,,17796,220,,,0,100,,17797,220,,,0,100,,17798,220,,,0
70900,'Semaine-01',633,,18299,610,0,11 12 13,0,79,,18300,610,0,11 12 13,0,20,,18301,610,0,11 12 13,0,7,,18302,610,0,11 12 13,0,78,,18303,610,0,11 12 13,0,19,,18304,610,0,11 12 13,0,65,,18305,610,0,11 12 13,0,28,,18306,610,0,11 12 13,0,74,,18307,610,0,11 12 13,0,25,,18345,610,0,11 12 13,0,28,,18308,610,0,11 12 13,0,55,,18309,610,0,11 12 13,0,29,,18310,610,0,11 12 13,0,15,,18311,610,0,11 12 13,0,55,,18312,610,0,11 12 13,0,23,,18313,610,0,11 12 13,0,71,,18314,610,0,11 12 13,0,15,,18341,610,0,11 12 13,0,15,,18344,610,0,11 12 13,0,15,,18343,610,0,11 12 13,0,70,,18342,610,0,11 12 13,0,85,,18340,610,0,11 12 13,0,15,,18315,610,0,11 12 13,0,24,,18316,610,0,11 12 13,0
