22701,'Fête-1-06',930,,10509,590,,,0,200,,10510,590,,,0,200,,10511,590,,,0,200,,10512,590,,,0,200,,10513,590,,,0,200,,10514,590,,,0,200,,10515,590,,,0
22701,'Semaine-53',539,,10516,290,0,6 7,0,70,,10517,290,0,6 7,0,21,,10518,590,,,0,70,,10519,590,,,0,35,,10520,590,,,0,70,,10521,590,,,0,30,,10522,590,,,0,96,,10523,590,,,0,100,,10524,590,,,0,100,,10525,590,,,0,100,,10526,590,,,0,100,,10527,590,,,0,100,,10528,590,,,0,100,,10529,590,,,0,104,,10530,590,,,0,85,,10531,590,,,0,30,,10532,590,,,0,70,,10533,590,,,0,25,,10534,590,,,0,70,,10535,590,,,0,30,,10536,590,,,0,85,,10537,590,,,0,100,,10538,590,,,0,100,,10539,590,,,0
22701,'Week-end-53',930,,10541,590,,,0,200,,10542,590,,,0,200,,10543,590,,,0,200,,10544,590,,,0,200,,10545,590,,,0,200,,10546,590,,,0,200,,10547,590,,,0
22800,'Fête-1-06',833,,10555,600,,,0,200,,10552,600,,,0,200,,10553,600,,,0,200,,10548,600,,,0,200,,10550,600,,,0,200,,10554,600,,,0,200,,10551,600,,,0
22800,'Semaine-53',554,,10556,300,0,6 7,0,70,,10580,300,0,6 7,0,24,,10557,600,,,0,77,,10558,600,,,0,30,,10559,600,,,0,70,,10560,600,,,0,85,,10561,600,,,0,93,,10562,600,,,0,100,,10563,600,,,0,100,,10564,600,,,0,100,,10565,600,,,0,100,,10566,600,,,0,100,,10567,600,,,0,100,,10568,600,,,0,107,,10569,600,,,0,30,,10570,600,,,0,70,,10571,600,,,0,30,,10572,600,,,0,70,,10573,600,,,0,23,,10574,600,,,0,70,,10575,600,,,0,100,,10576,600,,,0,100,,10577,600,,,0,100,,10578,600,,,0
22800,'Week-end-53',833,,10588,600,,,0,200,,10585,600,,,0,200,,10586,600,,,0,200,,10581,600,,,0,200,,10583,600,,,0,200,,10587,600,,,0,200,,10584,600,,,0
60501,'Semaine-53',1651,,12885,490,,,0,252,,12886,490,,,0
70800,'Fête-1-06',743,,13016,350,,,0,104,,13017,350,,,0,89,,13018,350,,,0,100,,13019,350,,,0,102,,13020,350,,,0,99,,13021,350,,,0,100,,13022,350,,,0,100,,13023,350,,,0,100,,13024,350,,,0,100,,13025,350,,,0,100,,13026,350,,,0,100,,13027,350,,,0,100,,13028,350,,,0,96,,13029,350,,,0,103,,13030,350,,,0,80,,13031,350,,,0,43,,13032,350,,,0,80,,13014,350,,,0,117,,13015,350,,,0
70800,'Semaine-53',604,,13033,350,,,0,30,,13034,350,,,0,70,,13035,350,,,0,30,,13036,350,,,0,70,,13037,350,,,0,15,,13038,350,,,0,17,,13039,350,,,0,70,,13040,350,,,0,31,,13041,350,,,0,69,,13042,350,,,0,30,,13043,350,,,0,70,,13044,350,,,0,30,,13045,350,,,0,70,,13046,350,,,0,30,,13047,350,,,0,70,,13048,350,,,0,30,,13049,350,,,0,70,,13050,350,,,0,30,,13051,350,,,0,70,,13052,350,,,0,30,,13053,350,,,0,68,,13054,350,,,0,7,,13055,350,,,0,23,,13056,350,,,0,7,,13057,350,,,0,63,,13058,350,,,0,7,,13059,350,,,0,23,,13060,350,,,0,7,,13061,350,,,0,63,,13062,350,,,0,7,,13063,350,,,0,23,,13064,350,,,0,3,,13065,350,,,0,67,,13066,350,,,0,30,,13067,350,,,0,70,,13068,350,,,0,30,,13069,350,,,0,70,,13070,350,,,0,30,,13071,350,,,0,20,,13072,350,,,0,70,,13073,350,,,0,89,,13074,350,,,0,92,,13075,350,,,0,100,,13076,350,,,0,100,,13077,350,,,0
70800,'Week-end-53',743,,13080,350,,,0,104,,13081,350,,,0,89,,13082,350,,,0,100,,13083,350,,,0,102,,13084,350,,,0,99,,13085,350,,,0,100,,13086,350,,,0,100,,13087,350,,,0,100,,13088,350,,,0,100,,13089,350,,,0,100,,13090,350,,,0,100,,13091,350,,,0,100,,13092,350,,,0,96,,13093,350,,,0,103,,13094,350,,,0,80,,13095,350,,,0,43,,13096,350,,,0,80,,13078,350,,,0,117,,13079,350,,,0
