23300,'Fête-1-01',924,,16337,720,,,0,200,,16339,720,,,0,199,,16335,720,,,0,205,,16340,720,,,0,200,,16338,720,,,0,196,,16336,720,,,0,200,,16333,720,,,0
23300,'Semaine-01',659,,16341,720,,,0,82,,16342,720,,,0,160,,16352,720,,,0,228,,16343,720,,,0,200,,16344,720,,,0,203,,16345,720,,,0,175,,16346,720,,,0,103,,16347,720,,,0,101,,16351,720,,,0,103,,16348,720,,,0,115,,16349,720,,,0
23300,'Week-end-01',924,,16357,720,,,0,200,,16359,720,,,0,199,,16355,720,,,0,205,,16360,720,,,0,200,,16358,720,,,0,196,,16356,720,,,0,200,,16353,720,,,0
23400,'Fête-1-01',829,,16368,500,,,0,196,,16366,730,,,0,200,,16364,730,,,0,203,,16361,730,,,0,201,,16363,730,,,0,195,,16362,730,,,0,200,,16367,730,,,0,200,,16365,730,,,0
23400,'Semaine-01',556,,16380,500,,,0,65,,16379,500,,,0,97,,16369,730,,,0,107,,16382,730,,,0,103,,16370,730,,,0,100,,16371,730,,,0,200,,16372,730,,,0,200,,16373,730,,,0,203,,16374,730,,,0,108,,16375,730,,,0,101,,16376,730,,,0,96,,16381,730,,,0,91,,16377,730,,,0,200,,16378,730,,,0
23400,'Week-end-01',829,,16390,500,,,0,196,,16388,730,,,0,200,,16386,730,,,0,203,,16383,730,,,0,201,,16385,730,,,0,195,,16384,730,,,0,200,,16389,730,,,0,200,,16387,730,,,0
23600,'Fête-1-01',901,,16506,380,,,0,100,,16497,380,,,0,100,,16507,380,,,0,101,,16495,380,,,0,100,,16503,380,,,0,100,,16499,380,,,0,100,,16505,380,,,0,100,,16496,380,,,0,100,,16509,380,,,0,100,,16498,380,,,0,100,,16504,380,,,0,100,,16500,380,,,0,100,,16502,380,,,0,100,,16501,380,,,0
23600,'Semaine-01',627,,16510,380,,,0,110,,16511,380,,,0,81,,16528,380,,,0,39,,16512,380,,,0,76,,16513,380,,,0,95,,16514,380,,,0,99,,16515,380,,,0,101,,16516,380,,,0,100,,16517,380,,,0,100,,16518,380,,,0,100,,16519,380,,,0,100,,16520,380,,,0,85,,16521,380,,,0,39,,16522,380,,,0,83,,16523,380,,,0,124,,16524,380,,,0,143,,16525,380,,,0,100,,16526,380,,,0
23600,'Week-end-01',901,,16540,380,,,0,100,,16531,380,,,0,100,,16541,380,,,0,101,,16529,380,,,0,100,,16537,380,,,0,100,,16533,380,,,0,100,,16539,380,,,0,100,,16530,380,,,0,100,,16543,380,,,0,100,,16532,380,,,0,100,,16538,380,,,0,100,,16534,380,,,0,100,,16536,380,,,0,100,,16535,380,,,0
23900,'Fête-1-01',829,,16664,390,,,0,85,,16649,580,,,0,102,,16657,580,,,0,107,,16658,580,,,0,104,,16659,580,,,0,100,,16660,580,,,0,100,,16661,580,,,0,100,,16662,580,,,0,100,,16655,580,,,0,96,,16651,580,,,0,98,,16650,580,,,0,96,,16652,580,,,0,95,,16653,580,,,0,100,,16654,580,,,0,100,,16656,580,,,0
23900,'Semaine-01',554,,16680,390,0,31 13,0,70,,16677,390,0,31 13,0,35,,16665,580,,,0,60,,16689,580,,,0,35,,16666,580,,,0,70,,16667,580,,,0,30,,16681,580,,,0,70,,16678,580,,,0,95,,16668,580,,,0,100,,16669,580,,,0,102,,16670,580,,,0,106,,16671,580,,,0,100,,16672,580,,,0,97,,16673,580,,,0,103,,16674,580,,,0,75,,16675,580,,,0,37,,16686,580,,,0,74,,16687,580,,,0,18,,16682,580,,,0,75,,16679,580,,,0,23,,16676,580,,,0,78,,16688,580,,,0,108,,16685,580,,,0,98,,16684,580,,,0
23900,'Week-end-01',829,,16705,390,,,0,85,,16690,580,,,0,102,,16698,580,,,0,107,,16699,580,,,0,104,,16700,580,,,0,100,,16701,580,,,0,100,,16702,580,,,0,100,,16703,580,,,0,100,,16696,580,,,0,96,,16692,580,,,0,98,,16691,580,,,0,96,,16693,580,,,0,95,,16694,580,,,0,100,,16695,580,,,0,100,,16697,580,,,0
