22001,'Fête-1-01',749,,15846,20,,,0,200,,15843,20,,,0,200,,15841,20,,,0,200,,15842,20,,,0,200,,15840,20,,,0,200,,15845,20,,,0,200,,15844,20,,,0,200,,15839,20,0,8 20 1 21,0
22001,'Semaine-01',549,,15849,20,,,0,70,,15850,20,,,0,30,,15851,20,,,0,70,,15852,20,,,0,30,,15853,20,,,0,70,,15854,20,,,0,100,,15855,20,,,0,100,,15856,20,,,0,100,,15857,20,,,0,100,,15858,20,,,0,100,,15859,20,,,0,100,,15860,20,,,0,100,,15861,20,,,0,100,,15862,20,,,0,30,,15863,20,,,0,70,,15864,20,,,0,30,,15865,20,,,0,70,,15866,20,,,0,30,,15867,20,,,0,70,,15868,20,,,0,100,,15869,20,,,0,100,,15870,20,,,0,100,,15871,20,,,0,100,,15872,20,0,8 20 1 21,0
22001,'Week-end-01',749,,15880,20,,,0,200,,15877,20,,,0,200,,15875,20,,,0,200,,15876,20,,,0,200,,15874,20,,,0,200,,15879,20,,,0,200,,15878,20,,,0,200,,15873,20,0,8 20 1 21,0
22100,'Fête-1-01',849,,15881,20,,,0,200,,15885,20,,,0,200,,15886,20,,,0,200,,15887,20,,,0,200,,15882,20,,,0,200,,15884,20,,,0,200,,15883,20,,,0
22100,'Semaine-01',604,,15891,20,,,0,30,,15888,20,,,0,70,,15892,20,,,0,30,,15893,20,,,0,70,,15894,20,,,0,45,,15895,20,,,0,100,,15896,20,,,0,100,,15897,20,,,0,100,,15898,20,,,0,100,,15899,20,,,0,100,,15900,20,,,0,100,,15901,20,,,0,100,,15902,20,,,0,85,,15903,20,,,0,70,,15904,20,,,0,30,,15905,20,,,0,70,,15906,20,,,0,30,,15907,20,,,0,70,,15908,20,,,0,45,,15909,20,,,0,100,,15910,20,,,0,100,,15911,20,,,0
22100,'Week-end-01',849,,15912,20,,,0,200,,15916,20,,,0,200,,15917,20,,,0,200,,15918,20,,,0,200,,15913,20,,,0,200,,15915,20,,,0,200,,15914,20,,,0
22201,'Fête-1-01',745,,15933,20,,,0,100,,15921,20,,,0,100,,15920,20,,,0,100,,15919,20,,,0,100,,15922,20,,,0,100,,15923,20,,,0,100,,15924,20,,,0,100,,15925,20,,,0,100,,15926,20,,,0,100,,15927,20,,,0,100,,15928,20,,,0,100,,15929,20,,,0,100,,15930,20,,,0,100,,15931,20,,,0,99,,15932,20,0,8 6 22,0
22201,'Semaine-01',534,,15951,20,,,0,80,,15934,20,,,0,30,,15952,20,,,0,80,,15935,20,,,0,80,,15936,20,,,0,110,,15937,20,,,0,100,,15938,20,,,0,100,,15939,20,,,0,100,,15940,20,,,0,100,,15941,20,,,0,100,,15942,20,,,0,100,,15943,20,,,0,100,,15944,20,,,0,40,,15953,20,,,0,75,,15945,20,,,0,80,,15946,20,,,0,105,,15947,20,,,0,100,,15948,20,,,0,100,,15949,20,,,0,100,,15950,20,0,8 6 22,0
22201,'Week-end-01',745,,15969,20,,,0,100,,15957,20,,,0,100,,15956,20,,,0,100,,15955,20,,,0,100,,15958,20,,,0,100,,15959,20,,,0,100,,15960,20,,,0,100,,15961,20,,,0,100,,15962,20,,,0,100,,15963,20,,,0,100,,15964,20,,,0,100,,15965,20,,,0,100,,15966,20,,,0,100,,15967,20,,,0,99,,15968,20,0,8 6 22,0
22600,'Fête-1-01',749,,16012,20,,,0,200,,16006,20,,,0,200,,16007,20,,,0,200,,16008,20,,,0,200,,16009,20,,,0,200,,16013,20,0,6 7,0,200,,16010,20,,,0,200,,16011,20,0,8 33 1 34,0
22600,'Semaine-01',604,,16014,20,,,0,30,,16015,20,,,0,75,,16016,20,,,0,40,,16017,20,,,0,80,,16018,20,,,0,90,,16019,20,,,0,100,,16020,20,,,0,100,,16021,20,,,0,100,,16022,20,,,0,100,,16023,20,,,0,100,,16024,20,,,0,100,,16025,20,,,0,100,,16026,20,,,0,40,,16027,20,,,0,80,,16028,20,,,0,80,,16029,20,,,0,30,,16030,20,,,0,70,,16031,20,,,0,100,,16032,20,,,0,100,,16033,20,,,0,100,,16034,20,,,0,100,,16035,20,,,0
22600,'Week-end-01',749,,16044,20,,,0,200,,16038,20,,,0,200,,16039,20,,,0,200,,16040,20,,,0,200,,16041,20,,,0,200,,16045,20,,,0,200,,16042,20,,,0,200,,16043,20,0,8 33 1 34,0
60401,'Semaine-01',624,,17999,20,,,0,30,,17998,20,,,0,972,,17994,20,,,0,89,,17996,20,,,0,39,,17995,20,,,0,99,,17997,20,,,0
