24601,'Semaine-01',528,,16837,50,,,0,86,,16836,50,,,0,88,,16835,50,,,0,51,,16834,50,,,0,93,,16833,50,,,0,698,,16832,50,,,0,91,,16831,50,,,0,93,,16830,50,,,0,93,,16829,50,,,0,89,,16828,50,,,0
25000,'Fête-1-01',808,,17002,50,,,0,100,,17000,50,,,0,30,,17003,50,,,0,100,,17004,50,,,0,70,,17005,50,,,0,100,,17001,50,,,0,30,,17018,50,,,0,100,,17013,50,,,0,70,,17016,50,,,0,100,,17019,50,,,0,30,,17010,50,,,0,100,,17009,50,,,0,70,,17011,50,,,0,100,,17012,50,,,0,30,,17017,50,,,0,100,,17007,50,,,0,70,,17020,50,,,0,100,,17014,50,,,0,30,,17006,50,,,0,100,,17015,50,,,0,70,,17008,50,,,0
25000,'Semaine-01',636,,17021,50,,,0,23,,17022,50,,,0,73,,17023,50,,,0,25,,17024,50,,,0,82,,17025,50,,,0,164,,17026,50,,,0,101,,17027,50,,,0,100,,17028,50,,,0,100,,17029,50,,,0,100,,17030,50,,,0,105,,17031,50,,,0,50,,17032,50,,,0,64,,17033,50,,,0,98,,17034,50,,,0,26,,17035,50,,,0,71,,17036,50,,,0,35,,17037,50,,,0,70,,17038,50,,,0,90,,17039,50,,,0,104,,17040,50,,,0,96,,17041,50,,,0,100,,17042,50,,,0
25000,'Week-end-01',808,,17045,50,,,0,100,,17043,50,,,0,30,,17046,50,,,0,100,,17047,50,,,0,70,,17048,50,,,0,100,,17044,50,,,0,30,,17061,50,,,0,100,,17056,50,,,0,70,,17059,50,,,0,100,,17062,50,,,0,30,,17053,50,,,0,100,,17052,50,,,0,70,,17054,50,,,0,100,,17055,50,,,0,30,,17060,50,,,0,100,,17050,50,,,0,70,,17063,50,,,0,100,,17057,50,,,0,30,,17049,50,,,0,100,,17058,50,,,0,70,,17051,50,,,0
25201,'Semaine-01',607,,17180,50,,,0,38,,17172,50,,,0,76,,17186,50,,,0,36,,17184,50,,,0,73,,17181,50,,,0,678,,17182,50,,,0,40,,17178,50,,,0,73,,17175,50,,,0,31,,17177,50,,,0,71,,17183,50,,,0,30,,17173,50,,,0,69,,17185,50,,,0,31,,17179,50,,,0,69,,17176,50,,,0,28,,17174,50,,,0
60001,'Fête-1-01',755,,17946,20,,,0,100,,17945,20,,,0,100,,17943,20,,,0,100,,17944,20,,,0,100,,17941,20,,,0,100,,17942,20,,,0,100,,17938,20,,,0,100,,17939,20,,,0,100,,17940,20,,,0,100,,17937,20,,,0,100,,17934,20,,,0,100,,17935,20,,,0,100,,17936,20,,,0,100,,17932,20,,,0,89,,17933,20,,,0,185,,17931,20,,,0
60001,'Semaine-01',715,,17947,20,,,0,32,,17948,20,,,0,100,,17949,20,,,0,100,,17950,20,,,0,98,,17951,20,,,0,170,,17952,20,,,0,100,,17953,20,,,0,30,,17954,20,,,0,100,,17955,20,,,0,100,,17956,20,,,0,100,,17957,20,,,0,70,,17958,20,,,0,30,,17959,20,,,0,100,,17960,20,,,0,100,,17961,20,,,0,100,,17962,20,,,0,100,,17963,20,,,0,100,,17964,20,,,0,100,,17965,20,,,0
60001,'Week-end-01',755,,17985,20,,,0,100,,17984,20,,,0,100,,17982,20,,,0,100,,17983,20,,,0,100,,17980,20,,,0,100,,17981,20,,,0,100,,17977,20,,,0,100,,17978,20,,,0,100,,17979,20,,,0,100,,17976,20,,,0,100,,17973,20,,,0,100,,17974,20,,,0,100,,17975,20,,,0,100,,17971,20,,,0,89,,17972,20,,,0,185,,17970,20,,,0
70900,'Fête-1-01',638,,18259,130,,,0,65,,18260,130,,,0,15,,18261,130,,,0,30,,18262,130,,,0,70,,18263,130,,,0,30,,18264,130,,,0,70,,18265,130,,,0,30,,18266,130,,,0,70,,18267,130,,,0,30,,18268,130,,,0,70,,18269,130,,,0,30,,18270,130,,,0,70,,18271,130,,,0,30,,18272,130,,,0,70,,18273,130,,,0,30,,18274,130,,,0,70,,18275,130,,,0,30,,18276,130,,,0,70,,18277,130,,,0,30,,18278,130,,,0,70,,18279,130,,,0,30,,18280,130,,,0,70,,18281,130,,,0,30,,18282,130,,,0,70,,18283,130,,,0,30,,18284,130,,,0,70,,18285,130,,,0,30,,18286,130,,,0,70,,18287,130,,,0,30,,18288,130,,,0,70,,18289,130,,,0,30,,18290,130,,,0,70,,18291,130,,,0,20,,18292,130,,,0,70,,18293,130,,,0,30,,18294,130,,,0,70,,18295,130,,,0,30,,18296,130,,,0,109,,18297,130,,,0
70900,'Semaine-01',553,,18299,130,0,11 12 13,0,78,,18300,130,0,11 12 13,0,20,,18301,130,0,11 12 13,0,7,,18302,130,0,11 12 13,0,78,,18303,130,0,11 12 13,0,19,,18304,130,0,11 12 13,0,65,,18305,130,0,11 12 13,0,28,,18306,130,0,11 12 13,0,74,,18307,130,0,11 12 13,0,25,,18345,130,0,11 12 13,0,68,,18308,130,0,11 12 13,0,15,,18309,130,0,11 12 13,0,29,,18310,130,0,11 12 13,0,55,,18311,130,0,11 12 13,0,15,,18312,130,0,11 12 13,0,23,,18313,130,0,11 12 13,0,70,,18314,130,0,11 12 13,0,15,,18341,130,0,11 12 13,0,15,,18344,130,0,11 12 13,0,55,,18343,130,0,11 12 13,0,30,,18342,130,0,11 12 13,0,85,,18340,130,0,11 12 13,0,15,,18315,130,0,11 12 13,0,21,,18316,130,0,11 12 13,0,84,,18317,130,,,0,66,,18318,130,,,0,20,,18338,130,,,0,17,,18339,130,,,0,11,,18332,130,,,0,56,,18337,130,,,0,13,,18333,130,,,0,13,,18334,130,,,0,9,,18335,130,,,0,11,,18336,130,,,0,53,,18331,130,,,0,28,,18319,130,,,0,13,,18320,130,,,0,52,,18321,130,,,0,12,,18322,130,,,0,27,,18330,130,,,0,59,,18323,130,,,0,29,,18324,130,,,0,22,,18347,130,,,0,70,,18325,130,,,0,15,,18326,130,,,0,97,,18327,130,,,0,69,,18328,130,,,0,44,,18346,130,,,0,99,,18329,130,,,0,108,,18298,130,,,0
70900,'Week-end-01',638,,18348,130,,,0,65,,18349,130,,,0,15,,18350,130,,,0,30,,18351,130,,,0,70,,18352,130,,,0,30,,18353,130,,,0,70,,18354,130,,,0,30,,18355,130,,,0,70,,18356,130,,,0,30,,18357,130,,,0,70,,18358,130,,,0,30,,18359,130,,,0,70,,18360,130,,,0,30,,18361,130,,,0,70,,18362,130,,,0,30,,18363,130,,,0,70,,18364,130,,,0,30,,18365,130,,,0,70,,18366,130,,,0,30,,18367,130,,,0,70,,18368,130,,,0,30,,18369,130,,,0,70,,18370,130,,,0,30,,18371,130,,,0,70,,18372,130,,,0,30,,18373,130,,,0,70,,18374,130,,,0,30,,18375,130,,,0,70,,18376,130,,,0,30,,18377,130,,,0,70,,18378,130,,,0,30,,18379,130,,,0,70,,18380,130,,,0,20,,18381,130,,,0,70,,18382,130,,,0,30,,18383,130,,,0,70,,18384,130,,,0,30,,18385,130,,,0,109,,18386,130,,,0
