23001,'Fête-1-05',813,,10691,,,0,101,,10703,,,0,100,,10692,,,0,101,,10697,,,0,102,,10704,,,0,100,,10698,,,0,100,,10699,,,0,99,,10700,,,0,100,,10702,,,0,99,,10695,,,0,100,,10696,,,0,98,,10701,,,0,99,,10694,,,0,100,,10693,,,0,100,,10690,,,0
23001,'Fête-2-04',618,,10713,,,0,32,,10706,,,0,70,,10707,,,0,30,,10708,,,0,70,,10709,,,0,29,,10710,,,0,70,,10711,,,0,100,,10712,,,0,100,,10722,,,0,100,,10723,,,0,100,,10724,,,0,100,,10725,,,0,100,,10726,,,0,101,,10728,,,0,30,,10718,,,0,70,,10719,,,0,30,,10720,,,0,70,,10721,,,0,28,,10717,,,0,70,,10727,,,0,30,,10716,,,0,100,,10715,,,0,100,,10714,,,0,100,,10705,,,0
23001,'Semaine-52',618,,10737,,,0,32,,10730,,,0,70,,10731,,,0,30,,10732,,,0,70,,10733,,,0,29,,10734,,,0,70,,10735,,,0,100,,10736,,,0,100,,10746,,,0,100,,10747,,,0,100,,10748,,,0,100,,10749,,,0,100,,10750,,,0,101,,10752,,,0,30,,10742,,,0,70,,10743,,,0,30,,10744,,,0,70,,10745,,,0,28,,10741,,,0,70,,10751,,,0,30,,10740,,,0,100,,10739,,,0,100,,10738,,,0,100,,10729,,,0
23001,'Week-end-52',813,,10754,,,0,101,,10766,,,0,100,,10755,,,0,101,,10760,,,0,102,,10767,,,0,100,,10761,,,0,100,,10762,,,0,99,,10763,,,0,100,,10765,,,0,99,,10758,,,0,100,,10759,,,0,98,,10764,,,0,99,,10757,,,0,100,,10756,,,0,100,,10753,,,0
23701,'Fête-1-05',906,,11242,,,0,98,,11233,,,0,101,,11239,,,0,100,,11241,,,0,100,,11230,,,0,100,,11232,,,0,100,,11231,,,0,100,,11238,,,0,100,,11234,,,0,100,,11236,,,0,100,,11237,,,0,101,,11240,,,0,99,,11235,,,0,100,,11243,,,0
23701,'Fête-2-04',558,,11264,,,0,73,,11245,,,0,73,,11265,,,0,33,,11259,,,0,64,,11260,,,0,33,,11246,,,0,100,,11262,,,0,98,,11261,,,0,100,,11247,,,0,100,,11248,,,0,100,,11249,,,0,100,,11250,,,0,105,,11251,,,0,100,,11252,,,0,73,,11256,,,0,33,,11253,,,0,109,,11257,,,0,150,,11254,,,0,100,,11258,,,0,100,,11255,,,0
23701,'Semaine-52',558,,11285,,,0,73,,11266,,,0,73,,11286,,,0,33,,11280,,,0,64,,11281,,,0,33,,11267,,,0,100,,11283,,,0,98,,11282,,,0,100,,11268,,,0,100,,11269,,,0,100,,11270,,,0,100,,11271,,,0,105,,11272,,,0,100,,11273,,,0,73,,11277,,,0,33,,11274,,,0,109,,11278,,,0,150,,11275,,,0,100,,11279,,,0,100,,11276,,,0
23701,'Week-end-52',906,,11299,,,0,98,,11290,,,0,101,,11296,,,0,100,,11298,,,0,100,,11287,,,0,100,,11289,,,0,100,,11288,,,0,100,,11295,,,0,100,,11291,,,0,100,,11293,,,0,100,,11294,,,0,101,,11297,,,0,99,,11292,,,0,100,,11300,,,0
70901,'Fête-1-05',554,,14546,,,0,70,,14547,,,0,29,,14548,,,0,70,,14549,,,0,30,,14550,,,0,55,,14551,,,0,30,,14552,,,0,70,,14553,,,0,30,,14554,,,0,70,,14555,,,0,30,,14556,,,0,70,,14557,,,0,30,,14558,,,0,70,,14559,,,0,30,,14560,,,0,70,,14561,,,0,30,,14562,,,0,70,,14563,,,0,30,,14564,,,0,70,,14565,,,0,30,,14566,,,0,70,,14567,,,0,30,,14568,,,0,70,,14569,,,0,30,,14570,,,0,70,,14571,,,0,31,,14572,,,0,70,,14573,,,0,30,,14574,,,0,71,,14575,,,0,30,,14576,,,0,70,,14577,,,0,30,,14578,,,0,71,,14579,,,0,30,,14580,,,0,70,,14581,,,0,111,,14582,,,0
70901,'Fête-2-04',423,,14587,,,0,30,,14632,,,0,60,,14584,,,0,10,,14583,,,0,10,,14585,,,0,10,,14586,,,0,60,,14588,,,0,10,,14589,,,0,10,,14590,,,0,25,,14591,,,0,10,,14592,,,0,50,,14593,,,0,10,,14594,,,0,10,,14595,,,0,10,,14596,,,0,20,,14597,,,0,50,,14598,,,0,15,,14599,,,0,15,,14601,,,0,15,,14638,,,0,55,,14600,,,0,30,,14602,,,0,15,,14603,,,0,63,,14604,,,0,30,,14605,,,0,55,,14606,,,0,15,,14607,,,0,15,,14608,,,0,15,,14641,,,0,55,,14609,,,0,15,,14642,,,0,30,,14610,,,0,55,,14611,,,0,15,,14612,,,0,30,,14633,,,0,70,,14634,,,0,30,,14635,,,0,55,,14636,,,0,15,,14637,,,0,85,,14614,,,0,15,,14613,,,0,30,,14615,,,0,55,,14616,,,0,10,,14617,,,0,15,,14618,,,0,15,,14639,,,0,15,,14640,,,0,55,,14619,,,0,20,,14620,,,0,15,,14621,,,0,55,,14622,,,0,22,,14623,,,0,30,,14624,,,0,55,,14625,,,0,30,,14626,,,0,70,,14627,,,0,30,,14628,,,0,85,,14629,,,0,100,,14630,,,0,108,,14631,,,0
70901,'Semaine-52',423,,14647,,,0,30,,14696,,,0,60,,14644,,,0,10,,14643,,,0,10,,14645,,,0,10,,14646,,,0,10,,14648,,,0,50,,14649,,,0,10,,14650,,,0,10,,14651,,,0,15,,14652,,,0,10,,14653,,,0,10,,14654,,,0,50,,14655,,,0,10,,14656,,,0,10,,14657,,,0,10,,14658,,,0,10,,14659,,,0,10,,14660,,,0,50,,14661,,,0,15,,14662,,,0,15,,14664,,,0,15,,14703,,,0,55,,14663,,,0,30,,14665,,,0,15,,14666,,,0,63,,14667,,,0,30,,14668,,,0,55,,14669,,,0,15,,14670,,,0,15,,14671,,,0,15,,14706,,,0,55,,14672,,,0,15,,14707,,,0,30,,14673,,,0,55,,14674,,,0,15,,14675,,,0,30,,14698,,,0,70,,14699,,,0,30,,14700,,,0,55,,14701,,,0,15,,14702,,,0,30,,14697,,,0,55,,14677,,,0,15,,14676,,,0,15,,14678,,,0,15,,14679,,,0,55,,14680,,,0,10,,14681,,,0,15,,14682,,,0,15,,14704,,,0,15,,14705,,,0,55,,14683,,,0,20,,14684,,,0,15,,14685,,,0,55,,14686,,,0,22,,14687,,,0,30,,14688,,,0,55,,14689,,,0,30,,14690,,,0,70,,14691,,,0,30,,14692,,,0,85,,14693,,,0,100,,14694,,,0,108,,14695,,,0
70901,'Week-end-52',554,,14708,,,0,70,,14709,,,0,29,,14710,,,0,70,,14711,,,0,30,,14712,,,0,55,,14713,,,0,30,,14714,,,0,70,,14715,,,0,30,,14716,,,0,70,,14717,,,0,30,,14718,,,0,70,,14719,,,0,30,,14720,,,0,70,,14721,,,0,30,,14722,,,0,70,,14723,,,0,30,,14724,,,0,70,,14725,,,0,30,,14726,,,0,70,,14727,,,0,30,,14728,,,0,70,,14729,,,0,30,,14730,,,0,70,,14731,,,0,30,,14732,,,0,70,,14733,,,0,31,,14734,,,0,70,,14735,,,0,30,,14736,,,0,71,,14737,,,0,30,,14738,,,0,70,,14739,,,0,30,,14740,,,0,71,,14741,,,0,30,,14742,,,0,70,,14743,,,0,111,,14744,,,0
