23300,'Fête-1-05',838,,10926,,,0,200,,10928,,,0,199,,10924,,,0,201,,10929,,,0,200,,10927,,,0,199,,10925,,,0,200,,10922,,,0,200,,10923,0,8 41 1 42 43 44,0
23300,'Fête-2-04',604,,10930,,,0,99,,10931,,,0,105,,10942,,,0,99,,10943,,,0,130,,10932,,,0,200,,10933,,,0,200,,10934,,,0,75,,10935,,,0,101,,10936,,,0,105,,10937,,,0,100,,10941,,,0,104,,10938,,,0,115,,10939,,,0,207,,10940,0,8 41 1 42 43 44,0
23300,'Semaine-52',604,,10944,,,0,99,,10945,,,0,105,,10956,,,0,99,,10957,,,0,130,,10946,,,0,200,,10947,,,0,200,,10948,,,0,75,,10949,,,0,101,,10950,,,0,105,,10951,,,0,100,,10955,,,0,104,,10952,,,0,115,,10953,,,0,207,,10954,0,8 41 1 42 43 44,0
23300,'Week-end-52',838,,10962,,,0,200,,10964,,,0,199,,10960,,,0,201,,10965,,,0,200,,10963,,,0,199,,10961,,,0,200,,10958,,,0,200,,10959,0,8 41 1 42 43 44,0
23400,'Fête-1-05',937,,10971,,,0,200,,10969,,,0,201,,10966,,,0,200,,10968,,,0,199,,10967,,,0,200,,10972,,,0,200,,10970,,,0
23400,'Fête-2-04',632,,10974,,,0,102,,10987,,,0,99,,10975,,,0,104,,10976,,,0,200,,10977,,,0,200,,10978,,,0,201,,10979,,,0,107,,10980,,,0,103,,10981,,,0,94,,10986,,,0,97,,10982,,,0,198,,10983,,,0
23400,'Semaine-52',632,,10988,,,0,102,,11001,,,0,99,,10989,,,0,104,,10990,,,0,200,,10991,,,0,200,,10992,,,0,201,,10993,,,0,107,,10994,,,0,103,,10995,,,0,94,,11000,,,0,97,,10996,,,0,198,,10997,,,0
23400,'Week-end-52',937,,11007,,,0,200,,11005,,,0,201,,11002,,,0,200,,11004,,,0,199,,11003,,,0,200,,11008,,,0,200,,11006,,,0
23900,'Fête-1-05',837,,11382,,,0,100,,11390,,,0,100,,11391,,,0,101,,11392,,,0,100,,11393,,,0,100,,11394,,,0,100,,11395,,,0,100,,11388,,,0,99,,11384,,,0,100,,11383,,,0,100,,11385,,,0,100,,11386,,,0,100,,11387,,,0,100,,11389,,,0,100,,11396,0,8 35 1 36,0
23900,'Fête-2-04',619,,11398,,,0,18,,11399,,,0,71,,11400,,,0,29,,11401,,,0,73,,11415,,,0,27,,11412,,,0,100,,11402,,,0,100,,11403,,,0,100,,11404,,,0,101,,11405,,,0,100,,11406,,,0,100,,11407,,,0,100,,11408,,,0,75,,11409,,,0,25,,11420,,,0,80,,11421,,,0,23,,11416,,,0,81,,11413,,,0,22,,11410,,,0,93,,11422,,,0,100,,11419,,,0,100,,11418,,,0,107,,11417,0,8 35 1 36,0
23900,'Semaine-52',619,,11423,,,0,18,,11424,,,0,71,,11425,,,0,29,,11426,,,0,73,,11440,,,0,27,,11437,,,0,100,,11427,,,0,100,,11428,,,0,100,,11429,,,0,101,,11430,,,0,100,,11431,,,0,100,,11432,,,0,100,,11433,,,0,75,,11434,,,0,25,,11445,,,0,80,,11446,,,0,23,,11441,,,0,81,,11438,,,0,22,,11435,,,0,93,,11447,,,0,100,,11444,,,0,100,,11443,,,0,107,,11442,0,8 35 1 36,0
23900,'Week-end-52',837,,11448,,,0,100,,11456,,,0,100,,11457,,,0,101,,11458,,,0,100,,11459,,,0,100,,11460,,,0,100,,11461,,,0,100,,11454,,,0,99,,11450,,,0,100,,11449,,,0,100,,11451,,,0,100,,11452,,,0,100,,11453,,,0,100,,11455,,,0,100,,11462,0,8 35 1 36,0
