23000,'Fête-1-05',839,,10616,,,0,100,,10617,,,0,101,,10621,,,0,100,,10622,,,0,100,,10623,,,0,100,,10624,,,0,100,,10625,,,0,100,,10627,,,0,100,,10615,,,0,99,,10614,,,0,100,,10626,,,0,100,,10620,,,0,100,,10619,,,0,100,,10618,,,0,100,,10628,,,0
23000,'Fête-2-04',613,,10634,,,0,29,,10635,,,0,70,,10636,,,0,30,,10637,,,0,70,,10638,,,0,29,,10639,,,0,100,,10640,,,0,100,,10645,,,0,100,,10646,,,0,100,,10647,,,0,100,,10648,,,0,100,,10649,,,0,101,,10651,,,0,70,,10632,,,0,30,,10631,,,0,70,,10630,,,0,30,,10629,,,0,70,,10633,,,0,29,,10650,,,0,70,,10644,,,0,100,,10643,,,0,100,,10642,,,0,100,,10641,,,0
23000,'Semaine-52',613,,10657,,,0,29,,10658,,,0,70,,10659,,,0,30,,10660,,,0,70,,10661,,,0,29,,10662,,,0,100,,10663,,,0,100,,10668,,,0,100,,10669,,,0,100,,10670,,,0,100,,10671,,,0,100,,10672,,,0,101,,10674,,,0,70,,10655,,,0,30,,10654,,,0,70,,10653,,,0,30,,10652,,,0,70,,10656,,,0,29,,10673,,,0,70,,10667,,,0,100,,10666,,,0,100,,10665,,,0,100,,10664,,,0
23000,'Week-end-52',839,,10677,,,0,100,,10678,,,0,101,,10682,,,0,100,,10683,,,0,100,,10684,,,0,100,,10685,,,0,100,,10686,,,0,100,,10688,,,0,100,,10676,,,0,99,,10675,,,0,100,,10687,,,0,100,,10681,,,0,100,,10680,,,0,100,,10679,,,0,100,,10689,,,0
23101,'Fête-1-05',915,,10775,,,0,100,,10774,,,0,100,,10776,,,0,100,,10772,,,0,100,,10777,,,0,100,,10771,,,0,100,,10778,,,0,100,,10770,,,0,100,,10779,,,0,100,,10773,,,0,100,,10780,,,0,100,,10769,,,0,100,,10781,,,0,100,,10768,,,0
23101,'Fête-2-04',658,,10783,,,0,70,,10784,,,0,30,,10785,,,0,70,,10786,,,0,30,,10787,,,0,89,,10788,,,0,100,,10789,,,0,100,,10790,,,0,100,,10791,,,0,100,,10792,,,0,100,,10793,,,0,100,,10794,,,0,94,,10795,,,0,67,,10796,,,0,33,,10797,,,0,67,,10798,,,0,27,,10799,,,0,67,,10800,,,0,45,,10801,,,0,100,,10802,,,0,100,,10803,,,0,100,,10804,,,0
23101,'Semaine-52',658,,10806,,,0,70,,10807,,,0,30,,10808,,,0,70,,10809,,,0,30,,10810,,,0,89,,10811,,,0,100,,10812,,,0,100,,10813,,,0,100,,10814,,,0,100,,10815,,,0,100,,10816,,,0,100,,10817,,,0,94,,10818,,,0,67,,10819,,,0,33,,10820,,,0,67,,10821,,,0,27,,10822,,,0,67,,10823,,,0,45,,10824,,,0,100,,10825,,,0,100,,10826,,,0,100,,10827,,,0
23101,'Week-end-52',915,,10836,,,0,100,,10835,,,0,100,,10837,,,0,100,,10833,,,0,100,,10838,,,0,100,,10832,,,0,100,,10839,,,0,100,,10831,,,0,100,,10840,,,0,100,,10834,,,0,100,,10841,,,0,100,,10830,,,0,100,,10842,,,0,100,,10829,,,0
23801,'Fête-1-05',826,,11317,,,0,93,,11310,,,0,103,,11313,,,0,100,,11314,,,0,100,,11307,,,0,100,,11315,,,0,100,,11305,,,0,100,,11304,,,0,100,,11303,,,0,100,,11302,,,0,100,,11309,,,0,98,,11308,,,0,100,,11311,,,0,98,,11312,,,0,99,,11306,,,0
23801,'Fête-2-04',550,,11332,0,31 13,0,69,,11333,0,31 13,0,26,,11334,,,0,64,,11335,,,0,94,,11336,,,0,19,,11337,,,0,95,,11338,,,0,107,,11318,,,0,100,,11319,,,0,100,,11320,,,0,100,,11321,,,0,100,,11322,,,0,100,,11323,,,0,100,,11324,,,0,76,,11325,,,0,32,,11326,,,0,74,,11340,,,0,31,,11327,,,0,75,,11339,,,0,111,,11328,,,0,100,,11331,,,0,100,,11330,,,0
23801,'Semaine-52',550,,11356,0,31 13,0,69,,11357,0,31 13,0,26,,11358,,,0,64,,11359,,,0,94,,11360,,,0,19,,11361,,,0,95,,11362,,,0,107,,11342,,,0,100,,11343,,,0,100,,11344,,,0,100,,11345,,,0,100,,11346,,,0,100,,11347,,,0,100,,11348,,,0,76,,11349,,,0,32,,11350,,,0,74,,11364,,,0,31,,11351,,,0,75,,11363,,,0,111,,11352,,,0,100,,11355,,,0,100,,11354,,,0
23801,'Week-end-52',826,,11381,,,0,93,,11374,,,0,103,,11377,,,0,100,,11378,,,0,100,,11371,,,0,100,,11379,,,0,100,,11369,,,0,100,,11368,,,0,100,,11367,,,0,100,,11366,,,0,100,,11373,,,0,98,,11372,,,0,100,,11375,,,0,98,,11376,,,0,99,,11370,,,0
