22701,'Fête-1-06',851,,10509,40,,,0,200,,10510,40,,,0,200,,10511,40,,,0,200,,10512,40,,,0,200,,10513,40,,,0,200,,10514,40,,,0,200,,10515,40,,,0
22701,'Semaine-53',551,,10518,40,,,0,70,,10519,40,,,0,30,,10520,40,,,0,70,,10521,40,,,0,30,,10522,40,,,0,100,,10523,40,,,0,100,,10524,40,,,0,100,,10525,40,,,0,100,,10526,40,,,0,100,,10527,40,,,0,100,,10528,40,,,0,100,,10529,40,,,0,100,,10530,40,,,0,85,,10531,40,,,0,70,,10532,40,,,0,30,,10533,40,,,0,70,,10534,40,,,0,30,,10535,40,,,0,70,,10536,40,,,0,45,,10537,40,,,0,100,,10538,40,,,0,100,,10539,40,,,0,100,,10540,40,0,8 14 1 15 16 17,0
22701,'Week-end-53',851,,10541,40,,,0,200,,10542,40,,,0,200,,10543,40,,,0,200,,10544,40,,,0,200,,10545,40,,,0,200,,10546,40,,,0,200,,10547,40,,,0
22800,'Fête-1-06',751,,10555,40,,,0,200,,10552,40,,,0,200,,10553,40,,,0,200,,10548,40,,,0,200,,10550,40,,,0,200,,10554,40,,,0,200,,10551,40,,,0,200,,10549,40,0,8 14 1 18 19,0
22800,'Semaine-53',606,,10557,40,,,0,30,,10558,40,,,0,70,,10559,40,,,0,30,,10560,40,,,0,85,,10561,40,,,0,100,,10562,40,,,0,100,,10563,40,,,0,100,,10564,40,,,0,100,,10565,40,,,0,100,,10566,40,,,0,100,,10567,40,,,0,100,,10568,40,,,0,100,,10569,40,,,0,30,,10570,40,,,0,70,,10571,40,,,0,30,,10572,40,,,0,70,,10573,40,,,0,30,,10574,40,,,0,70,,10575,40,,,0,100,,10576,40,,,0,100,,10577,40,,,0,100,,10578,40,,,0,100,,10579,40,0,8 14 1 18 19,0
22800,'Week-end-53',751,,10588,40,,,0,200,,10585,40,,,0,200,,10586,40,,,0,200,,10581,40,,,0,200,,10583,40,,,0,200,,10587,40,,,0,200,,10584,40,,,0,200,,10582,40,0,8 14 1 18 19,0
60500,'Semaine-53',641,,12883,40,,,0,205,,12884,40,,,0
70801,'Fête-1-06',626,,13099,40,,,0,99,,13115,40,,,0,34,,13100,40,,,0,100,,13101,40,,,0,91,,13102,40,,,0,100,,13103,40,,,0,100,,13104,40,,,0,100,,13105,40,,,0,100,,13106,40,,,0,100,,13107,40,,,0,100,,13108,40,,,0,100,,13109,40,,,0,100,,13110,40,,,0,100,,13111,40,,,0,101,,13112,40,,,0,100,,13113,40,,,0,100,,13114,40,,,0,80,,13097,40,,,0,118,,13098,40,,,0
70801,'Semaine-53',437,,13116,40,,,0,69,,13117,40,,,0,45,,13118,40,,,0,70,,13119,40,,,0,25,,13159,40,,,0,5,,13120,40,,,0,70,,13121,40,,,0,30,,13122,40,,,0,70,,13123,40,,,0,30,,13124,40,,,0,70,,13125,40,,,0,30,,13126,40,,,0,70,,13127,40,,,0,30,,13128,40,,,0,70,,13129,40,,,0,30,,13130,40,,,0,70,,13131,40,,,0,30,,13132,40,,,0,70,,13133,40,,,0,30,,13134,40,,,0,70,,13135,40,,,0,30,,13136,40,,,0,70,,13137,40,,,0,30,,13138,40,,,0,70,,13139,40,,,0,30,,13140,40,,,0,70,,13141,40,,,0,30,,13142,40,,,0,70,,13143,40,,,0,30,,13144,40,,,0,70,,13145,40,,,0,30,,13146,40,,,0,70,,13147,40,,,0,30,,13148,40,,,0,100,,13149,40,,,0,100,,13150,40,,,0,96,,13151,40,,,0,100,,13158,40,,,0
70801,'Week-end-53',626,,13162,40,,,0,99,,13178,40,,,0,34,,13163,40,,,0,100,,13164,40,,,0,91,,13165,40,,,0,100,,13166,40,,,0,100,,13167,40,,,0,100,,13168,40,,,0,100,,13169,40,,,0,100,,13170,40,,,0,100,,13171,40,,,0,100,,13172,40,,,0,100,,13173,40,,,0,100,,13174,40,,,0,101,,13175,40,,,0,100,,13176,40,,,0,100,,13177,40,,,0,80,,13160,40,,,0,118,,13161,40,,,0
