25001,'Fête-1-05',719,,4425,240,,,0,99,,4409,240,,,0,30,,4412,240,,,0,99,,4419,240,,,0,70,,4420,240,,,0,101,,4411,240,,,0,30,,4414,240,,,0,100,,4422,240,,,0,70,,4423,240,,,0,100,,4410,240,,,0,29,,4421,240,,,0,100,,4413,240,,,0,71,,4418,240,,,0,101,,4424,240,,,0,30,,4415,240,,,0,100,,4416,240,,,0,70,,4408,240,,,0,101,,4417,240,,,0,30,,4426,240,,,0,101,,4407,240,,,0,70,,4427,240,,,0
25001,'Fête-2-04',544,,4428,240,,,0,65,,4429,240,,,0,28,,4430,240,,,0,22,,4431,240,,,0,85,,4432,240,,,0,96,,4433,240,,,0,71,,4434,240,,,0,96,,4435,240,,,0,100,,4436,240,,,0,103,,4437,240,,,0,100,,4438,240,,,0,102,,4439,240,,,0,115,,4440,240,,,0,99,,4441,240,,,0,26,,4442,240,,,0,70,,4443,240,,,0,28,,4444,240,,,0,83,,4445,240,,,0,87,,4446,240,,,0,108,,4447,240,,,0,93,,4448,240,,,0,101,,4449,240,,,0
25001,'Semaine-52',544,,4450,240,,,0,64,,4451,240,,,0,29,,4452,240,,,0,22,,4453,240,,,0,85,,4454,240,,,0,62,,4455,240,,,0,34,,4456,240,,,0,71,,4457,240,,,0,37,,4458,240,,,0,59,,4459,240,,,0,100,,4460,240,,,0,103,,4461,240,,,0,100,,4462,240,,,0,102,,4463,240,,,0,115,,4464,240,,,0,24,,4465,240,,,0,75,,4466,240,,,0,26,,4467,240,,,0,70,,4468,240,,,0,28,,4469,240,,,0,82,,4470,240,,,0,88,,4471,240,,,0,107,,4472,240,,,0,94,,4473,240,,,0,101,,4474,240,,,0
25001,'Week-end-52',719,,4493,240,,,0,99,,4477,240,,,0,30,,4480,240,,,0,99,,4487,240,,,0,70,,4488,240,,,0,101,,4479,240,,,0,30,,4482,240,,,0,100,,4490,240,,,0,70,,4491,240,,,0,100,,4478,240,,,0,29,,4489,240,,,0,100,,4481,240,,,0,71,,4486,240,,,0,101,,4492,240,,,0,30,,4483,240,,,0,100,,4484,240,,,0,70,,4476,240,,,0,101,,4485,240,,,0,30,,4494,240,,,0,101,,4475,240,,,0,70,,4495,240,,,0
31700,'Fête-2-04',656,,5599,200,0,11 23,0,70,,5600,200,0,11 23,0,110,,5601,200,0,11 23,0,290,,5602,200,0,11 23,0,300,,5603,200,0,11 23,0
31700,'Semaine-52',656,,5605,200,0,11 23,0,70,,5606,200,0,11 23,0,110,,5607,200,0,11 23,0,290,,5608,200,0,11 23,0,300,,5609,200,0,11 23,0
31701,'Fête-2-04',1236,,5613,210,0,24,0,270,,5618,210,0,24,0,100,,5614,210,0,24,0,130,,5615,210,0,24,0,100,,5616,210,0,24,0,475,,5617,210,0,24,0
31701,'Semaine-52',1236,,5620,210,0,24,0,270,,5625,210,0,24,0,100,,5621,210,0,24,0,130,,5622,210,0,24,0,100,,5623,210,0,24,0,475,,5624,210,0,24,0
51401,'Fête-2-04',534,,6100,240,,,0,95,,6101,240,,,0,74,,6102,240,,,0
51401,'Semaine-52',534,,6103,240,,,0,95,,6104,240,,,0,74,,6105,240,,,0
