22001,'Fête-1-01',750,,15846,30,,,0,200,,15843,30,,,0,200,,15841,30,,,0,200,,15842,30,,,0,200,,15840,30,,,0,200,,15845,30,,,0,200,,15844,30,,,0,200,,15839,30,0,8 20 1 21,0
22001,'Semaine-01',550,,15849,30,,,0,70,,15850,30,,,0,30,,15851,30,,,0,70,,15852,30,,,0,30,,15853,30,,,0,70,,15854,30,,,0,100,,15855,30,,,0,100,,15856,30,,,0,100,,15857,30,,,0,100,,15858,30,,,0,100,,15859,30,,,0,100,,15860,30,,,0,100,,15861,30,,,0,100,,15862,30,,,0,30,,15863,30,,,0,70,,15864,30,,,0,30,,15865,30,,,0,70,,15866,30,,,0,30,,15867,30,,,0,70,,15868,30,,,0,100,,15869,30,,,0,100,,15870,30,,,0,100,,15871,30,,,0,100,,15872,30,0,8 20 1 21,0
22001,'Week-end-01',750,,15880,30,,,0,200,,15877,30,,,0,200,,15875,30,,,0,200,,15876,30,,,0,200,,15874,30,,,0,200,,15879,30,,,0,200,,15878,30,,,0,200,,15873,30,0,8 20 1 21,0
22100,'Fête-1-01',850,,15881,30,,,0,200,,15885,30,,,0,200,,15886,30,,,0,200,,15887,30,,,0,200,,15882,30,,,0,200,,15884,30,,,0,200,,15883,30,,,0
22100,'Semaine-01',605,,15891,30,,,0,30,,15888,30,,,0,70,,15892,30,,,0,30,,15893,30,,,0,70,,15894,30,,,0,45,,15895,30,,,0,100,,15896,30,,,0,100,,15897,30,,,0,100,,15898,30,,,0,100,,15899,30,,,0,100,,15900,30,,,0,100,,15901,30,,,0,100,,15902,30,,,0,85,,15903,30,,,0,70,,15904,30,,,0,30,,15905,30,,,0,70,,15906,30,,,0,30,,15907,30,,,0,70,,15908,30,,,0,45,,15909,30,,,0,100,,15910,30,,,0,100,,15911,30,,,0
22100,'Week-end-01',850,,15912,30,,,0,200,,15916,30,,,0,200,,15917,30,,,0,200,,15918,30,,,0,200,,15913,30,,,0,200,,15915,30,,,0,200,,15914,30,,,0
22201,'Fête-1-01',746,,15933,30,,,0,100,,15921,30,,,0,100,,15920,30,,,0,100,,15919,30,,,0,100,,15922,30,,,0,100,,15923,30,,,0,100,,15924,30,,,0,100,,15925,30,,,0,100,,15926,30,,,0,100,,15927,30,,,0,100,,15928,30,,,0,100,,15929,30,,,0,100,,15930,30,,,0,100,,15931,30,,,0,99,,15932,30,0,8 6 22,0
22201,'Semaine-01',535,,15951,30,,,0,80,,15934,30,,,0,30,,15952,30,,,0,80,,15935,30,,,0,80,,15936,30,,,0,110,,15937,30,,,0,100,,15938,30,,,0,100,,15939,30,,,0,100,,15940,30,,,0,100,,15941,30,,,0,100,,15942,30,,,0,100,,15943,30,,,0,100,,15944,30,,,0,40,,15953,30,,,0,75,,15945,30,,,0,80,,15946,30,,,0,105,,15947,30,,,0,100,,15948,30,,,0,100,,15949,30,,,0,100,,15950,30,0,8 6 22,0
22201,'Week-end-01',746,,15969,30,,,0,100,,15957,30,,,0,100,,15956,30,,,0,100,,15955,30,,,0,100,,15958,30,,,0,100,,15959,30,,,0,100,,15960,30,,,0,100,,15961,30,,,0,100,,15962,30,,,0,100,,15963,30,,,0,100,,15964,30,,,0,100,,15965,30,,,0,100,,15966,30,,,0,100,,15967,30,,,0,99,,15968,30,0,8 6 22,0
22600,'Fête-1-01',750,,16012,30,,,0,200,,16006,30,,,0,200,,16007,30,,,0,200,,16008,30,,,0,200,,16009,30,,,0,200,,16013,30,0,6 7,0,200,,16010,30,,,0,200,,16011,30,0,8 33 1 34,0
22600,'Semaine-01',605,,16014,30,,,0,30,,16015,30,,,0,75,,16016,30,,,0,40,,16017,30,,,0,80,,16018,30,,,0,90,,16019,30,,,0,100,,16020,30,,,0,100,,16021,30,,,0,100,,16022,30,,,0,100,,16023,30,,,0,100,,16024,30,,,0,100,,16025,30,,,0,100,,16026,30,,,0,80,,16027,30,,,0,40,,16028,30,,,0,80,,16029,30,,,0,30,,16030,30,,,0,70,,16031,30,,,0,100,,16032,30,,,0,100,,16033,30,,,0,100,,16034,30,,,0,100,,16035,30,,,0
22600,'Week-end-01',750,,16044,30,,,0,200,,16038,30,,,0,200,,16039,30,,,0,200,,16040,30,,,0,200,,16041,30,,,0,200,,16045,30,,,0,200,,16042,30,,,0,200,,16043,30,0,8 33 1 34,0
