25001,'Fête-1-05',721,,4425,270,,,0,99,,4409,270,,,0,30,,4412,270,,,0,99,,4419,270,,,0,70,,4420,270,,,0,101,,4411,270,,,0,30,,4414,270,,,0,100,,4422,270,,,0,70,,4423,270,,,0,100,,4410,270,,,0,29,,4421,270,,,0,100,,4413,270,,,0,71,,4418,270,,,0,101,,4424,270,,,0,30,,4415,270,,,0,100,,4416,270,,,0,70,,4408,270,,,0,101,,4417,270,,,0,30,,4426,270,,,0,101,,4407,270,,,0,70,,4427,270,,,0
25001,'Fête-2-04',546,,4428,270,,,0,65,,4429,270,,,0,28,,4430,270,,,0,62,,4431,270,,,0,45,,4432,270,,,0,96,,4433,270,,,0,71,,4434,270,,,0,96,,4435,270,,,0,100,,4436,270,,,0,103,,4437,270,,,0,100,,4438,270,,,0,102,,4439,270,,,0,115,,4440,270,,,0,99,,4441,270,,,0,26,,4442,270,,,0,70,,4443,270,,,0,28,,4444,270,,,0,83,,4445,270,,,0,87,,4446,270,,,0,108,,4447,270,,,0,93,,4448,270,,,0,101,,4449,270,,,0
25001,'Semaine-52',546,,4450,270,,,0,64,,4451,270,,,0,29,,4452,270,,,0,62,,4453,270,,,0,45,,4454,270,,,0,62,,4455,270,,,0,34,,4456,270,,,0,71,,4457,270,,,0,37,,4458,270,,,0,59,,4459,270,,,0,100,,4460,270,,,0,103,,4461,270,,,0,100,,4462,270,,,0,102,,4463,270,,,0,115,,4464,270,,,0,24,,4465,270,,,0,75,,4466,270,,,0,26,,4467,270,,,0,70,,4468,270,,,0,28,,4469,270,,,0,82,,4470,270,,,0,88,,4471,270,,,0,107,,4472,270,,,0,94,,4473,270,,,0,101,,4474,270,,,0
25001,'Week-end-52',721,,4493,270,,,0,99,,4477,270,,,0,30,,4480,270,,,0,99,,4487,270,,,0,70,,4488,270,,,0,101,,4479,270,,,0,30,,4482,270,,,0,100,,4490,270,,,0,70,,4491,270,,,0,100,,4478,270,,,0,29,,4489,270,,,0,100,,4481,270,,,0,71,,4486,270,,,0,101,,4492,270,,,0,30,,4483,270,,,0,100,,4484,270,,,0,70,,4476,270,,,0,101,,4485,270,,,0,30,,4494,270,,,0,101,,4475,270,,,0,70,,4495,270,,,0
31700,'Fête-2-04',657,,5599,230,0,11 23,0,70,,5600,230,0,11 23,0,110,,5601,230,0,11 23,0,290,,5602,230,0,11 23,0,300,,5603,230,0,11 23,0
31700,'Semaine-52',657,,5605,230,0,11 23,0,70,,5606,230,0,11 23,0,110,,5607,230,0,11 23,0,290,,5608,230,0,11 23,0,300,,5609,230,0,11 23,0
31701,'Fête-2-04',1237,,5613,240,0,24,0,270,,5618,240,0,24,0,100,,5614,240,0,24,0,130,,5615,240,0,24,0,100,,5616,240,0,24,0,475,,5617,240,0,24,0
31701,'Semaine-52',1237,,5620,240,0,24,0,270,,5625,240,0,24,0,100,,5621,240,0,24,0,130,,5622,240,0,24,0,100,,5623,240,0,24,0,475,,5624,240,0,24,0
51401,'Fête-2-04',536,,6100,270,,,0,95,,6101,270,,,0,74,,6102,270,,,0
51401,'Semaine-52',536,,6103,270,,,0,95,,6104,270,,,0,74,,6105,270,,,0
