25001,'Fête-1-05',720,,4425,260,,,0,99,,4409,260,,,0,30,,4412,260,,,0,99,,4419,260,,,0,70,,4420,260,,,0,101,,4411,260,,,0,30,,4414,260,,,0,100,,4422,260,,,0,70,,4423,260,,,0,100,,4410,260,,,0,29,,4421,260,,,0,100,,4413,260,,,0,71,,4418,260,,,0,101,,4424,260,,,0,30,,4415,260,,,0,100,,4416,260,,,0,70,,4408,260,,,0,101,,4417,260,,,0,30,,4426,260,,,0,101,,4407,260,,,0,70,,4427,260,,,0
25001,'Fête-2-04',545,,4428,260,,,0,65,,4429,260,,,0,28,,4430,260,,,0,62,,4431,260,,,0,45,,4432,260,,,0,96,,4433,260,,,0,71,,4434,260,,,0,96,,4435,260,,,0,100,,4436,260,,,0,103,,4437,260,,,0,100,,4438,260,,,0,102,,4439,260,,,0,115,,4440,260,,,0,99,,4441,260,,,0,26,,4442,260,,,0,70,,4443,260,,,0,28,,4444,260,,,0,83,,4445,260,,,0,87,,4446,260,,,0,108,,4447,260,,,0,93,,4448,260,,,0,101,,4449,260,,,0
25001,'Semaine-52',545,,4450,260,,,0,64,,4451,260,,,0,29,,4452,260,,,0,62,,4453,260,,,0,45,,4454,260,,,0,62,,4455,260,,,0,34,,4456,260,,,0,71,,4457,260,,,0,37,,4458,260,,,0,59,,4459,260,,,0,100,,4460,260,,,0,103,,4461,260,,,0,100,,4462,260,,,0,102,,4463,260,,,0,115,,4464,260,,,0,24,,4465,260,,,0,75,,4466,260,,,0,26,,4467,260,,,0,70,,4468,260,,,0,28,,4469,260,,,0,82,,4470,260,,,0,88,,4471,260,,,0,107,,4472,260,,,0,94,,4473,260,,,0,101,,4474,260,,,0
25001,'Week-end-52',720,,4493,260,,,0,99,,4477,260,,,0,30,,4480,260,,,0,99,,4487,260,,,0,70,,4488,260,,,0,101,,4479,260,,,0,30,,4482,260,,,0,100,,4490,260,,,0,70,,4491,260,,,0,100,,4478,260,,,0,29,,4489,260,,,0,100,,4481,260,,,0,71,,4486,260,,,0,101,,4492,260,,,0,30,,4483,260,,,0,100,,4484,260,,,0,70,,4476,260,,,0,101,,4485,260,,,0,30,,4494,260,,,0,101,,4475,260,,,0,70,,4495,260,,,0
31700,'Fête-2-04',657,,5599,220,0,11 23,0,70,,5600,220,0,11 23,0,110,,5601,220,0,11 23,0,290,,5602,220,0,11 23,0,300,,5603,220,0,11 23,0
31700,'Semaine-52',657,,5605,220,0,11 23,0,70,,5606,220,0,11 23,0,110,,5607,220,0,11 23,0,290,,5608,220,0,11 23,0,300,,5609,220,0,11 23,0
31701,'Fête-2-04',1237,,5613,230,0,24,0,270,,5618,230,0,24,0,100,,5614,230,0,24,0,130,,5615,230,0,24,0,100,,5616,230,0,24,0,475,,5617,230,0,24,0
31701,'Semaine-52',1237,,5620,230,0,24,0,270,,5625,230,0,24,0,100,,5621,230,0,24,0,130,,5622,230,0,24,0,100,,5623,230,0,24,0,475,,5624,230,0,24,0
51401,'Fête-2-04',535,,6100,260,,,0,95,,6101,260,,,0,74,,6102,260,,,0
51401,'Semaine-52',535,,6103,260,,,0,95,,6104,260,,,0,74,,6105,260,,,0
