49800,'Fête-1-05',2223,,13345,,,0,30,,13346,,,0,70,,13347,,,0,30,,13348,,,0,70,,13349,,,0,30,,13350,,,0,70,,13351,,,0,30,,13352,,,0
49800,'Fête-2-04',2223,,13353,,,0,30,,13354,,,0,70,,13355,,,0,30,,13356,,,0,70,,13357,,,0,30,,13358,,,0,70,,13359,,,0,30,,13360,,,0
49800,'Semaine-52',2223,,13361,,,0,30,,13362,,,0,70,,13363,,,0,30,,13364,,,0,70,,13365,,,0,30,,13366,,,0,70,,13367,,,0,30,,13368,,,0
49800,'Week-end-52',2223,,13369,,,0,30,,13370,,,0,70,,13371,,,0,30,,13372,,,0,70,,13373,,,0,30,,13374,,,0,70,,13375,,,0,30,,13376,,,0
49801,'Fête-1-05',2049,,13384,,,0,70,,13383,,,0,30,,13377,,,0,70,,13378,,,0,30,,13379,,,0,70,,13380,,,0,30,,13381,,,0,70,,13382,,,0
49801,'Fête-2-04',2049,,13392,,,0,70,,13391,,,0,30,,13385,,,0,70,,13386,,,0,30,,13387,,,0,70,,13388,,,0,30,,13389,,,0,70,,13390,,,0
49801,'Semaine-52',2049,,13400,,,0,70,,13399,,,0,30,,13393,,,0,70,,13394,,,0,30,,13395,,,0,70,,13396,,,0,30,,13397,,,0,70,,13398,,,0
49801,'Week-end-52',2049,,13408,,,0,70,,13407,,,0,30,,13401,,,0,70,,13402,,,0,30,,13403,,,0,70,,13404,,,0,30,,13405,,,0,70,,13406,,,0
71600,'Fête-1-05',654,,14745,,,0,70,,14746,,,0,30,,14747,,,0,70,,14748,,,0,30,,14749,,,0,70,,14750,,,0,30,,14751,,,0,70,,14752,,,0,30,,14753,,,0,70,,14754,,,0,30,,14755,,,0,70,,14756,,,0,30,,14757,,,0,70,,14758,,,0,30,,14759,,,0,70,,14760,,,0,30,,14761,,,0,70,,14762,,,0,30,,14763,,,0,70,,14764,,,0,30,,14765,,,0,70,,14766,,,0,30,,14767,,,0,70,,14768,,,0,30,,14769,,,0,70,,14770,,,0,30,,14771,,,0,70,,14772,,,0,30,,14773,,,0,70,,14774,,,0,30,,14775,,,0
71600,'Fête-2-04',657,,14776,,,0,71,,14777,,,0,72,,14778,,,0,29,,14779,,,0,25,,14780,,,0,70,,14781,,,0,30,,14782,,,0,70,,14783,,,0,30,,14784,,,0,70,,14785,,,0,30,,14786,,,0,70,,14787,,,0,30,,14788,,,0,70,,14789,,,0,30,,14790,,,0,70,,14791,,,0,30,,14792,,,0,70,,14793,,,0,84,,14794,,,0,30,,14795,,,0,70,,14796,,,0,30,,14797,,,0,70,,14798,,,0,26,,14799,,,0,70,,14800,,,0,30,,14801,,,0,70,,14802,,,0,30,,14803,,,0,70,,14804,,,0,30,,14805,,,0,70,,14806,,,0
71600,'Semaine-52',657,,14807,,,0,71,,14808,,,0,72,,14809,,,0,29,,14810,,,0,25,,14811,,,0,70,,14812,,,0,30,,14813,,,0,70,,14814,,,0,30,,14815,,,0,70,,14816,,,0,30,,14817,,,0,70,,14818,,,0,30,,14819,,,0,70,,14820,,,0,30,,14821,,,0,70,,14822,,,0,30,,14823,,,0,70,,14824,,,0,84,,14825,,,0,30,,14826,,,0,70,,14827,,,0,30,,14828,,,0,70,,14829,,,0,26,,14830,,,0,70,,14831,,,0,30,,14832,,,0,70,,14833,,,0,30,,14834,,,0,70,,14835,,,0,30,,14836,,,0,70,,14837,,,0
71600,'Week-end-52',654,,14838,,,0,70,,14839,,,0,30,,14840,,,0,70,,14841,,,0,30,,14842,,,0,70,,14843,,,0,30,,14844,,,0,70,,14845,,,0,30,,14846,,,0,70,,14847,,,0,30,,14848,,,0,70,,14849,,,0,30,,14850,,,0,70,,14851,,,0,30,,14852,,,0,70,,14853,,,0,30,,14854,,,0,70,,14855,,,0,30,,14856,,,0,70,,14857,,,0,30,,14858,,,0,70,,14859,,,0,30,,14860,,,0,70,,14861,,,0,30,,14862,,,0,70,,14863,,,0,30,,14864,,,0,70,,14865,,,0,30,,14866,,,0,70,,14867,,,0,30,,14868,,,0
71601,'Fête-1-05',654,,14869,4,,0,70,,14870,4,,0,30,,14871,4,,0,70,,14872,4,,0,30,,14873,4,,0,70,,14874,4,,0,30,,14875,4,,0,70,,14876,4,,0,30,,14877,4,,0,70,,14878,4,,0,30,,14879,4,,0,70,,14880,4,,0,30,,14881,4,,0,70,,14882,4,,0,30,,14883,4,,0,70,,14884,4,,0,30,,14885,4,,0,70,,14886,4,,0,30,,14887,4,,0,70,,14888,4,,0,30,,14889,4,,0,70,,14890,4,,0,30,,14891,4,,0,70,,14892,4,,0,30,,14893,4,,0,70,,14894,4,,0,30,,14895,4,,0,70,,14896,4,,0,30,,14897,4,,0,70,,14898,4,,0,30,,14899,4,,0
71601,'Fête-2-04',657,,14900,4,,0,71,,14901,4,,0,72,,14902,4,,0,29,,14903,4,,0,25,,14904,4,,0,70,,14905,4,,0,30,,14906,4,,0,70,,14907,4,,0,30,,14908,4,,0,70,,14909,4,,0,30,,14910,4,,0,70,,14911,4,,0,30,,14912,4,,0,70,,14913,4,,0,30,,14914,4,,0,70,,14915,4,,0,30,,14916,4,,0,70,,14917,4,,0,84,,14918,4,,0,30,,14919,4,,0,70,,14920,4,,0,30,,14921,4,,0,69,,14922,4,,0,27,,14923,4,,0,70,,14924,4,,0,30,,14925,4,,0,70,,14926,4,,0,30,,14927,4,,0,25,,14928,4,,0,70,,14929,4,,0,30,,14930,4,,0
71601,'Semaine-52',657,,14931,4,,0,71,,14932,4,,0,72,,14933,4,,0,29,,14934,4,,0,25,,14935,4,,0,70,,14936,4,,0,30,,14937,4,,0,70,,14938,4,,0,30,,14939,4,,0,70,,14940,4,,0,30,,14941,4,,0,70,,14942,4,,0,30,,14943,4,,0,70,,14944,4,,0,30,,14945,4,,0,70,,14946,4,,0,30,,14947,4,,0,70,,14948,4,,0,84,,14949,4,,0,30,,14950,4,,0,70,,14951,4,,0,30,,14952,4,,0,69,,14953,4,,0,27,,14954,4,,0,70,,14955,4,,0,30,,14956,4,,0,70,,14957,4,,0,30,,14958,4,,0,25,,14959,4,,0,70,,14960,4,,0,30,,14961,4,,0
71601,'Week-end-52',654,,14962,4,,0,70,,14963,4,,0,30,,14964,4,,0,70,,14965,4,,0,30,,14966,4,,0,70,,14967,4,,0,30,,14968,4,,0,70,,14969,4,,0,30,,14970,4,,0,70,,14971,4,,0,30,,14972,4,,0,70,,14973,4,,0,30,,14974,4,,0,70,,14975,4,,0,30,,14976,4,,0,70,,14977,4,,0,30,,14978,4,,0,70,,14979,4,,0,30,,14980,4,,0,70,,14981,4,,0,30,,14982,4,,0,70,,14983,4,,0,30,,14984,4,,0,70,,14985,4,,0,30,,14986,4,,0,70,,14987,4,,0,30,,14988,4,,0,70,,14989,4,,0,30,,14990,4,,0,70,,14991,4,,0,30,,14992,4,,0
