220,22001,'Fête-1-04',7449,7450,7451,7452,7453,7454,7455,7456
220,22001,'Semaine-03',7457,7458,7459,7460,7461,7462,7463,7464,7465,7466,7467,7468,7469,7470,7471,7472,7473,7474,7475,7476,7477,7478,7479,7480,7481,7482
220,22001,'Week-end-03',7483,7484,7485,7486,7487,7488,7489,7490
221,22100,'Fête-1-04',7491,7492,7493,7494,7495,7496,7497
221,22100,'Semaine-03',7498,7499,7500,7501,7502,7503,7504,7505,7506,7507,7508,7509,7510,7511,7512,7513,7514,7515,7516,7517,7518,7519,7520,7521
221,22100,'Week-end-03',7522,7523,7524,7525,7526,7527,7528
222,22201,'Fête-1-04',7529,7530,7531,7532,7533,7534,7535,7536,7537,7538,7539,7540,7541,7542,7543
222,22201,'Semaine-03',7544,7545,7546,7547,7548,7549,7550,7551,7552,7553,7554,7555,7556,7557,7558,7559,7560,7561,7562,7563,7564
222,22201,'Week-end-03',7565,7566,7567,7568,7569,7570,7571,7572,7573,7574,7575,7576,7577,7578,7579
225,22501,'Fête-1-04',7580,7581,7582,7583,7584,7585,7586
225,22501,'Semaine-03',7587,7588,7589,7590,7591,7592,7593,7594,7595,7596,7597,7598,7599,7600,7601,7602,7603,7604,7605,7606,7607,7608,7609
225,22501,'Week-end-03',7610,7611,7612,7613,7614,7615,7616
226,22600,'Fête-1-04',7617,7618,7619,7620,7621,7622,7623,7624
226,22600,'Semaine-03',7625,7626,7627,7628,7629,7630,7631,7632,7633,7634,7635,7636,7637,7638,7639,7640,7641,7642,7643,7644,7645,7646,7647,7648,7649
226,22600,'Week-end-03',7650,7651,7652,7653,7654,7655,7656,7657
227,22701,'Fête-1-04',7658,7659,7660,7661,7662,7663,7664
227,22701,'Semaine-03',7665,7666,7667,7668,7669,7670,7671,7672,7673,7674,7675,7676,7677,7678,7679,7680,7681,7682,7683,7684,7685,7686,7687,7688,7689
227,22701,'Week-end-03',7690,7691,7692,7693,7694,7695,7696
228,22800,'Fête-1-04',7697,7698,7699,7700,7701,7702,7703,7704
228,22800,'Semaine-03',7705,7706,7707,7708,7709,7710,7711,7712,7713,7714,7715,7716,7717,7718,7719,7720,7721,7722,7723,7724,7725,7726,7727,7728,7729
228,22800,'Week-end-03',7730,7731,7732,7733,7734,7735,7736,7737
230,23000,'Fête-1-04',7738,7739,7740,7741,7742,7743,7744,7745,7746,7747,7748,7749,7750,7751,7752
230,23000,'Semaine-03',7753,7754,7755,7756,7757,7758,7759,7760,7761,7762,7763,7764,7765,7766,7767,7768,7769,7770,7771,7772,7773,7774,7775
230,23000,'Week-end-03',7776,7777,7778,7779,7780,7781,7782,7783,7784,7785,7786,7787,7788,7789,7790
230,23001,'Fête-1-04',7791,7792,7793,7794,7795,7796,7797,7798,7799,7800,7801,7802,7803,7804,7805
230,23001,'Semaine-03',7806,7807,7808,7809,7810,7811,7812,7813,7814,7815,7816,7817,7818,7819,7820,7821,7822,7823,7824,7825,7826,7827,7828,7829
230,23001,'Week-end-03',7830,7831,7832,7833,7834,7835,7836,7837,7838,7839,7840,7841,7842,7843,7844
231,23101,'Fête-1-04',7845,7846,7847,7848,7849,7850,7851,7852,7853,7854,7855,7856,7857,7858,7859
231,23101,'Semaine-03',7860,7861,7862,7863,7864,7865,7866,7867,7868,7869,7870,7871,7872,7873,7874,7875,7876,7877,7878,7879,7880,7881,7882
231,23101,'Week-end-03',7883,7884,7885,7886,7887,7888,7889,7890,7891,7892,7893,7894,7895,7896,7897
232,23200,'Fête-1-04',7898,7899,7900,7901,7902,7903,7904,7905,7906,7907,7908,7909,7910,7911,7912
232,23200,'Semaine-03',7913,7914,7915,7916,7917,7918,7919,7920,7921,7922,7923,7924,7925,7926,7927,7928,7929,7930,7931,7932,7933,7934,7935,7936
232,23200,'Week-end-03',7937,7938,7939,7940,7941,7942,7943,7944,7945,7946,7947,7948,7949,7950,7951
233,23300,'Fête-1-04',7952,7953,7954,7955,7956,7957,7958,7959
233,23300,'Semaine-03',7960,7961,7962,7963,7964,7965,7966,7967,7968,7969,7970,7971,7972,7973
233,23300,'Week-end-03',7974,7975,7976,7977,7978,7979,7980,7981
234,23400,'Fête-1-04',7982,7983,7984,7985,7986,7987,7988,7989
234,23400,'Semaine-03',7990,7991,7992,7993,7994,7995,7996,7997,7998,7999,8000,8001,8002,8003
234,23400,'Week-end-03',8004,8005,8006,8007,8008,8009,8010,8011
235,23500,'Fête-1-04',8012,8013,8014,8015,8016,8017,8018,8019,8020,8021,8022,8023,8024,8025,8026
235,23500,'Semaine-03',8027,8028,8029,8030,8031,8032,8033,8034,8035,8036,8037,8038,8039,8040,8041,8042,8043,8044,8045,8046,8047,8048,8049
235,23500,'Week-end-03',8050,8051,8052,8053,8054,8055,8056,8057,8058,8059,8060,8061,8062,8063,8064
235,23501,'Fête-1-04',8065,8066,8067,8068,8069,8070,8071,8072,8073,8074,8075,8076,8077,8078,8079
235,23501,'Semaine-03',8080,8081,8082,8083,8084,8085,8086,8087,8088,8089,8090,8091,8092,8093,8094,8095,8096,8097,8098,8099,8100,8101
235,23501,'Week-end-03',8102,8103,8104,8105,8106,8107,8108,8109,8110,8111,8112,8113,8114,8115,8116
236,23600,'Fête-1-04',8117,8118,8119,8120,8121,8122,8123,8124,8125,8126,8127,8128,8129,8130,8131
236,23600,'Semaine-03',8132,8133,8134,8135,8136,8137,8138,8139,8140,8141,8142,8143,8144,8145,8146,8147,8148,8149,8150,8151
236,23600,'Week-end-03',8152,8153,8154,8155,8156,8157,8158,8159,8160,8161,8162,8163,8164,8165,8166
237,23701,'Fête-1-04',8167,8168,8169,8170,8171,8172,8173,8174,8175,8176,8177,8178,8179,8180,8181
237,23701,'Semaine-03',8182,8183,8184,8185,8186,8187,8188,8189,8190,8191,8192,8193,8194,8195,8196,8197,8198,8199,8200,8201,8202
237,23701,'Week-end-03',8203,8204,8205,8206,8207,8208,8209,8210,8211,8212,8213,8214,8215,8216,8217
238,23801,'Fête-1-04',8218,8219,8220,8221,8222,8223,8224,8225,8226,8227,8228,8229,8230,8231,8232,8233
238,23801,'Semaine-03',8234,8235,8236,8237,8238,8239,8240,8241,8242,8243,8244,8245,8246,8247,8248,8249,8250,8251,8252,8253,8254,8255,8256,8257
238,23801,'Week-end-03',8258,8259,8260,8261,8262,8263,8264,8265,8266,8267,8268,8269,8270,8271,8272,8273
239,23900,'Fête-1-04',8274,8275,8276,8277,8278,8279,8280,8281,8282,8283,8284,8285,8286,8287,8288,8289
239,23900,'Semaine-03',8290,8291,8292,8293,8294,8295,8296,8297,8298,8299,8300,8301,8302,8303,8304,8305,8306,8307,8308,8309,8310,8311,8312,8313,8314
239,23900,'Week-end-03',8315,8316,8317,8318,8319,8320,8321,8322,8323,8324,8325,8326,8327,8328,8329,8330
240,24001,'Semaine-03',8331,8332,8333,8334,8335,8336,8337,8338,8339,8340,8341,8342,8343,8344,8345,8346,8347,8348,8349,8350,8351,8352,8353,8354,8355,8356,8357,8358
241,24100,'Semaine-03',8359,8360,8361,8362,8363,8364,8365,8366,8367,8368,8369,8370,8371,8372,8373,8374,8375,8376,8377,8378,8379,8380,8381,8382,8383,8384,8385,8386
242,24201,'Fête-1-04',8387,8388,8389,8390,8391,8392,8393,8394,8395,8396,8397,8398,8399,8400,8401,8402
242,24201,'Semaine-03',8403,8404,8405,8406,8407,8408,8409,8410,8411,8412,8413,8414,8415,8416,8417,8418,8419,8420,8421,8422,8423
242,24201,'Week-end-03',8424,8425,8426,8427,8428,8429,8430,8431,8432,8433,8434,8435,8436,8437,8438,8439
243,24300,'Semaine-03',8440,8441,8442,8443,8444,8445,8446,8447,8448,8449,8450,8451,8452,8453,8454,8455,8456,8457,8458,8459,8460,8461,8462,8463,8464
246,24601,'Semaine-03',8465,8466,8467,8468,8469,8470,8471,8472,8473,8474
247,24700,'Fête-1-04',8475,8476,8477,8478,8479,8480,8481,8482,8483
247,24700,'Semaine-03',8484,8485,8486,8487,8488,8489,8490,8491,8492,8493,8494,8495,8496,8497,8498,8499,8500,8501
247,24700,'Week-end-03',8502,8503,8504,8505,8506,8507,8508,8509,8510
247,24701,'Fête-1-04',8511,8512,8513,8514,8515,8516,8517,8518,8519
247,24701,'Semaine-03',8520,8521,8522,8523,8524,8525,8526,8527,8528,8529,8530,8531,8532,8533,8534,8535,8536,8537
247,24701,'Week-end-03',8538,8539,8540,8541,8542,8543,8544,8545,8546
248,24800,'Semaine-03',8547,8548,8549,8550,8551,8552
248,24801,'Semaine-03',8553,8554,8555,8556,8557
249,24900,'Fête-1-04',8558,8559,8560,8561,8562,8563,8564,8565,8566,8567,8568
249,24900,'Semaine-03',8569,8570,8571,8572,8573,8574,8575,8576,8577,8578,8579,8580,8581,8582,8583,8584,8585,8586,8587,8588,8589
249,24900,'Week-end-03',8590,8591,8592,8593,8594,8595,8596,8597,8598,8599,8600
249,24901,'Fête-1-04',8601,8602,8603,8604,8605,8606,8607,8608,8609,8610,8611
249,24901,'Semaine-03',8612,8613,8614,8615,8616,8617,8618,8619,8620,8621,8622,8623,8624,8625,8626,8627,8628,8629,8630,8631,8632
249,24901,'Week-end-03',8633,8634,8635,8636,8637,8638,8639,8640,8641,8642,8643
250,25000,'Fête-1-04',8644,8645,8646,8647,8648,8649,8650,8651,8652,8653,8654,8655,8656,8657,8658,8659,8660,8661,8662,8663,8664
250,25000,'Semaine-03',8665,8666,8667,8668,8669,8670,8671,8672,8673,8674,8675,8676,8677,8678,8679,8680,8681,8682,8683,8684,8685,8686,8687,8688
250,25000,'Week-end-03',8689,8690,8691,8692,8693,8694,8695,8696,8697,8698,8699,8700,8701,8702,8703,8704,8705,8706,8707,8708,8709
250,25001,'Fête-1-04',8710,8711,8712,8713,8714,8715,8716,8717,8718,8719,8720,8721,8722,8723,8724,8725,8726,8727,8728,8729,8730
250,25001,'Semaine-03',8731,8732,8733,8734,8735,8736,8737,8738,8739,8740,8741,8742,8743,8744,8745,8746,8747,8748,8749,8750,8751,8752,8753,8754,8755
250,25001,'Week-end-03',8756,8757,8758,8759,8760,8761,8762,8763,8764,8765,8766,8767,8768,8769,8770,8771,8772,8773,8774,8775,8776
251,25100,'Fête-1-04',8777,8778,8779,8780,8781,8782,8783,8784,8785,8786,8787,8788,8789,8790,8791,8792
251,25100,'Semaine-03',8793,8794,8795,8796,8797,8798,8799,8800,8801,8802
251,25100,'Week-end-03',8803,8804,8805,8806,8807,8808,8809,8810,8811,8812,8813,8814,8815,8816,8817,8818
251,25101,'Fête-1-04',8819,8820,8821,8822,8823,8824,8825,8826,8827,8828,8829,8830,8831,8832,8833,8834
251,25101,'Semaine-03',8835,8836,8837,8838,8839,8840,8841,8842,8843
251,25101,'Week-end-03',8844,8845,8846,8847,8848,8849,8850,8851,8852,8853,8854,8855,8856,8857,8858,8859
252,25201,'Semaine-03',8860,8861,8862,8863,8864,8865,8866,8867,8868,8869,8870,8871,8872,8873,8874
253,25300,'Semaine-03',8875,8876,8877,8878,8879,8880
253,25301,'Semaine-03',8881,8882,8883,8884,8885
254,25400,'Semaine-03',8886,8887,8888,8889,8890,8891,8892,8893,8894,8895,8896,8897
255,25500,'Semaine-03',8898,8899,8900,8901,8902,8903,8904,8905,8906,8907,8908,8909
303,30300,'Fête-1-04',8910,8911,8912,8913,8914,8915,8916,8917,8918,8919,8920,8921,8922,8923,8924
303,30300,'Semaine-03',8925,8926,8927,8928,8929,8930,8931,8932,8933,8934,8935,8936,8937,8938,8939,8940,8941,8942,8943,8944,8945,8946,8947
303,30300,'Week-end-03',8948,8949,8950,8951,8952,8953,8954,8955,8956,8957,8958,8959,8960,8961,8962
303,30301,'Fête-1-04',8963,8964,8965,8966,8967,8968,8969,8970,8971,8972,8973,8974,8975,8976,8977
303,30301,'Semaine-03',8978,8979,8980,8981,8982,8983,8984,8985,8986,8987,8988,8989,8990,8991,8992,8993,8994,8995,8996,8997,8998,8999
303,30301,'Week-end-03',9000,9001,9002,9003,9004,9005,9006,9007,9008,9009,9010,9011,9012,9013,9014
306,30600,'Fête-1-04',9015,9016,9017,9018,9019,9020,9021,9022,9023,9024,9025,9026,9027,9028,9029
306,30600,'Semaine-03',9030,9031,9032,9033,9034,9035,9036,9037,9038,9039,9040,9041,9042,9043,9044,9045,9046,9047,9048,9049,9050,9051,9052
306,30600,'Week-end-03',9053,9054,9055,9056,9057,9058,9059,9060,9061,9062,9063,9064,9065,9066,9067
306,30601,'Fête-1-04',9068,9069,9070,9071,9072,9073,9074,9075,9076,9077,9078,9079,9080,9081,9082
306,30601,'Semaine-03',9083,9084,9085,9086,9087,9088,9089,9090,9091,9092,9093,9094,9095,9096,9097,9098,9099,9100,9101,9102,9103,9104
306,30601,'Week-end-03',9105,9106,9107,9108,9109,9110,9111,9112,9113,9114,9115,9116,9117,9118,9119
309,30900,'Fête-1-04',9120,9121,9122,9123,9124,9125,9126,9127,9128,9129,9130,9131,9132,9133,9134
309,30900,'Semaine-03',9135,9136,9137,9138,9139,9140,9141,9142,9143,9144,9145,9146,9147,9148,9149,9150,9151,9152,9153,9154,9155,9156,9157
309,30900,'Week-end-03',9158,9159,9160,9161,9162,9163,9164,9165,9166,9167,9168,9169,9170,9171,9172
309,30901,'Fête-1-04',9173,9174,9175,9176,9177,9178,9179,9180,9181,9182,9183,9184,9185,9186,9187
309,30901,'Semaine-03',9188,9189,9190,9191,9192,9193,9194,9195,9196,9197,9198,9199,9200,9201,9202,9203,9204,9205,9206,9207,9208,9209
309,30901,'Week-end-03',9210,9211,9212,9213,9214,9215,9216,9217,9218,9219,9220,9221,9222,9223,9224
310,31000,'Fête-1-04',9225,9226,9227,9228,9229,9230,9231,9232,9233,9234,9235,9236,9237,9238,9239
310,31000,'Semaine-03',9240,9241,9242,9243,9244,9245,9246,9247,9248,9249,9250,9251,9252,9253,9254,9255,9256,9257,9258,9259,9260,9261,9262
310,31000,'Week-end-03',9263,9264,9265,9266,9267,9268,9269,9270,9271,9272,9273,9274,9275,9276,9277
310,31001,'Fête-1-04',9278,9279,9280,9281,9282,9283,9284,9285,9286,9287,9288,9289,9290,9291,9292
310,31001,'Semaine-03',9293,9294,9295,9296,9297,9298,9299,9300,9301,9302,9303,9304,9305,9306,9307,9308,9309,9310,9311,9312,9313,9314
310,31001,'Week-end-03',9315,9316,9317,9318,9319,9320,9321,9322,9323,9324,9325,9326,9327,9328,9329
311,31100,'Fête-1-04',9330,9331,9332,9333,9334,9335,9336,9337,9338,9339,9340,9341,9342,9343,9344
311,31100,'Semaine-03',9345,9346,9347,9348,9349,9350,9351,9352,9353,9354,9355,9356,9357,9358,9359,9360,9361,9362,9363,9364,9365,9366,9367
311,31100,'Week-end-03',9368,9369,9370,9371,9372,9373,9374,9375,9376,9377,9378,9379,9380,9381,9382
311,31101,'Fête-1-04',9383,9384,9385,9386,9387,9388,9389,9390,9391,9392,9393,9394,9395,9396,9397
311,31101,'Semaine-03',9398,9399,9400,9401,9402,9403,9404,9405,9406,9407,9408,9409,9410,9411,9412,9413,9414,9415,9416,9417,9418,9419
311,31101,'Week-end-03',9420,9421,9422,9423,9424,9425,9426,9427,9428,9429,9430,9431,9432,9433,9434
312,31200,'Fête-1-04',9435,9436,9437,9438,9439,9440,9441,9442,9443,9444,9445,9446,9447,9448,9449
312,31200,'Semaine-03',9450,9451,9452,9453,9454,9455,9456,9457,9458,9459,9460,9461,9462,9463,9464,9465,9466,9467,9468,9469,9470,9471
312,31200,'Week-end-03',9472,9473,9474,9475,9476,9477,9478,9479,9480,9481,9482,9483,9484,9485,9486
312,31201,'Fête-1-04',9487,9488,9489,9490,9491,9492,9493,9494,9495,9496,9497,9498,9499,9500,9501
312,31201,'Semaine-03',9502,9503,9504,9505,9506,9507,9508,9509,9510,9511,9512,9513,9514,9515,9516,9517,9518,9519,9520,9521,9522,9523,9524
312,31201,'Week-end-03',9525,9526,9527,9528,9529,9530,9531,9532,9533,9534,9535,9536,9537,9538,9539
317,31700,'Fête-1-04',9540
317,31700,'Semaine-03',9541,9542,9543,9544,9545
317,31700,'Semaine-03-1010100',9546
317,31700,'Week-end-03',9547
317,31701,'Fête-1-04',9548
317,31701,'Semaine-03',9549,9550,9551,9552,9553,9554
317,31701,'Semaine-03-1010100',9555
317,31701,'Week-end-03',9556
405,40500,'Semaine-03',9557,9558,9559
405,40501,'Semaine-03',9560,9561
508,50801,'Semaine-03',9562,9563,9564
509,50900,'Semaine-03',9565
509,50901,'Semaine-03',9566,9567,9568
514,51400,'Semaine-03',9569,9570,9571,9572
514,51401,'Semaine-03',9573,9574,9575
600,60000,'Fête-1-04',9576,9577,9578,9579,9580,9581,9582,9583,9584,9585,9586,9587,9588,9589,9590,9591,9592
600,60000,'Semaine-03',9593,9594,9595,9596,9597,9598,9599,9600,9601,9602,9603,9604,9605,9606,9607,9608,9609,9610,9611,9612,9613,9614,9615,9616,9617,9618,9619
600,60000,'Week-end-03',9620,9621,9622,9623,9624,9625,9626,9627,9628,9629,9630,9631,9632,9633,9634,9635,9636
600,60001,'Fête-1-04',9637,9638,9639,9640,9641,9642,9643,9644,9645,9646,9647,9648,9649,9650,9651,9652
600,60001,'Semaine-03',9653,9654,9655,9656,9657,9658,9659,9660,9661,9662,9663,9664,9665,9666,9667,9668,9669,9670,9671,9672,9673,9674,9675,9676,9677,9678,9679,9680,9681
600,60001,'Week-end-03',9682,9683,9684,9685,9686,9687,9688,9689,9690,9691,9692,9693,9694,9695,9696,9697
604,60400,'Semaine-03',9698,9699,9700,9701,9702,9703,9704,9705
604,60401,'Semaine-03',9706,9707,9708,9709,9710,9711
605,60500,'Semaine-03',9712,9713
605,60501,'Semaine-03',9714,9715
610,61000,'Fête-1-04',9716,9717,9718,9719,9720,9721,9722,9723,9724,9725,9726,9727,9728,9729,9730,9731
610,61000,'Semaine-03',9732,9733,9734,9735,9736,9737,9738,9739,9740,9741,9742,9743,9744,9745,9746,9747,9748,9749,9750,9751,9752,9753,9754,9755
610,61000,'Week-end-03',9756,9757,9758,9759,9760,9761,9762,9763,9764,9765,9766,9767,9768,9769,9770,9771
610,61001,'Fête-1-04',9772,9773,9774,9775,9776,9777,9778,9779,9780,9781,9782,9783,9784,9785,9786,9787,9788
610,61001,'Semaine-03',9789,9790,9791,9792,9793,9794,9795,9796,9797,9798,9799,9800,9801,9802,9803,9804,9805,9806,9807,9808,9809,9810,9811,9812,9813
610,61001,'Week-end-03',9814,9815,9816,9817,9818,9819,9820,9821,9822,9823,9824,9825,9826,9827,9828,9829,9830
707,70700,'Semaine-03',9831,9832,9833,9834,9835,9836
707,70701,'Semaine-03',9837,9838,9839,9840,9841,9842
708,70800,'Fête-1-04',9843,9844,9845,9846,9847,9848,9849,9850,9851,9852,9853,9854,9855,9856,9857,9858,9859,9860,9861
708,70800,'Semaine-03',9862,9863,9864,9865,9866,9867,9868,9869,9870,9871,9872,9873,9874,9875,9876,9877,9878,9879,9880,9881,9882,9883,9884,9885,9886,9887,9888,9889,9890,9891,9892,9893,9894,9895,9896,9897,9898,9899,9900,9901,9902,9903,9904,9905,9906
708,70800,'Week-end-03',9907,9908,9909,9910,9911,9912,9913,9914,9915,9916,9917,9918,9919,9920,9921,9922,9923,9924,9925
708,70801,'Fête-1-04',9926,9927,9928,9929,9930,9931,9932,9933,9934,9935,9936,9937,9938,9939,9940,9941,9942,9943,9944
708,70801,'Semaine-03',9945,9946,9947,9948,9949,9950,9951,9952,9953,9954,9955,9956,9957,9958,9959,9960,9961,9962,9963,9964,9965,9966,9967,9968,9969,9970,9971,9972,9973,9974,9975,9976,9977,9978,9979,9980,9981,9982,9983,9984,9985,9986,9987,9988
708,70801,'Week-end-03',9989,9990,9991,9992,9993,9994,9995,9996,9997,9998,9999,10000,10001,10002,10003,10004,10005,10006,10007
709,70900,'Fête-1-04',10008,10009,10010,10011,10012,10013,10014,10015,10016,10017,10018,10019,10020,10021,10022,10023,10024,10025,10026,10027,10028,10029,10030,10031,10032,10033,10034,10035,10036,10037,10038,10039,10040,10041,10042,10043,10044,10045,10046
709,70900,'Semaine-03',10047,10048,10049,10050,10051,10052,10053,10054,10055,10056,10057,10058,10059,10060,10061,10062,10063,10064,10065,10066,10067,10068,10069,10070,10071,10072,10073,10074,10075,10076,10077,10078,10079,10080,10081,10082,10083,10084,10085,10086,10087,10088,10089,10090,10091,10092,10093,10094,10095,10096,10097,10098,10099,10100,10101,10102,10103,10104,10105,10106,10107
709,70900,'Week-end-03',10108,10109,10110,10111,10112,10113,10114,10115,10116,10117,10118,10119,10120,10121,10122,10123,10124,10125,10126,10127,10128,10129,10130,10131,10132,10133,10134,10135,10136,10137,10138,10139,10140,10141,10142,10143,10144,10145,10146
709,70901,'Fête-1-04',10147,10148,10149,10150,10151,10152,10153,10154,10155,10156,10157,10158,10159,10160,10161,10162,10163,10164,10165,10166,10167,10168,10169,10170,10171,10172,10173,10174,10175,10176,10177,10178,10179,10180,10181,10182,10183
709,70901,'Semaine-03',10184,10185,10186,10187,10188,10189,10190,10191,10192,10193,10194,10195,10196,10197,10198,10199,10200,10201,10202,10203,10204,10205,10206,10207,10208,10209,10210,10211,10212,10213,10214,10215,10216,10217,10218,10219,10220,10221,10222,10223,10224,10225,10226,10227,10228,10229,10230,10231,10232,10233,10234,10235,10236,10237,10238,10239,10240,10241,10242,10243,10244,10245,10246,10247,10248
709,70901,'Week-end-03',10249,10250,10251,10252,10253,10254,10255,10256,10257,10258,10259,10260,10261,10262,10263,10264,10265,10266,10267,10268,10269,10270,10271,10272,10273,10274,10275,10276,10277,10278,10279,10280,10281,10282,10283,10284,10285
30000001,3000000100,'Semaine-03',10286,10287,10288,10289,10290,10291,10292
30000001,3000000101,'Semaine-03',10293,10294,10295,10296,10297,10298,10299
