22701,'Fête-1-06',931,,10509,610,,,0,200,,10510,610,,,0,200,,10511,610,,,0,200,,10512,610,,,0,200,,10513,610,,,0,200,,10514,610,,,0,200,,10515,610,,,0
22701,'Semaine-53',540,,10516,310,0,6 7,0,70,,10517,310,0,6 7,0,21,,10518,610,,,0,70,,10519,610,,,0,36,,10520,610,,,0,70,,10521,610,,,0,30,,10522,610,,,0,95,,10523,610,,,0,100,,10524,610,,,0,100,,10525,610,,,0,100,,10526,610,,,0,100,,10527,610,,,0,100,,10528,610,,,0,100,,10529,610,,,0,105,,10530,610,,,0,85,,10531,610,,,0,30,,10532,610,,,0,70,,10533,610,,,0,24,,10534,610,,,0,70,,10535,610,,,0,30,,10536,610,,,0,85,,10537,610,,,0,100,,10538,610,,,0,100,,10539,610,,,0
22701,'Week-end-53',931,,10541,610,,,0,200,,10542,610,,,0,200,,10543,610,,,0,200,,10544,610,,,0,200,,10545,610,,,0,200,,10546,610,,,0,200,,10547,610,,,0
22800,'Fête-1-06',834,,10555,620,,,0,200,,10552,620,,,0,200,,10553,620,,,0,200,,10548,620,,,0,200,,10550,620,,,0,200,,10554,620,,,0,200,,10551,620,,,0
22800,'Semaine-53',555,,10556,320,0,6 7,0,70,,10580,320,0,6 7,0,24,,10557,620,,,0,78,,10558,620,,,0,30,,10559,620,,,0,70,,10560,620,,,0,85,,10561,620,,,0,92,,10562,620,,,0,100,,10563,620,,,0,100,,10564,620,,,0,100,,10565,620,,,0,100,,10566,620,,,0,100,,10567,620,,,0,100,,10568,620,,,0,108,,10569,620,,,0,30,,10570,620,,,0,70,,10571,620,,,0,30,,10572,620,,,0,70,,10573,620,,,0,22,,10574,620,,,0,70,,10575,620,,,0,100,,10576,620,,,0,100,,10577,620,,,0,100,,10578,620,,,0
22800,'Week-end-53',834,,10588,620,,,0,200,,10585,620,,,0,200,,10586,620,,,0,200,,10581,620,,,0,200,,10583,620,,,0,200,,10587,620,,,0,200,,10584,620,,,0
60501,'Semaine-53',1653,,12885,510,,,0,252,,12886,510,,,0
70800,'Fête-1-06',744,,13016,370,,,0,104,,13017,370,,,0,89,,13018,370,,,0,100,,13019,370,,,0,102,,13020,370,,,0,99,,13021,370,,,0,100,,13022,370,,,0,100,,13023,370,,,0,100,,13024,370,,,0,100,,13025,370,,,0,100,,13026,370,,,0,100,,13027,370,,,0,100,,13028,370,,,0,96,,13029,370,,,0,103,,13030,370,,,0,80,,13031,370,,,0,83,,13032,370,,,0,40,,13014,370,,,0,117,,13015,370,,,0
70800,'Semaine-53',605,,13033,370,,,0,30,,13034,370,,,0,70,,13035,370,,,0,30,,13036,370,,,0,70,,13037,370,,,0,15,,13038,370,,,0,17,,13039,370,,,0,70,,13040,370,,,0,31,,13041,370,,,0,69,,13042,370,,,0,30,,13043,370,,,0,70,,13044,370,,,0,30,,13045,370,,,0,70,,13046,370,,,0,30,,13047,370,,,0,70,,13048,370,,,0,30,,13049,370,,,0,70,,13050,370,,,0,30,,13051,370,,,0,70,,13052,370,,,0,30,,13053,370,,,0,68,,13054,370,,,0,7,,13055,370,,,0,23,,13056,370,,,0,7,,13057,370,,,0,63,,13058,370,,,0,7,,13059,370,,,0,23,,13060,370,,,0,7,,13061,370,,,0,63,,13062,370,,,0,7,,13063,370,,,0,23,,13064,370,,,0,3,,13065,370,,,0,67,,13066,370,,,0,30,,13067,370,,,0,70,,13068,370,,,0,30,,13069,370,,,0,70,,13070,370,,,0,30,,13071,370,,,0,20,,13072,370,,,0,70,,13073,370,,,0,89,,13074,370,,,0,92,,13075,370,,,0,100,,13076,370,,,0,100,,13077,370,,,0
70800,'Week-end-53',744,,13080,370,,,0,104,,13081,370,,,0,89,,13082,370,,,0,100,,13083,370,,,0,102,,13084,370,,,0,99,,13085,370,,,0,100,,13086,370,,,0,100,,13087,370,,,0,100,,13088,370,,,0,100,,13089,370,,,0,100,,13090,370,,,0,100,,13091,370,,,0,100,,13092,370,,,0,96,,13093,370,,,0,103,,13094,370,,,0,80,,13095,370,,,0,83,,13096,370,,,0,40,,13078,370,,,0,117,,13079,370,,,0
