22001,'Fête-1-01',750,,15846,40,,,0,200,,15843,40,,,0,200,,15841,40,,,0,200,,15842,40,,,0,200,,15840,40,,,0,200,,15845,40,,,0,200,,15844,40,,,0,200,,15839,40,0,8 20 1 21,0
22001,'Semaine-01',550,,15849,40,,,0,70,,15850,40,,,0,30,,15851,40,,,0,70,,15852,40,,,0,30,,15853,40,,,0,70,,15854,40,,,0,100,,15855,40,,,0,100,,15856,40,,,0,100,,15857,40,,,0,100,,15858,40,,,0,100,,15859,40,,,0,100,,15860,40,,,0,100,,15861,40,,,0,100,,15862,40,,,0,30,,15863,40,,,0,70,,15864,40,,,0,30,,15865,40,,,0,70,,15866,40,,,0,30,,15867,40,,,0,70,,15868,40,,,0,100,,15869,40,,,0,100,,15870,40,,,0,100,,15871,40,,,0,100,,15872,40,0,8 20 1 21,0
22001,'Week-end-01',750,,15880,40,,,0,200,,15877,40,,,0,200,,15875,40,,,0,200,,15876,40,,,0,200,,15874,40,,,0,200,,15879,40,,,0,200,,15878,40,,,0,200,,15873,40,0,8 20 1 21,0
22100,'Fête-1-01',850,,15881,40,,,0,200,,15885,40,,,0,200,,15886,40,,,0,200,,15887,40,,,0,200,,15882,40,,,0,200,,15884,40,,,0,200,,15883,40,,,0
22100,'Semaine-01',605,,15891,40,,,0,30,,15888,40,,,0,70,,15892,40,,,0,30,,15893,40,,,0,70,,15894,40,,,0,45,,15895,40,,,0,100,,15896,40,,,0,100,,15897,40,,,0,100,,15898,40,,,0,100,,15899,40,,,0,100,,15900,40,,,0,100,,15901,40,,,0,100,,15902,40,,,0,85,,15903,40,,,0,70,,15904,40,,,0,30,,15905,40,,,0,70,,15906,40,,,0,30,,15907,40,,,0,70,,15908,40,,,0,45,,15909,40,,,0,100,,15910,40,,,0,100,,15911,40,,,0
22100,'Week-end-01',850,,15912,40,,,0,200,,15916,40,,,0,200,,15917,40,,,0,200,,15918,40,,,0,200,,15913,40,,,0,200,,15915,40,,,0,200,,15914,40,,,0
22201,'Fête-1-01',746,,15933,40,,,0,100,,15921,40,,,0,100,,15920,40,,,0,100,,15919,40,,,0,100,,15922,40,,,0,100,,15923,40,,,0,100,,15924,40,,,0,100,,15925,40,,,0,100,,15926,40,,,0,100,,15927,40,,,0,100,,15928,40,,,0,100,,15929,40,,,0,100,,15930,40,,,0,100,,15931,40,,,0,100,,15932,40,0,8 6 22,0
22201,'Semaine-01',535,,15951,40,,,0,80,,15934,40,,,0,30,,15952,40,,,0,80,,15935,40,,,0,80,,15936,40,,,0,110,,15937,40,,,0,100,,15938,40,,,0,100,,15939,40,,,0,100,,15940,40,,,0,100,,15941,40,,,0,100,,15942,40,,,0,100,,15943,40,,,0,100,,15944,40,,,0,40,,15953,40,,,0,75,,15945,40,,,0,80,,15946,40,,,0,105,,15947,40,,,0,100,,15948,40,,,0,100,,15949,40,,,0,100,,15950,40,0,8 6 22,0
22201,'Week-end-01',746,,15969,40,,,0,100,,15957,40,,,0,100,,15956,40,,,0,100,,15955,40,,,0,100,,15958,40,,,0,100,,15959,40,,,0,100,,15960,40,,,0,100,,15961,40,,,0,100,,15962,40,,,0,100,,15963,40,,,0,100,,15964,40,,,0,100,,15965,40,,,0,100,,15966,40,,,0,100,,15967,40,,,0,100,,15968,40,0,8 6 22,0
22600,'Fête-1-01',750,,16012,40,,,0,200,,16006,40,,,0,200,,16007,40,,,0,200,,16008,40,,,0,200,,16009,40,,,0,200,,16013,40,0,6 7,0,200,,16010,40,,,0,200,,16011,40,0,8 33 1 34,0
22600,'Semaine-01',606,,16014,40,,,0,30,,16015,40,,,0,75,,16016,40,,,0,40,,16017,40,,,0,80,,16018,40,,,0,90,,16019,40,,,0,100,,16020,40,,,0,100,,16021,40,,,0,100,,16022,40,,,0,100,,16023,40,,,0,100,,16024,40,,,0,100,,16025,40,,,0,100,,16026,40,,,0,80,,16027,40,,,0,40,,16028,40,,,0,80,,16029,40,,,0,30,,16030,40,,,0,70,,16031,40,,,0,100,,16032,40,,,0,100,,16033,40,,,0,100,,16034,40,,,0,100,,16035,40,,,0
22600,'Week-end-01',750,,16044,40,,,0,200,,16038,40,,,0,200,,16039,40,,,0,200,,16040,40,,,0,200,,16041,40,,,0,200,,16045,40,,,0,200,,16042,40,,,0,200,,16043,40,0,8 33 1 34,0
