24201,'Fête-1-05',754,,3924,620,,,0,100,,3925,620,,,0,100,,3926,620,,,0,100,,3927,620,,,0,100,,3928,620,,,0,100,,3929,620,,,0,100,,3930,620,,,0,100,,3931,620,,,0,100,,3932,620,,,0,100,,3933,620,,,0,100,,3934,620,,,0,100,,3935,620,,,0,100,,3936,620,,,0,100,,3937,620,,,0,100,,3938,620,,,0,100,,3939,620,,,0
24201,'Fête-2-04',645,,3940,620,,,0,75,,3941,620,,,0,35,,3942,620,,,0,79,,3943,620,,,0,76,,3944,620,,,0,38,,3945,620,,,0,103,,3946,620,,,0,100,,3947,620,,,0,100,,3948,620,,,0,100,,3949,620,,,0,100,,3950,620,,,0,107,,3951,620,,,0,88,,3952,620,,,0,82,,3953,620,,,0,90,,3954,620,,,0,32,,3955,620,,,0,68,,3956,620,,,0,83,,3957,620,,,0,100,,3958,620,,,0,100,,3959,620,,,0,100,,3960,620,,,0
24201,'Semaine-52',645,,3961,620,,,0,75,,3962,620,,,0,35,,3963,620,,,0,79,,3964,620,,,0,76,,3965,620,,,0,38,,3966,620,,,0,103,,3967,620,,,0,100,,3968,620,,,0,100,,3969,620,,,0,100,,3970,620,,,0,100,,3971,620,,,0,107,,3972,620,,,0,88,,3973,620,,,0,82,,3974,620,,,0,90,,3975,620,,,0,32,,3976,620,,,0,68,,3977,620,,,0,83,,3978,620,,,0,100,,3979,620,,,0,100,,3980,620,,,0,100,,3981,620,,,0
24201,'Week-end-52',754,,3982,620,,,0,100,,3983,620,,,0,100,,3984,620,,,0,100,,3985,620,,,0,100,,3986,620,,,0,100,,3987,620,,,0,100,,3988,620,,,0,100,,3989,620,,,0,100,,3990,620,,,0,100,,3991,620,,,0,100,,3992,620,,,0,100,,3993,620,,,0,100,,3994,620,,,0,100,,3995,620,,,0,100,,3996,620,,,0,100,,3997,620,,,0
60001,'Fête-1-05',802,,6203,120,,,0,100,,6202,120,,,0,100,,6200,120,,,0,100,,6201,120,,,0,100,,6198,120,,,0,100,,6199,120,,,0,100,,6195,120,,,0,100,,6196,120,,,0,100,,6197,120,,,0,100,,6194,120,,,0,100,,6191,120,,,0,100,,6192,120,,,0,100,,6193,120,,,0,100,,6189,120,,,0,49,,6190,120,,,0,185,,6188,120,,,0
60001,'Fête-2-04',722,,6204,120,,,0,32,,6205,120,,,0,100,,6206,120,,,0,100,,6207,120,,,0,98,,6208,120,,,0,170,,6209,120,,,0,100,,6210,120,,,0,30,,6211,120,,,0,100,,6212,120,,,0,100,,6213,120,,,0,100,,6214,120,,,0,70,,6215,120,,,0,30,,6216,120,,,0,100,,6217,120,,,0,100,,6218,120,,,0,100,,6219,120,,,0,100,,6220,120,,,0,100,,6221,120,,,0,100,,6222,120,,,0
60001,'Semaine-52',652,,6227,120,,,0,70,,6228,120,,,0,32,,6229,120,,,0,100,,6230,120,,,0,100,,6231,120,,,0,98,,6232,120,,,0,100,,6233,120,,,0,70,,6234,120,,,0,100,,6235,120,,,0,30,,6236,120,,,0,70,,6237,120,,,0,30,,6238,120,,,0,70,,6239,120,,,0,30,,6240,120,,,0,70,,6241,120,,,0,30,,6242,120,,,0,70,,6243,120,,,0,30,,6244,120,,,0,70,,6245,120,,,0,30,,6246,120,,,0,100,,6247,120,,,0,100,,6248,120,,,0,100,,6249,120,,,0,100,,6250,120,,,0,100,,6251,120,,,0
60001,'Week-end-52',802,,6271,120,,,0,100,,6270,120,,,0,100,,6268,120,,,0,100,,6269,120,,,0,100,,6266,120,,,0,100,,6267,120,,,0,100,,6263,120,,,0,100,,6264,120,,,0,100,,6265,120,,,0,100,,6262,120,,,0,100,,6259,120,,,0,100,,6260,120,,,0,100,,6261,120,,,0,100,,6257,120,,,0,49,,6258,120,,,0,185,,6256,120,,,0
61001,'Fête-1-05',759,,6378,650,,,0,100,,6379,650,,,0,70,,6380,650,,,0,101,,6381,650,,,0,100,,6382,650,,,0,100,,6383,650,,,0,100,,6384,650,,,0,100,,6385,650,,,0,100,,6386,650,,,0,100,,6387,650,,,0,100,,6388,650,,,0,98,,6389,650,,,0,100,,6390,650,,,0,100,,6391,650,,,0,100,,6392,650,,,0,100,,6393,650,,,0,100,,6394,650,,,0
61001,'Fête-2-04',606,,6395,650,,,0,30,,6396,650,,,0,102,,6397,650,,,0,96,,6398,650,,,0,98,,6399,650,,,0,100,,6400,650,,,0,99,,6401,650,,,0,100,,6402,650,,,0,100,,6403,650,,,0,100,,6404,650,,,0,102,,6405,650,,,0,104,,6406,650,,,0,103,,6407,650,,,0,98,,6408,650,,,0,91,,6409,650,,,0,100,,6410,650,,,0,100,,6411,650,,,0,100,,6412,650,,,0,100,,6413,650,,,0
61001,'Semaine-52',606,,6414,650,,,0,30,,6415,650,,,0,72,,6416,650,,,0,30,,6417,650,,,0,70,,6418,650,,,0,26,,6419,650,,,0,68,,6438,650,,,0,30,,6420,650,,,0,100,,6421,650,,,0,99,,6422,650,,,0,100,,6423,650,,,0,100,,6424,650,,,0,100,,6425,650,,,0,102,,6426,650,,,0,104,,6427,650,,,0,73,,6428,650,,,0,30,,6429,650,,,0,68,,6430,650,,,0,30,,6431,650,,,0,21,,6432,650,,,0,70,,6433,650,,,0,100,,6434,650,,,0,100,,6435,650,,,0,100,,6436,650,,,0,100,,6437,650,,,0
61001,'Week-end-52',759,,6439,650,,,0,100,,6440,650,,,0,70,,6441,650,,,0,101,,6442,650,,,0,100,,6443,650,,,0,100,,6444,650,,,0,100,,6445,650,,,0,100,,6446,650,,,0,100,,6447,650,,,0,100,,6448,650,,,0,100,,6449,650,,,0,98,,6450,650,,,0,100,,6451,650,,,0,100,,6452,650,,,0,100,,6453,650,,,0,100,,6454,650,,,0,100,,6455,650,,,0
