24700,'Fête-1-05',808,,4074,40,,,0,130,,4068,40,,,0,170,,4070,40,,,0,130,,4075,40,,,0,170,,4076,40,,,0,130,,4071,40,,,0,170,,4069,40,,,0,130,,4072,40,,,0,170,,4073,40,,,0
24700,'Fête-2-04',637,,4082,40,,,0,82,,4083,40,,,0,103,,4084,40,,,0,186,,4090,40,,,0,130,,4091,40,,,0,170,,4088,40,,,0,130,,4089,40,,,0,71,,4077,40,,,0,112,,4078,40,,,0,92,,4079,40,,,0,107,,4080,40,,,0,33,,4081,40,,,0,161,,4085,40,,,0,129,,4086,40,,,0,170,,4087,40,,,0
24700,'Semaine-52',637,,4100,40,,,0,82,,4101,40,,,0,103,,4102,40,,,0,186,,4108,40,,,0,130,,4109,40,,,0,170,,4106,40,,,0,130,,4107,40,,,0,71,,4092,40,,,0,112,,4093,40,,,0,28,,4094,40,,,0,64,,4095,40,,,0,87,,4096,40,,,0,20,,4097,40,,,0,33,,4098,40,,,0,99,,4099,40,,,0,62,,4103,40,,,0,129,,4104,40,,,0,170,,4105,40,,,0
24700,'Week-end-52',808,,4116,40,,,0,130,,4110,40,,,0,170,,4112,40,,,0,130,,4117,40,,,0,170,,4118,40,,,0,130,,4113,40,,,0,170,,4111,40,,,0,130,,4114,40,,,0,170,,4115,40,,,0
24900,'Fête-1-05',807,,4193,40,0,5,0,130,,4194,40,0,5,0,170,,4203,40,0,5,0,130,,4195,40,0,5,0,170,,4196,40,0,5,0,130,,4197,40,0,5,0,170,,4198,40,0,5,0,130,,4199,40,0,5,0,170,,4200,40,0,5,0,130,,4201,40,0,5,0,170,,4202,40,0,5,0
24900,'Fête-2-04',638,,4205,40,,,0,65,,4206,40,,,0,34,,4207,40,,,0,97,,4208,40,,,0,174,,4209,40,,,0,100,,4210,40,,,0,101,,4211,40,,,0,100,,4212,40,,,0,100,,4213,40,,,0,106,,4214,40,,,0,35,,4215,40,,,0,73,,4216,40,,,0,92,,4217,40,,,0,32,,4218,40,,,0,75,,4219,40,,,0,91,,4220,40,,,0,100,,4221,40,,,0,100,,4222,40,,,0,100,,4223,40,,,0,100,,4204,40,,,0
24900,'Semaine-52',635,,4225,40,,,0,68,,4226,40,,,0,34,,4227,40,,,0,97,,4228,40,,,0,69,,4229,40,,,0,105,,4230,40,,,0,100,,4231,40,,,0,101,,4232,40,,,0,100,,4233,40,,,0,100,,4234,40,,,0,106,,4235,40,,,0,39,,4236,40,,,0,69,,4237,40,,,0,93,,4238,40,,,0,32,,4239,40,,,0,74,,4240,40,,,0,91,,4241,40,,,0,100,,4242,40,,,0,100,,4243,40,,,0,100,,4244,40,,,0,100,,4224,40,,,0
24900,'Week-end-52',807,,4245,40,0,5,0,130,,4246,40,0,5,0,170,,4255,40,0,5,0,130,,4247,40,0,5,0,170,,4248,40,0,5,0,130,,4249,40,0,5,0,170,,4250,40,0,5,0,130,,4251,40,0,5,0,170,,4252,40,0,5,0,130,,4253,40,0,5,0,170,,4254,40,0,5,0
25100,'Fête-1-05',808,,4510,40,,,0,100,,4508,40,,,0,100,,4511,40,,,0,100,,4507,40,,,0,100,,4506,40,,,0,100,,4509,40,,,0,100,,4502,40,,,0,100,,4505,40,,,0,100,,4501,40,,,0,100,,4503,40,,,0,100,,4499,40,,,0,100,,4504,40,,,0,100,,4496,40,,,0,100,,4497,40,,,0,100,,4498,40,,,0,100,,4500,40,,,0
25100,'Fête-2-04',903,,4513,40,,,0,100,,4512,40,,,0,100,,4521,40,,,0,100,,4517,40,,,0,100,,4520,40,,,0,100,,4515,40,,,0,615,,4518,40,,,0,97,,4516,40,,,0,98,,4514,40,,,0,100,,4519,40,,,0
25100,'Semaine-52',903,,4523,40,,,0,100,,4522,40,,,0,100,,4531,40,,,0,100,,4527,40,,,0,100,,4530,40,,,0,100,,4525,40,,,0,615,,4528,40,,,0,97,,4526,40,,,0,98,,4524,40,,,0,100,,4529,40,,,0
25100,'Week-end-52',808,,4546,40,,,0,100,,4544,40,,,0,100,,4547,40,,,0,100,,4543,40,,,0,100,,4542,40,,,0,100,,4545,40,,,0,100,,4538,40,,,0,100,,4541,40,,,0,100,,4537,40,,,0,100,,4539,40,,,0,100,,4535,40,,,0,100,,4540,40,,,0,100,,4532,40,,,0,100,,4533,40,,,0,100,,4534,40,,,0,100,,4536,40,,,0
