25001,'Fête-1-05',718,,4425,190,,,0,99,,4409,190,,,0,30,,4412,190,,,0,99,,4419,190,,,0,70,,4420,190,,,0,101,,4411,190,,,0,30,,4414,190,,,0,100,,4422,190,,,0,70,,4423,190,,,0,100,,4410,190,,,0,29,,4421,190,,,0,100,,4413,190,,,0,71,,4418,190,,,0,101,,4424,190,,,0,30,,4415,190,,,0,100,,4416,190,,,0,70,,4408,190,,,0,101,,4417,190,,,0,30,,4426,190,,,0,101,,4407,190,,,0,70,,4427,190,,,0
25001,'Fête-2-04',543,,4428,190,,,0,65,,4429,190,,,0,28,,4430,190,,,0,21,,4431,190,,,0,85,,4432,190,,,0,96,,4433,190,,,0,72,,4434,190,,,0,96,,4435,190,,,0,100,,4436,190,,,0,103,,4437,190,,,0,100,,4438,190,,,0,102,,4439,190,,,0,115,,4440,190,,,0,99,,4441,190,,,0,26,,4442,190,,,0,70,,4443,190,,,0,28,,4444,190,,,0,83,,4445,190,,,0,87,,4446,190,,,0,108,,4447,190,,,0,93,,4448,190,,,0,101,,4449,190,,,0
25001,'Semaine-52',543,,4450,190,,,0,64,,4451,190,,,0,29,,4452,190,,,0,21,,4453,190,,,0,85,,4454,190,,,0,62,,4455,190,,,0,34,,4456,190,,,0,72,,4457,190,,,0,37,,4458,190,,,0,59,,4459,190,,,0,100,,4460,190,,,0,103,,4461,190,,,0,100,,4462,190,,,0,102,,4463,190,,,0,115,,4464,190,,,0,24,,4465,190,,,0,75,,4466,190,,,0,26,,4467,190,,,0,70,,4468,190,,,0,28,,4469,190,,,0,82,,4470,190,,,0,88,,4471,190,,,0,107,,4472,190,,,0,94,,4473,190,,,0,101,,4474,190,,,0
25001,'Week-end-52',718,,4493,190,,,0,99,,4477,190,,,0,30,,4480,190,,,0,99,,4487,190,,,0,70,,4488,190,,,0,101,,4479,190,,,0,30,,4482,190,,,0,100,,4490,190,,,0,70,,4491,190,,,0,100,,4478,190,,,0,29,,4489,190,,,0,100,,4481,190,,,0,71,,4486,190,,,0,101,,4492,190,,,0,30,,4483,190,,,0,100,,4484,190,,,0,70,,4476,190,,,0,101,,4485,190,,,0,30,,4494,190,,,0,101,,4475,190,,,0,70,,4495,190,,,0
31700,'Fête-2-04',654,,5599,150,0,11 23,0,70,,5600,150,0,11 23,0,110,,5601,150,0,11 23,0,290,,5602,150,0,11 23,0,300,,5603,150,0,11 23,0
31700,'Semaine-52',654,,5605,150,0,11 23,0,70,,5606,150,0,11 23,0,110,,5607,150,0,11 23,0,290,,5608,150,0,11 23,0,300,,5609,150,0,11 23,0
31701,'Fête-2-04',1234,,5613,160,0,24,0,270,,5618,160,0,24,0,100,,5614,160,0,24,0,130,,5615,160,0,24,0,100,,5616,160,0,24,0,475,,5617,160,0,24,0
31701,'Semaine-52',1234,,5620,160,0,24,0,270,,5625,160,0,24,0,100,,5621,160,0,24,0,130,,5622,160,0,24,0,100,,5623,160,0,24,0,475,,5624,160,0,24,0
51401,'Fête-2-04',533,,6100,190,,,0,95,,6101,190,,,0,74,,6102,190,,,0
51401,'Semaine-52',533,,6103,190,,,0,95,,6104,190,,,0,74,,6105,190,,,0
