23300,'Fête-1-01',835,,16337,20,,,0,200,,16339,20,,,0,200,,16335,20,,,0,200,,16340,20,,,0,200,,16338,20,,,0,200,,16336,20,,,0,200,,16333,20,,,0,200,,16334,20,0,8 41 1 42 43 44,0
23300,'Semaine-01',605,,16341,20,,,0,38,,16342,20,,,0,162,,16352,20,,,0,230,,16343,20,,,0,200,,16344,20,,,0,200,,16345,20,,,0,175,,16346,20,,,0,105,,16347,20,,,0,100,,16351,20,,,0,105,,16348,20,,,0,115,,16349,20,,,0,207,,16350,20,0,8 41 1 42 43 44,0
23300,'Week-end-01',835,,16357,20,,,0,200,,16359,20,,,0,200,,16355,20,,,0,200,,16360,20,,,0,200,,16358,20,,,0,200,,16356,20,,,0,200,,16353,20,,,0,200,,16354,20,0,8 41 1 42 43 44,0
23400,'Fête-1-01',935,,16366,20,,,0,200,,16364,20,,,0,200,,16361,20,,,0,200,,16363,20,,,0,200,,16362,20,,,0,200,,16367,20,,,0,200,,16365,20,,,0
23400,'Semaine-01',624,,16369,20,,,0,106,,16382,20,,,0,103,,16370,20,,,0,102,,16371,20,,,0,200,,16372,20,,,0,200,,16373,20,,,0,200,,16374,20,,,0,108,,16375,20,,,0,102,,16376,20,,,0,98,,16381,20,,,0,92,,16377,20,,,0,200,,16378,20,,,0
23400,'Week-end-01',935,,16388,20,,,0,200,,16386,20,,,0,200,,16383,20,,,0,200,,16385,20,,,0,200,,16384,20,,,0,200,,16389,20,,,0,200,,16387,20,,,0
23701,'Fête-1-01',904,,16556,20,,,0,98,,16547,20,,,0,100,,16553,20,,,0,100,,16555,20,,,0,100,,16544,20,,,0,100,,16546,20,,,0,100,,16545,20,,,0,100,,16552,20,,,0,100,,16548,20,,,0,100,,16550,20,,,0,100,,16551,20,,,0,101,,16554,20,,,0,100,,16549,20,,,0,100,,16557,20,,,0
23701,'Semaine-01',555,,16576,20,,,0,76,,16559,20,,,0,20,,16577,20,,,0,84,,16572,20,,,0,90,,16560,20,,,0,107,,16574,20,,,0,103,,16573,20,,,0,100,,16561,20,,,0,100,,16562,20,,,0,100,,16563,20,,,0,100,,16564,20,,,0,97,,16565,20,,,0,169,,16569,20,,,0,37,,16566,20,,,0,117,,16570,20,,,0,145,,16567,20,,,0,100,,16571,20,,,0,108,,16568,20,,,0
23701,'Week-end-01',904,,16590,20,,,0,98,,16581,20,,,0,100,,16587,20,,,0,100,,16589,20,,,0,100,,16578,20,,,0,100,,16580,20,,,0,100,,16579,20,,,0,100,,16586,20,,,0,100,,16582,20,,,0,100,,16584,20,,,0,100,,16585,20,,,0,101,,16588,20,,,0,100,,16583,20,,,0,100,,16591,20,,,0
23900,'Fête-1-01',835,,16649,20,,,0,100,,16657,20,,,0,100,,16658,20,,,0,100,,16659,20,,,0,100,,16660,20,,,0,100,,16661,20,,,0,100,,16662,20,,,0,100,,16655,20,,,0,100,,16651,20,,,0,100,,16650,20,,,0,100,,16652,20,,,0,100,,16653,20,,,0,100,,16654,20,,,0,100,,16656,20,,,0,100,,16663,20,0,8 35 1 36,0
23900,'Semaine-01',622,,16665,20,,,0,20,,16689,20,,,0,67,,16666,20,,,0,27,,16667,20,,,0,69,,16681,20,,,0,30,,16678,20,,,0,100,,16668,20,,,0,100,,16669,20,,,0,100,,16670,20,,,0,100,,16671,20,,,0,100,,16672,20,,,0,100,,16673,20,,,0,100,,16674,20,,,0,75,,16675,20,,,0,35,,16686,20,,,0,80,,16687,20,,,0,20,,16682,20,,,0,75,,16679,20,,,0,22,,16676,20,,,0,78,,16688,20,,,0,115,,16685,20,,,0,100,,16684,20,,,0,107,,16683,20,0,8 35 1 36,0
23900,'Week-end-01',835,,16690,20,,,0,100,,16698,20,,,0,100,,16699,20,,,0,100,,16700,20,,,0,100,,16701,20,,,0,100,,16702,20,,,0,100,,16703,20,,,0,100,,16696,20,,,0,100,,16692,20,,,0,100,,16691,20,,,0,100,,16693,20,,,0,100,,16694,20,,,0,100,,16695,20,,,0,100,,16697,20,,,0,100,,16704,20,0,8 35 1 36,0
70901,'Fête-1-01',551,,18387,20,,,0,70,,18388,20,,,0,29,,18389,20,,,0,70,,18390,20,,,0,30,,18391,20,,,0,55,,18392,20,,,0,30,,18393,20,,,0,70,,18394,20,,,0,30,,18395,20,,,0,70,,18396,20,,,0,30,,18397,20,,,0,70,,18398,20,,,0,30,,18399,20,,,0,70,,18400,20,,,0,30,,18401,20,,,0,70,,18402,20,,,0,30,,18403,20,,,0,70,,18404,20,,,0,30,,18405,20,,,0,70,,18406,20,,,0,30,,18407,20,,,0,70,,18408,20,,,0,30,,18409,20,,,0,70,,18410,20,,,0,30,,18411,20,,,0,70,,18412,20,,,0,31,,18413,20,,,0,70,,18414,20,,,0,30,,18415,20,,,0,71,,18416,20,,,0,30,,18417,20,,,0,70,,18418,20,,,0,30,,18419,20,,,0,71,,18420,20,,,0,30,,18421,20,,,0,70,,18422,20,,,0,111,,18423,20,,,0
70901,'Semaine-01',420,,18427,20,,,0,30,,18469,20,,,0,60,,18425,20,,,0,10,,18424,20,,,0,20,,18426,20,,,0,60,,18428,20,,,0,20,,18429,20,,,0,25,,18430,20,,,0,10,,18431,20,,,0,60,,18432,20,,,0,10,,18433,20,,,0,10,,18434,20,,,0,20,,18435,20,,,0,50,,18436,20,,,0,15,,18437,20,,,0,15,,18439,20,,,0,15,,18475,20,,,0,55,,18438,20,,,0,30,,18440,20,,,0,15,,18441,20,,,0,970,,18460,20,,,0,30,,18461,20,,,0,55,,18462,20,,,0,30,,18463,20,,,0,70,,18464,20,,,0,30,,18465,20,,,0,85,,18466,20,,,0,100,,18467,20,,,0,108,,18468,20,,,0
70901,'Week-end-01',551,,18480,20,,,0,70,,18481,20,,,0,29,,18482,20,,,0,70,,18483,20,,,0,30,,18484,20,,,0,55,,18485,20,,,0,30,,18486,20,,,0,70,,18487,20,,,0,30,,18488,20,,,0,70,,18489,20,,,0,30,,18490,20,,,0,70,,18491,20,,,0,30,,18492,20,,,0,70,,18493,20,,,0,30,,18494,20,,,0,70,,18495,20,,,0,30,,18496,20,,,0,70,,18497,20,,,0,30,,18498,20,,,0,70,,18499,20,,,0,30,,18500,20,,,0,70,,18501,20,,,0,30,,18502,20,,,0,70,,18503,20,,,0,30,,18504,20,,,0,70,,18505,20,,,0,31,,18506,20,,,0,70,,18507,20,,,0,30,,18508,20,,,0,71,,18509,20,,,0,30,,18510,20,,,0,70,,18511,20,,,0,30,,18512,20,,,0,71,,18513,20,,,0,30,,18514,20,,,0,70,,18515,20,,,0,111,,18516,20,,,0
