25001,'Fête-1-05',713,,4425,110,,,0,99,,4409,110,,,0,30,,4412,110,,,0,99,,4419,110,,,0,70,,4420,110,,,0,101,,4411,110,,,0,30,,4414,110,,,0,100,,4422,110,,,0,70,,4423,110,,,0,100,,4410,110,,,0,29,,4421,110,,,0,100,,4413,110,,,0,71,,4418,110,,,0,101,,4424,110,,,0,30,,4415,110,,,0,100,,4416,110,,,0,70,,4408,110,,,0,101,,4417,110,,,0,30,,4426,110,,,0,101,,4407,110,,,0,70,,4427,110,,,0
25001,'Fête-2-04',537,,4428,110,,,0,65,,4429,110,,,0,28,,4430,110,,,0,21,,4431,110,,,0,85,,4432,110,,,0,96,,4433,110,,,0,72,,4434,110,,,0,96,,4435,110,,,0,100,,4436,110,,,0,103,,4437,110,,,0,100,,4438,110,,,0,102,,4439,110,,,0,115,,4440,110,,,0,99,,4441,110,,,0,26,,4442,110,,,0,70,,4443,110,,,0,28,,4444,110,,,0,84,,4445,110,,,0,87,,4446,110,,,0,108,,4447,110,,,0,93,,4448,110,,,0,101,,4449,110,,,0
25001,'Semaine-52',537,,4450,110,,,0,64,,4451,110,,,0,29,,4452,110,,,0,21,,4453,110,,,0,85,,4454,110,,,0,22,,4455,110,,,0,74,,4456,110,,,0,72,,4457,110,,,0,37,,4458,110,,,0,59,,4459,110,,,0,100,,4460,110,,,0,103,,4461,110,,,0,100,,4462,110,,,0,102,,4463,110,,,0,115,,4464,110,,,0,24,,4465,110,,,0,75,,4466,110,,,0,26,,4467,110,,,0,70,,4468,110,,,0,28,,4469,110,,,0,83,,4470,110,,,0,88,,4471,110,,,0,107,,4472,110,,,0,94,,4473,110,,,0,101,,4474,110,,,0
25001,'Week-end-52',713,,4493,110,,,0,99,,4477,110,,,0,30,,4480,110,,,0,99,,4487,110,,,0,70,,4488,110,,,0,101,,4479,110,,,0,30,,4482,110,,,0,100,,4490,110,,,0,70,,4491,110,,,0,100,,4478,110,,,0,29,,4489,110,,,0,100,,4481,110,,,0,71,,4486,110,,,0,101,,4492,110,,,0,30,,4483,110,,,0,100,,4484,110,,,0,70,,4476,110,,,0,101,,4485,110,,,0,30,,4494,110,,,0,101,,4475,110,,,0,70,,4495,110,,,0
31700,'Fête-2-04',651,,5599,70,0,11 23,0,70,,5600,70,0,11 23,0,110,,5601,70,0,11 23,0,290,,5602,70,0,11 23,0,300,,5603,70,0,11 23,0
31700,'Semaine-52',651,,5605,70,0,11 23,0,70,,5606,70,0,11 23,0,110,,5607,70,0,11 23,0,290,,5608,70,0,11 23,0,300,,5609,70,0,11 23,0
31701,'Fête-2-04',1232,,5613,80,0,24,0,270,,5618,80,0,24,0,100,,5614,80,0,24,0,130,,5615,80,0,24,0,100,,5616,80,0,24,0,475,,5617,80,0,24,0
31701,'Semaine-52',1232,,5620,80,0,24,0,270,,5625,80,0,24,0,100,,5621,80,0,24,0,130,,5622,80,0,24,0,100,,5623,80,0,24,0,475,,5624,80,0,24,0
51401,'Fête-2-04',528,,6100,110,,,0,95,,6101,110,,,0,34,,6102,110,,,0
51401,'Semaine-52',528,,6103,110,,,0,95,,6104,110,,,0,34,,6105,110,,,0
