22201,'Fête-1-05',813,,10300,,,0,100,,10288,,,0,100,,10287,,,0,100,,10286,,,0,100,,10289,,,0,100,,10290,,,0,100,,10291,,,0,100,,10292,,,0,100,,10293,,,0,100,,10294,,,0,100,,10295,,,0,100,,10296,,,0,100,,10297,,,0,100,,10298,,,0,98,,10299,4,,0
22201,'Fête-2-04',538,,10321,0,6 7,0,63,,10318,,,0,40,,10301,,,0,70,,10319,,,0,41,,10302,,,0,80,,10303,,,0,109,,10304,,,0,100,,10305,,,0,100,,10306,,,0,100,,10307,,,0,100,,10308,,,0,100,,10309,,,0,100,,10310,,,0,101,,10311,,,0,80,,10320,,,0,35,,10312,,,0,80,,10313,,,0,104,,10314,,,0,100,,10315,,,0,100,,10316,,,0,100,,10317,4,,0
22201,'Semaine-52',538,,10342,0,6 7,0,63,,10339,,,0,40,,10322,,,0,70,,10340,,,0,41,,10323,,,0,80,,10324,,,0,109,,10325,,,0,100,,10326,,,0,100,,10327,,,0,100,,10328,,,0,100,,10329,,,0,100,,10330,,,0,100,,10331,,,0,101,,10332,,,0,80,,10341,,,0,35,,10333,,,0,80,,10334,,,0,104,,10335,,,0,100,,10336,,,0,100,,10337,,,0,100,,10338,4,,0
22201,'Week-end-52',813,,10357,,,0,100,,10345,,,0,100,,10344,,,0,100,,10343,,,0,100,,10346,,,0,100,,10347,,,0,100,,10348,,,0,100,,10349,,,0,100,,10350,,,0,100,,10351,,,0,100,,10352,,,0,100,,10353,,,0,100,,10354,,,0,100,,10355,,,0,98,,10356,4,,0
22501,'Fête-1-05',857,,10358,,,0,200,,10359,,,0,200,,10360,,,0,200,,10361,,,0,200,,10362,,,0,200,,10363,,,0,199,,10364,,,0
22501,'Fête-2-04',557,,10366,,,0,70,,10367,,,0,30,,10368,,,0,70,,10369,,,0,30,,10370,,,0,100,,10371,,,0,100,,10372,,,0,100,,10373,,,0,100,,10374,,,0,100,,10375,,,0,100,,10376,,,0,100,,10377,,,0,100,,10378,,,0,85,,10379,,,0,70,,10380,,,0,30,,10381,,,0,70,,10382,,,0,30,,10383,,,0,70,,10384,,,0,45,,10385,,,0,100,,10386,,,0,100,,10387,,,0
22501,'Semaine-52',557,,10389,,,0,70,,10390,,,0,30,,10391,,,0,70,,10392,,,0,30,,10393,,,0,100,,10394,,,0,100,,10395,,,0,100,,10396,,,0,100,,10397,,,0,100,,10398,,,0,100,,10399,,,0,100,,10400,,,0,100,,10401,,,0,85,,10402,,,0,70,,10403,,,0,30,,10404,,,0,70,,10405,,,0,30,,10406,,,0,70,,10407,,,0,45,,10408,,,0,100,,10409,,,0,100,,10410,,,0
22501,'Week-end-52',857,,10411,,,0,200,,10412,,,0,200,,10413,,,0,200,,10414,,,0,200,,10415,,,0,200,,10416,,,0,199,,10417,,,0
22600,'Fête-1-05',825,,10424,,,0,202,,10418,,,0,205,,10419,,,0,198,,10420,,,0,199,,10421,,,0,200,,10425,0,6 7,0,198,,10422,,,0
22600,'Fête-2-04',536,,10449,0,6 7,0,70,,10450,0,6 7,0,40,,10426,,,0,70,,10427,,,0,31,,10428,,,0,70,,10429,,,0,85,,10430,,,0,100,,10431,,,0,100,,10432,,,0,100,,10433,,,0,100,,10434,,,0,101,,10435,,,0,100,,10436,,,0,102,,10437,,,0,100,,10438,,,0,30,,10439,,,0,68,,10440,,,0,30,,10441,,,0,70,,10442,,,0,28,,10443,,,0,70,,10444,,,0,58,,10445,,,0,98,,10446,,,0,100,,10447,,,0,98,,10448,,,0
22600,'Semaine-52',536,,10474,0,6 7,0,70,,10475,0,6 7,0,40,,10451,,,0,70,,10452,,,0,31,,10453,,,0,70,,10454,,,0,85,,10455,,,0,100,,10456,,,0,100,,10457,,,0,100,,10458,,,0,100,,10459,,,0,101,,10460,,,0,100,,10461,,,0,102,,10462,,,0,100,,10463,,,0,30,,10464,,,0,68,,10465,,,0,30,,10466,,,0,70,,10467,,,0,28,,10468,,,0,70,,10469,,,0,58,,10470,,,0,98,,10471,,,0,100,,10472,,,0,98,,10473,,,0
22600,'Week-end-52',825,,10482,,,0,202,,10476,,,0,205,,10477,,,0,198,,10478,,,0,199,,10479,,,0,200,,10483,,,0,198,,10480,,,0
2000090400,'Fête-1-05',2220,,14994,,,0,30,,14993,,,0,70,,14995,,,0,30,,14996,,,0,70,,14997,,,0,30,,14998,,,0,70,,15000,,,0,30,,14999,,,0
2000090400,'Fête-2-04',2220,,15002,,,0,30,,15001,,,0,70,,15003,,,0,30,,15004,,,0,70,,15005,,,0,30,,15006,,,0,70,,15008,,,0,30,,15007,,,0
2000090400,'Semaine-52',2220,,15010,,,0,30,,15009,,,0,70,,15011,,,0,30,,15012,,,0,70,,15013,,,0,30,,15014,,,0,70,,15016,,,0,30,,15015,,,0
2000090400,'Week-end-52',2220,,15018,,,0,30,,15017,,,0,70,,15019,,,0,30,,15020,,,0,70,,15021,,,0,30,,15022,,,0,70,,15024,,,0,30,,15023,,,0
2000090401,'Fête-1-05',2220,,15031,4,,0,30,,15027,4,,0,70,,15029,4,,0,30,,15028,4,,0,70,,15030,4,,0,30,,15032,4,,0,70,,15026,4,,0,30,,15025,4,,0,70,,15033,4,,0
2000090401,'Fête-2-04',2220,,15040,4,,0,30,,15036,4,,0,70,,15038,4,,0,30,,15037,4,,0,70,,15039,4,,0,30,,15041,4,,0,70,,15035,4,,0,30,,15034,4,,0,70,,15042,4,,0
2000090401,'Semaine-52',2220,,15049,4,,0,30,,15045,4,,0,70,,15047,4,,0,30,,15046,4,,0,70,,15048,4,,0,30,,15050,4,,0,70,,15044,4,,0,30,,15043,4,,0,70,,15051,4,,0
2000090401,'Week-end-52',2220,,15058,4,,0,30,,15054,4,,0,70,,15056,4,,0,30,,15055,4,,0,70,,15057,4,,0,30,,15059,4,,0,70,,15053,4,,0,30,,15052,4,,0,70,,15060,4,,0
