22001,'Fête-1-02',830,,21270,780,,,0,200,,21267,780,,,0,199,,21265,780,,,0,200,,21266,780,,,0,200,,21264,780,,,0,201,,21269,780,,,0,200,,21268,780,,,0
22001,'Semaine-02',538,,17323,450,0,6 7,0,70,,17324,450,0,6 7,0,27,,17325,780,,,0,70,,17326,780,,,0,31,,17327,780,,,0,71,,17328,780,,,0,31,,17329,780,,,0,69,,17330,780,,,0,99,,17331,780,,,0,100,,17332,780,,,0,100,,17333,780,,,0,100,,17334,780,,,0,100,,17335,780,,,0,101,,17336,780,,,0,100,,17337,780,,,0,102,,17338,780,,,0,30,,17339,780,,,0,70,,17340,780,,,0,30,,17341,780,,,0,68,,17342,780,,,0,27,,17343,780,,,0,70,,17344,780,,,0,100,,17345,780,,,0,99,,17346,780,,,0,100,,17347,780,,,0
22001,'Semaine-03',538,,21271,450,0,6 7,0,70,,21272,450,0,6 7,0,27,,21273,780,,,0,70,,21274,780,,,0,31,,21275,780,,,0,71,,21276,780,,,0,31,,21277,780,,,0,69,,21278,780,,,0,99,,21279,780,,,0,100,,21280,780,,,0,100,,21281,780,,,0,100,,21282,780,,,0,100,,21283,780,,,0,101,,21284,780,,,0,100,,21285,780,,,0,102,,21286,780,,,0,30,,21287,780,,,0,70,,21288,780,,,0,30,,21289,780,,,0,68,,21290,780,,,0,27,,21291,780,,,0,70,,21292,780,,,0,100,,21293,780,,,0,99,,21294,780,,,0,100,,21295,780,,,0
22001,'Week-end-01',830,,17356,780,,,0,200,,17353,780,,,0,199,,17351,780,,,0,200,,17352,780,,,0,200,,17350,780,,,0,201,,17355,780,,,0,200,,17354,780,,,0
22100,'Fête-1-02',930,,21297,780,,,0,200,,21301,780,,,0,200,,21302,780,,,0,200,,21303,780,,,0,200,,21298,780,,,0,200,,21300,780,,,0,200,,21299,780,,,0
22100,'Semaine-02',553,,17389,390,0,6 7,0,70,,17390,390,0,6 7,0,31,,17391,780,,,0,70,,17388,780,,,0,31,,17392,780,,,0,70,,17393,780,,,0,30,,17394,780,,,0,85,,17395,780,,,0,100,,17396,780,,,0,100,,17397,780,,,0,100,,17398,780,,,0,100,,17399,780,,,0,100,,17400,780,,,0,100,,17401,780,,,0,100,,17402,780,,,0,85,,17403,780,,,0,30,,17404,780,,,0,70,,17405,780,,,0,30,,17406,780,,,0,67,,17407,780,,,0,30,,17408,780,,,0,85,,17409,780,,,0,99,,17410,780,,,0,100,,17411,780,,,0
22100,'Semaine-03',553,,21305,390,0,6 7,0,70,,21306,390,0,6 7,0,31,,21307,780,,,0,70,,21304,780,,,0,31,,21308,780,,,0,70,,21309,780,,,0,30,,21310,780,,,0,85,,21311,780,,,0,100,,21312,780,,,0,100,,21313,780,,,0,100,,21314,780,,,0,100,,21315,780,,,0,100,,21316,780,,,0,100,,21317,780,,,0,100,,21318,780,,,0,85,,21319,780,,,0,30,,21320,780,,,0,70,,21321,780,,,0,30,,21322,780,,,0,67,,21323,780,,,0,30,,21324,780,,,0,85,,21325,780,,,0,99,,21326,780,,,0,100,,21327,780,,,0
22100,'Week-end-01',930,,17412,780,,,0,200,,17416,780,,,0,200,,17417,780,,,0,200,,17418,780,,,0,200,,17413,780,,,0,200,,17415,780,,,0,200,,17414,780,,,0
22201,'Fête-1-02',840,,21342,980,,,0,100,,21330,980,,,0,100,,21329,980,,,0,100,,21328,980,,,0,100,,21331,980,,,0,100,,21332,980,,,0,100,,21333,980,,,0,100,,21334,980,,,0,100,,21335,980,,,0,100,,21336,980,,,0,100,,21337,980,,,0,100,,21338,980,,,0,100,,21339,980,,,0,100,,21340,980,,,0
22201,'Semaine-02',607,,17475,490,0,6 7,0,23,,17472,980,,,0,80,,17455,980,,,0,30,,17473,980,,,0,82,,17456,980,,,0,80,,17457,980,,,0,108,,17458,980,,,0,100,,17459,980,,,0,100,,17460,980,,,0,100,,17461,980,,,0,100,,17462,980,,,0,100,,17463,980,,,0,100,,17464,980,,,0,102,,17465,980,,,0,40,,17474,980,,,0,75,,17466,980,,,0,80,,17467,980,,,0,103,,17468,980,,,0,100,,17469,980,,,0,100,,17470,980,,,0
22201,'Semaine-03',607,,21363,490,0,6 7,0,23,,21360,980,,,0,80,,21343,980,,,0,30,,21361,980,,,0,82,,21344,980,,,0,80,,21345,980,,,0,108,,21346,980,,,0,100,,21347,980,,,0,100,,21348,980,,,0,100,,21349,980,,,0,100,,21350,980,,,0,100,,21351,980,,,0,100,,21352,980,,,0,102,,21353,980,,,0,40,,21362,980,,,0,75,,21354,980,,,0,80,,21355,980,,,0,103,,21356,980,,,0,100,,21357,980,,,0,100,,21358,980,,,0
22201,'Week-end-01',840,,17490,980,,,0,100,,17478,980,,,0,100,,17477,980,,,0,100,,17476,980,,,0,100,,17479,980,,,0,100,,17480,980,,,0,100,,17481,980,,,0,100,,17482,980,,,0,100,,17483,980,,,0,100,,17484,980,,,0,100,,17485,980,,,0,100,,17486,980,,,0,100,,17487,980,,,0,100,,17488,980,,,0
22501,'Fête-1-02',933,,21364,630,,,0,204,,21365,630,,,0,201,,21366,630,,,0,200,,21367,630,,,0,197,,21368,630,,,0,197,,21369,630,,,0,198,,21370,630,,,0
22501,'Semaine-02',555,,17520,340,0,6 7,0,83,,17521,630,,,0,70,,17522,630,,,0,31,,17523,630,,,0,80,,17524,630,,,0,40,,17525,630,,,0,80,,17526,630,,,0,96,,17527,630,,,0,103,,17528,630,,,0,100,,17529,630,,,0,99,,17530,630,,,0,102,,17531,630,,,0,100,,17532,630,,,0,100,,17533,630,,,0,90,,17534,630,,,0,80,,17535,630,,,0,41,,17536,630,,,0,70,,17537,630,,,0,30,,17538,630,,,0,85,,17539,630,,,0,100,,17540,630,,,0,98,,17541,630,,,0
22501,'Semaine-03',555,,21371,340,0,6 7,0,83,,21372,630,,,0,70,,21373,630,,,0,31,,21374,630,,,0,80,,21375,630,,,0,40,,21376,630,,,0,80,,21377,630,,,0,96,,21378,630,,,0,103,,21379,630,,,0,100,,21380,630,,,0,99,,21381,630,,,0,102,,21382,630,,,0,100,,21383,630,,,0,100,,21384,630,,,0,90,,21385,630,,,0,80,,21386,630,,,0,41,,21387,630,,,0,70,,21388,630,,,0,30,,21389,630,,,0,85,,21390,630,,,0,100,,21391,630,,,0,98,,21392,630,,,0
22501,'Week-end-01',933,,17542,630,,,0,204,,17543,630,,,0,201,,17544,630,,,0,200,,17545,630,,,0,197,,17546,630,,,0,197,,17547,630,,,0,198,,17548,630,,,0
