25001,'Semaine-03',541,,16114,170,,,0,64,,16115,170,,,0,29,,16116,170,,,0,21,,16117,170,,,0,85,,16118,170,,,0,62,,16119,170,,,0,34,,16120,170,,,0,72,,16121,170,,,0,37,,16122,170,,,0,59,,16123,170,,,0,100,,16124,170,,,0,103,,16125,170,,,0,100,,16126,170,,,0,102,,16127,170,,,0,115,,16128,170,,,0,24,,16129,170,,,0,75,,16130,170,,,0,26,,16131,170,,,0,70,,16132,170,,,0,28,,16133,170,,,0,82,,16134,170,,,0,88,,16135,170,,,0,107,,16136,170,,,0,94,,16137,170,,,0,101,,16138,170,,,0
25001,'Semaine-53',541,,13032,170,,,0,64,,13033,170,,,0,29,,13034,170,,,0,21,,13035,170,,,0,85,,13036,170,,,0,62,,13037,170,,,0,34,,13038,170,,,0,72,,13039,170,,,0,37,,13040,170,,,0,59,,13041,170,,,0,100,,13042,170,,,0,103,,13043,170,,,0,100,,13044,170,,,0,102,,13045,170,,,0,115,,13046,170,,,0,24,,13047,170,,,0,75,,13048,170,,,0,26,,13049,170,,,0,70,,13050,170,,,0,28,,13051,170,,,0,82,,13052,170,,,0,88,,13053,170,,,0,107,,13054,170,,,0,94,,13055,170,,,0,101,,13056,170,,,0
25001,'Week-end-03',716,,16157,170,,,0,99,,16141,170,,,0,30,,16144,170,,,0,99,,16151,170,,,0,70,,16152,170,,,0,101,,16143,170,,,0,30,,16146,170,,,0,100,,16154,170,,,0,70,,16155,170,,,0,100,,16142,170,,,0,29,,16153,170,,,0,100,,16145,170,,,0,71,,16150,170,,,0,101,,16156,170,,,0,30,,16147,170,,,0,100,,16148,170,,,0,70,,16140,170,,,0,101,,16149,170,,,0,30,,16158,170,,,0,101,,16139,170,,,0,70,,16159,170,,,0
25001,'Week-end-53',716,,13075,170,,,0,99,,13059,170,,,0,30,,13062,170,,,0,99,,13069,170,,,0,70,,13070,170,,,0,101,,13061,170,,,0,30,,13064,170,,,0,100,,13072,170,,,0,70,,13073,170,,,0,100,,13060,170,,,0,29,,13071,170,,,0,100,,13063,170,,,0,71,,13068,170,,,0,101,,13074,170,,,0,30,,13065,170,,,0,100,,13066,170,,,0,70,,13058,170,,,0,101,,13067,170,,,0,30,,13076,170,,,0,101,,13057,170,,,0,70,,13077,170,,,0
31700,'Semaine-03',653,,16711,130,0,11 23,0,70,,16712,130,0,11 23,0,110,,16713,130,0,11 23,0,290,,16714,130,0,11 23,0,300,,16715,130,0,11 23,0
31700,'Semaine-53',653,,13842,130,0,11 23,0,70,,13843,130,0,11 23,0,110,,13844,130,0,11 23,0,290,,13845,130,0,11 23,0,300,,13846,130,0,11 23,0
31701,'Semaine-03',1234,,16718,140,,,0,270,,16723,140,,,0,100,,16719,140,,,0,130,,16720,140,,,0,100,,16721,140,,,0,475,,16722,140,,,0
31701,'Semaine-53',1234,,13850,140,,,0,270,,13855,140,,,0,100,,13851,140,,,0,130,,13852,140,,,0,100,,13853,140,,,0,475,,13854,140,,,0
51401,'Semaine-03',531,,16742,170,,,0,95,,16743,170,,,0,74,,16744,170,,,0
51401,'Semaine-53',531,,14194,170,,,0,95,,14195,170,,,0,74,,14196,170,,,0
