22001,'Fête-1-01',749,,17296,20,,,0,200,,17293,20,,,0,200,,17291,20,,,0,200,,17292,20,,,0,200,,17290,20,,,0,200,,17295,20,,,0,200,,17294,20,,,0,200,,17289,20,0,8 20 1 21,0
22001,'Semaine-01',549,,17299,20,,,0,70,,17300,20,,,0,30,,17301,20,,,0,70,,17302,20,,,0,30,,17303,20,,,0,70,,17304,20,,,0,100,,17305,20,,,0,100,,17306,20,,,0,100,,17307,20,,,0,100,,17308,20,,,0,100,,17309,20,,,0,100,,17310,20,,,0,100,,17311,20,,,0,100,,17312,20,,,0,30,,17313,20,,,0,70,,17314,20,,,0,30,,17315,20,,,0,70,,17316,20,,,0,30,,17317,20,,,0,70,,17318,20,,,0,100,,17319,20,,,0,100,,17320,20,,,0,100,,17321,20,,,0,100,,17322,20,0,8 20 1 21,0
22001,'Semaine-02',549,,17325,20,,,0,70,,17326,20,,,0,30,,17327,20,,,0,70,,17328,20,,,0,30,,17329,20,,,0,70,,17330,20,,,0,100,,17331,20,,,0,100,,17332,20,,,0,100,,17333,20,,,0,100,,17334,20,,,0,100,,17335,20,,,0,100,,17336,20,,,0,100,,17337,20,,,0,100,,17338,20,,,0,30,,17339,20,,,0,70,,17340,20,,,0,30,,17341,20,,,0,70,,17342,20,,,0,30,,17343,20,,,0,70,,17344,20,,,0,100,,17345,20,,,0,100,,17346,20,,,0,100,,17347,20,,,0,100,,17348,20,0,8 20 1 21,0
22001,'Week-end-01',749,,17356,20,,,0,200,,17353,20,,,0,200,,17351,20,,,0,200,,17352,20,,,0,200,,17350,20,,,0,200,,17355,20,,,0,200,,17354,20,,,0,200,,17349,20,0,8 20 1 21,0
22100,'Fête-1-01',849,,17357,20,,,0,200,,17361,20,,,0,200,,17362,20,,,0,200,,17363,20,,,0,200,,17358,20,,,0,200,,17360,20,,,0,200,,17359,20,,,0
22100,'Semaine-01',604,,17367,20,,,0,30,,17364,20,,,0,70,,17368,20,,,0,30,,17369,20,,,0,70,,17370,20,,,0,45,,17371,20,,,0,100,,17372,20,,,0,100,,17373,20,,,0,100,,17374,20,,,0,100,,17375,20,,,0,100,,17376,20,,,0,100,,17377,20,,,0,100,,17378,20,,,0,85,,17379,20,,,0,70,,17380,20,,,0,30,,17381,20,,,0,70,,17382,20,,,0,30,,17383,20,,,0,70,,17384,20,,,0,45,,17385,20,,,0,100,,17386,20,,,0,100,,17387,20,,,0
22100,'Semaine-02',604,,17391,20,,,0,30,,17388,20,,,0,70,,17392,20,,,0,30,,17393,20,,,0,70,,17394,20,,,0,45,,17395,20,,,0,100,,17396,20,,,0,100,,17397,20,,,0,100,,17398,20,,,0,100,,17399,20,,,0,100,,17400,20,,,0,100,,17401,20,,,0,100,,17402,20,,,0,85,,17403,20,,,0,70,,17404,20,,,0,30,,17405,20,,,0,70,,17406,20,,,0,30,,17407,20,,,0,70,,17408,20,,,0,45,,17409,20,,,0,100,,17410,20,,,0,100,,17411,20,,,0
22100,'Week-end-01',849,,17412,20,,,0,200,,17416,20,,,0,200,,17417,20,,,0,200,,17418,20,,,0,200,,17413,20,,,0,200,,17415,20,,,0,200,,17414,20,,,0
22201,'Fête-1-01',745,,17433,20,,,0,100,,17421,20,,,0,100,,17420,20,,,0,100,,17419,20,,,0,100,,17422,20,,,0,100,,17423,20,,,0,100,,17424,20,,,0,100,,17425,20,,,0,100,,17426,20,,,0,100,,17427,20,,,0,100,,17428,20,,,0,100,,17429,20,,,0,100,,17430,20,,,0,100,,17431,20,,,0,99,,17432,20,0,8 6 22,0
22201,'Semaine-01',534,,17451,20,,,0,80,,17434,20,,,0,30,,17452,20,,,0,80,,17435,20,,,0,80,,17436,20,,,0,110,,17437,20,,,0,100,,17438,20,,,0,100,,17439,20,,,0,100,,17440,20,,,0,100,,17441,20,,,0,100,,17442,20,,,0,100,,17443,20,,,0,100,,17444,20,,,0,40,,17453,20,,,0,75,,17445,20,,,0,80,,17446,20,,,0,105,,17447,20,,,0,100,,17448,20,,,0,100,,17449,20,,,0,100,,17450,20,0,8 6 22,0
22201,'Semaine-02',534,,17472,20,,,0,80,,17455,20,,,0,30,,17473,20,,,0,80,,17456,20,,,0,80,,17457,20,,,0,110,,17458,20,,,0,100,,17459,20,,,0,100,,17460,20,,,0,100,,17461,20,,,0,100,,17462,20,,,0,100,,17463,20,,,0,100,,17464,20,,,0,100,,17465,20,,,0,40,,17474,20,,,0,75,,17466,20,,,0,80,,17467,20,,,0,105,,17468,20,,,0,100,,17469,20,,,0,100,,17470,20,,,0,100,,17471,20,0,8 6 22,0
22201,'Week-end-01',745,,17490,20,,,0,100,,17478,20,,,0,100,,17477,20,,,0,100,,17476,20,,,0,100,,17479,20,,,0,100,,17480,20,,,0,100,,17481,20,,,0,100,,17482,20,,,0,100,,17483,20,,,0,100,,17484,20,,,0,100,,17485,20,,,0,100,,17486,20,,,0,100,,17487,20,,,0,100,,17488,20,,,0,99,,17489,20,0,8 6 22,0
22600,'Fête-1-01',749,,17555,20,,,0,200,,17549,20,,,0,200,,17550,20,,,0,200,,17551,20,,,0,200,,17552,20,,,0,200,,17556,20,0,6 7,0,200,,17553,20,,,0,200,,17554,20,0,8 33 1 34,0
22600,'Semaine-01',604,,17557,20,,,0,30,,17558,20,,,0,75,,17559,20,,,0,40,,17560,20,,,0,80,,17561,20,,,0,90,,17562,20,,,0,100,,17563,20,,,0,100,,17564,20,,,0,100,,17565,20,,,0,100,,17566,20,,,0,100,,17567,20,,,0,100,,17568,20,,,0,100,,17569,20,,,0,40,,17570,20,,,0,80,,17571,20,,,0,80,,17572,20,,,0,30,,17573,20,,,0,70,,17574,20,,,0,100,,17575,20,,,0,100,,17576,20,,,0,100,,17577,20,,,0,100,,17578,20,,,0
22600,'Semaine-02',604,,17581,20,,,0,30,,17582,20,,,0,75,,17583,20,,,0,40,,17584,20,,,0,80,,17585,20,,,0,90,,17586,20,,,0,100,,17587,20,,,0,100,,17588,20,,,0,100,,17589,20,,,0,100,,17590,20,,,0,100,,17591,20,,,0,100,,17592,20,,,0,100,,17593,20,,,0,40,,17594,20,,,0,80,,17595,20,,,0,80,,17596,20,,,0,30,,17597,20,,,0,70,,17598,20,,,0,100,,17599,20,,,0,100,,17600,20,,,0,100,,17601,20,,,0,100,,17602,20,,,0
22600,'Week-end-01',749,,17611,20,,,0,200,,17605,20,,,0,200,,17606,20,,,0,200,,17607,20,,,0,200,,17608,20,,,0,200,,17612,20,,,0,200,,17609,20,,,0,200,,17610,20,0,8 33 1 34,0
60401,'Semaine-01',624,,20488,20,,,0,30,,20487,20,,,0,972,,20483,20,,,0,89,,20485,20,,,0,39,,20484,20,,,0,99,,20486,20,,,0
60401,'Semaine-02',624,,20494,20,,,0,30,,20493,20,,,0,972,,20489,20,,,0,89,,20491,20,,,0,39,,20490,20,,,0,99,,20492,20,,,0
