24001,'LA-H26-LA_GTFS-Fête-2-02',611,,2191,,,0,25,,2192,,,0,75,,2193,,,0,18,,2194,,,0,102,,2195,,,0,108,,2196,,,0,99,,2197,,,0,100,,2198,,,0,100,,2199,,,0,100,,2200,,,0,100,,2201,,,0,107,,2202,,,0,113,,2203,,,0,98,,2204,,,0,68,,2205,,,0,31,,2206,,,0,72,,2207,,,0,97,,2208,,,0,30,,2209,,,0,99,,2210,,,0,97,,2211,,,0,97,,2212,,,0
24001,'LA-H26-LA_GTFS-Semaine-01',612,,2213,,,0,24,,2214,,,0,75,,2215,,,0,23,,2216,,,0,77,,2217,,,0,26,,2218,,,0,73,,2219,,,0,29,,2220,,,0,99,,2221,,,0,100,,2222,,,0,100,,2223,,,0,100,,2224,,,0,100,,2225,,,0,87,,2227,,,0,20,,2226,,,0,80,,2228,,,0,33,,2229,,,0,68,,2230,,,0,30,,2231,,,0,68,,2232,,,0,31,,2233,,,0,73,,2234,,,0,26,,2235,,,0,71,,2236,,,0,29,,2237,,,0,99,,2238,,,0,97,,2239,,,0,97,,2240,,,0
24001,'LA-H26-LA_GTFS-Semaine-50',612,,2241,,,0,24,,2242,,,0,75,,2243,,,0,23,,2244,,,0,77,,2245,,,0,26,,2246,,,0,73,,2247,,,0,29,,2248,,,0,99,,2249,,,0,100,,2250,,,0,100,,2251,,,0,100,,2252,,,0,100,,2253,,,0,87,,2255,,,0,20,,2254,,,0,80,,2256,,,0,33,,2257,,,0,68,,2258,,,0,30,,2259,,,0,68,,2260,,,0,31,,2261,,,0,73,,2262,,,0,26,,2263,,,0,71,,2264,,,0,29,,2265,,,0,99,,2266,,,0,97,,2267,,,0,97,,2268,,,0
60000,'LA-H26-LA_GTFS-Fête-1-01',723,,5813,,,0,100,,5812,,,0,100,,5811,,,0,100,,5810,,,0,100,,5809,,,0,100,,5808,,,0,100,,5807,,,0,100,,5806,,,0,100,,5805,,,0,100,,5804,,,0,100,,5803,,,0,100,,5802,,,0,100,,5801,,,0,100,,5800,,,0,100,,5799,,,0,100,,5797,,,0,88,,5798,,,0
60000,'LA-H26-LA_GTFS-Fête-1-02',723,,5830,,,0,100,,5829,,,0,100,,5828,,,0,100,,5827,,,0,100,,5826,,,0,100,,5825,,,0,100,,5824,,,0,100,,5823,,,0,100,,5822,,,0,100,,5821,,,0,100,,5820,,,0,100,,5819,,,0,100,,5818,,,0,100,,5817,,,0,100,,5816,,,0,100,,5814,,,0,88,,5815,,,0
60000,'LA-H26-LA_GTFS-Fête-2-02',604,,5836,,,0,49,,5838,,,0,74,,5840,,,0,30,,5842,,,0,70,,5844,,,0,30,,5846,,,0,70,,5847,,,0,96,,5848,,,0,100,,5849,,,0,100,,5850,,,0,100,,5851,,,0,100,,5852,,,0,100,,5853,,,0,101,,5835,,,0,30,,5834,,,0,70,,5833,,,0,30,,5831,,,0,70,,5832,,,0,99,,5845,,,0,100,,5843,,,0,100,,5841,,,0,96,,5839,,,0,104,,5837,,,0
60000,'LA-H26-LA_GTFS-Semaine-01',604,,5860,,,0,19,,5861,,,0,30,,5863,,,0,74,,5865,,,0,30,,5867,,,0,70,,5869,,,0,30,,5871,,,0,70,,5872,,,0,96,,5873,,,0,100,,5874,,,0,100,,5875,,,0,30,,5876,,,0,70,,5877,,,0,30,,5878,,,0,100,,5879,,,0,70,,5880,,,0,30,,5859,,,0,71,,5858,,,0,30,,5857,,,0,70,,5856,,,0,30,,5854,,,0,70,,5855,,,0,99,,5870,,,0,100,,5868,,,0,100,,5866,,,0,96,,5864,,,0,104,,5862,,,0
60000,'LA-H26-LA_GTFS-Semaine-50',604,,5887,,,0,19,,5888,,,0,30,,5890,,,0,74,,5892,,,0,30,,5894,,,0,70,,5896,,,0,30,,5898,,,0,70,,5899,,,0,96,,5900,,,0,100,,5901,,,0,100,,5902,,,0,30,,5903,,,0,70,,5904,,,0,30,,5905,,,0,100,,5906,,,0,70,,5907,,,0,30,,5886,,,0,71,,5885,,,0,30,,5884,,,0,70,,5883,,,0,30,,5881,,,0,70,,5882,,,0,99,,5897,,,0,100,,5895,,,0,100,,5893,,,0,96,,5891,,,0,104,,5889,,,0
60000,'LA-H26-LA_GTFS-Week-end-01',723,,5924,,,0,100,,5923,,,0,100,,5922,,,0,100,,5921,,,0,100,,5920,,,0,100,,5919,,,0,100,,5918,,,0,100,,5917,,,0,100,,5916,,,0,100,,5915,,,0,100,,5914,,,0,100,,5913,,,0,100,,5912,,,0,100,,5911,,,0,100,,5910,,,0,100,,5908,,,0,88,,5909,,,0
60000,'LA-H26-LA_GTFS-Week-end-50',723,,5941,,,0,100,,5940,,,0,100,,5939,,,0,100,,5938,,,0,100,,5937,,,0,100,,5936,,,0,100,,5935,,,0,100,,5934,,,0,100,,5933,,,0,100,,5932,,,0,100,,5931,,,0,100,,5930,,,0,100,,5929,,,0,100,,5928,,,0,100,,5927,,,0,100,,5925,,,0,88,,5926,,,0
70701,'LA-H26-LA_GTFS-Fête-2-02',539,,6427,0,31 26,0,71,,6424,0,31 26,0,38,,6425,0,25 26,0,3,,6426,0,31 26,0,70,,6429,0,25 26,0,83,,6428,0,25 26,0
70701,'LA-H26-LA_GTFS-Semaine-01',525,,6433,0,31 26,0,79,,6430,0,31 26,0,26,,6431,0,25 26,0,21,,6432,0,31 26,0,70,,6435,0,25 26,0,83,,6434,0,25 26,0
70701,'LA-H26-LA_GTFS-Semaine-50',525,,6439,0,31 26,0,79,,6436,0,31 26,0,26,,6437,0,25 26,0,21,,6438,0,31 26,0,70,,6441,0,25 26,0,83,,6440,0,25 26,0
