23300,'Semaine-03',602,,15541,20,,,0,98,,15542,20,,,0,105,,15553,20,,,0,100,,15554,20,,,0,130,,15543,20,,,0,200,,15544,20,,,0,200,,15545,20,,,0,75,,15546,20,,,0,100,,15547,20,,,0,105,,15548,20,,,0,100,,15552,20,,,0,105,,15549,20,,,0,115,,15550,20,,,0,207,,15551,20,0,8 41 1 42 43 44,0
23300,'Week-end-03',835,,15559,20,,,0,200,,15561,20,,,0,200,,15557,20,,,0,200,,15562,20,,,0,200,,15560,20,,,0,200,,15558,20,,,0,200,,15555,20,,,0,200,,15556,20,0,8 41 1 42 43 44,0
23400,'Semaine-03',630,,15563,20,,,0,101,,15576,20,,,0,99,,15564,20,,,0,105,,15565,20,,,0,200,,15566,20,,,0,200,,15567,20,,,0,200,,15568,20,,,0,107,,15569,20,,,0,103,,15570,20,,,0,95,,15575,20,,,0,97,,15571,20,,,0,198,,15572,20,,,0
23400,'Week-end-03',935,,15582,20,,,0,200,,15580,20,,,0,200,,15577,20,,,0,200,,15579,20,,,0,200,,15578,20,,,0,200,,15583,20,,,0,200,,15581,20,,,0
23701,'Semaine-03',556,,15714,20,,,0,73,,15695,20,,,0,73,,15715,20,,,0,33,,15709,20,,,0,24,,15710,20,,,0,73,,15696,20,,,0,100,,15712,20,,,0,98,,15711,20,,,0,100,,15697,20,,,0,100,,15698,20,,,0,100,,15699,20,,,0,100,,15700,20,,,0,105,,15701,20,,,0,100,,15702,20,,,0,73,,15706,20,,,0,33,,15703,20,,,0,109,,15707,20,,,0,150,,15704,20,,,0,100,,15708,20,,,0,100,,15705,20,,,0
23701,'Week-end-03',904,,15728,20,,,0,98,,15719,20,,,0,100,,15725,20,,,0,100,,15727,20,,,0,100,,15716,20,,,0,100,,15718,20,,,0,100,,15717,20,,,0,100,,15724,20,,,0,100,,15720,20,,,0,100,,15722,20,,,0,100,,15723,20,,,0,101,,15726,20,,,0,100,,15721,20,,,0,100,,15729,20,,,0
23900,'Semaine-03',617,,15771,20,,,0,18,,15772,20,,,0,71,,15773,20,,,0,29,,15774,20,,,0,73,,15788,20,,,0,27,,15785,20,,,0,100,,15775,20,,,0,100,,15776,20,,,0,100,,15777,20,,,0,100,,15778,20,,,0,100,,15779,20,,,0,100,,15780,20,,,0,100,,15781,20,,,0,75,,15782,20,,,0,25,,15793,20,,,0,81,,15794,20,,,0,23,,15789,20,,,0,81,,15786,20,,,0,22,,15783,20,,,0,93,,15795,20,,,0,100,,15792,20,,,0,100,,15791,20,,,0,107,,15790,20,0,8 35 1 36,0
23900,'Week-end-03',835,,15796,20,,,0,100,,15804,20,,,0,100,,15805,20,,,0,100,,15806,20,,,0,100,,15807,20,,,0,100,,15808,20,,,0,100,,15809,20,,,0,100,,15802,20,,,0,100,,15798,20,,,0,100,,15797,20,,,0,100,,15799,20,,,0,100,,15800,20,,,0,100,,15801,20,,,0,100,,15803,20,,,0,100,,15810,20,0,8 35 1 36,0
70901,'Semaine-03',420,,17177,20,,,0,30,,17226,20,,,0,60,,17174,20,,,0,10,,17173,20,,,0,10,,17175,20,,,0,10,,17176,20,,,0,10,,17178,20,,,0,50,,17179,20,,,0,10,,17180,20,,,0,10,,17181,20,,,0,15,,17182,20,,,0,10,,17183,20,,,0,10,,17184,20,,,0,50,,17185,20,,,0,10,,17186,20,,,0,10,,17187,20,,,0,10,,17188,20,,,0,10,,17189,20,,,0,10,,17190,20,,,0,50,,17191,20,,,0,15,,17192,20,,,0,15,,17194,20,,,0,15,,17233,20,,,0,55,,17193,20,,,0,30,,17195,20,,,0,15,,17196,20,,,0,970,,17217,20,,,0,30,,17218,20,,,0,55,,17219,20,,,0,30,,17220,20,,,0,70,,17221,20,,,0,30,,17222,20,,,0,85,,17223,20,,,0,100,,17224,20,,,0,108,,17225,20,,,0
70901,'Week-end-03',551,,17238,20,,,0,70,,17239,20,,,0,29,,17240,20,,,0,70,,17241,20,,,0,30,,17242,20,,,0,55,,17243,20,,,0,30,,17244,20,,,0,70,,17245,20,,,0,30,,17246,20,,,0,70,,17247,20,,,0,30,,17248,20,,,0,70,,17249,20,,,0,30,,17250,20,,,0,70,,17251,20,,,0,30,,17252,20,,,0,70,,17253,20,,,0,30,,17254,20,,,0,70,,17255,20,,,0,30,,17256,20,,,0,70,,17257,20,,,0,30,,17258,20,,,0,70,,17259,20,,,0,30,,17260,20,,,0,70,,17261,20,,,0,30,,17262,20,,,0,70,,17263,20,,,0,31,,17264,20,,,0,70,,17265,20,,,0,30,,17266,20,,,0,71,,17267,20,,,0,30,,17268,20,,,0,70,,17269,20,,,0,30,,17270,20,,,0,71,,17271,20,,,0,30,,17272,20,,,0,70,,17273,20,,,0,111,,17274,20,,,0
