'LA-H26-LA_GTFS-Fête-1-01',24900,80500,0,'Lorraine<>Bois-Des-Filion',0,13000,0,'Lorraine<>Bois-Des-Filion',0,17000,0,'Lorraine<>Bois-Des-Filion',0,13000,0,'Lorraine<>Bois-Des-Filion',0,17000,0,'Lorraine<>Bois-Des-Filion',0,13000,0,'Lorraine<>Bois-Des-Filion',0,17000,0,'Lorraine<>Bois-Des-Filion',0,13000,0,'Lorraine<>Bois-Des-Filion',0,17000,0,'Lorraine<>Bois-Des-Filion',0,13000,0,'Lorraine<>Bois-Des-Filion',0,17000,0,'Lorraine<>Bois-Des-Filion',0
'LA-H26-LA_GTFS-Fête-1-01',24901,80000,4,'',0,13000,4,'',0,17000,4,'',0,13000,4,'',0,17000,4,'',0,13000,4,'',0,17000,4,'',0,13000,4,'',0,17000,4,'',0,13000,4,'',0,17000,4,'',0
'LA-H26-LA_GTFS-Fête-1-02',24900,80500,0,'Lorraine<>Bois-Des-Filion',0,13000,0,'Lorraine<>Bois-Des-Filion',0,17000,0,'Lorraine<>Bois-Des-Filion',0,13000,0,'Lorraine<>Bois-Des-Filion',0,17000,0,'Lorraine<>Bois-Des-Filion',0,13000,0,'Lorraine<>Bois-Des-Filion',0,17000,0,'Lorraine<>Bois-Des-Filion',0,13000,0,'Lorraine<>Bois-Des-Filion',0,17000,0,'Lorraine<>Bois-Des-Filion',0,13000,0,'Lorraine<>Bois-Des-Filion',0,17000,0,'Lorraine<>Bois-Des-Filion',0
'LA-H26-LA_GTFS-Fête-1-02',24901,80000,4,'',0,13000,4,'',0,17000,4,'',0,13000,4,'',0,17000,4,'',0,13000,4,'',0,17000,4,'',0,13000,4,'',0,17000,4,'',0,13000,4,'',0,17000,4,'',0
'LA-H26-LA_GTFS-Fête-2-02',24900,63200,,'',0,6800,,'',0,3300,,'',0,9800,,'',0,17400,,'',0,10000,,'',0,10000,,'',0,10000,,'',0,10000,,'',0,10500,,'',0,3500,,'',0,7300,,'',0,9300,,'',0,3200,,'',0,7600,,'',0,9100,,'',0,10000,,'',0,10000,,'',0,10000,,'',0,10000,,'',0
'LA-H26-LA_GTFS-Fête-2-02',24901,62700,4,'',0,2300,4,'',0,7800,4,'',0,9800,4,'',0,2400,4,'',0,10000,4,'',0,9500,4,'',0,10000,4,'',0,10000,4,'',0,10000,4,'',0,10000,4,'',0,16100,4,'',0,9400,4,'',0,3500,4,'',0,7600,4,'',0,9100,4,'',0,9800,4,'',0,10200,4,'',0,10300,4,'',0,9700,4,'',0
'LA-H26-LA_GTFS-Semaine-01',24900,63200,,'',0,6800,,'',0,3300,,'',0,9800,,'',0,6900,,'',0,10500,,'',0,10000,,'',0,10000,,'',0,10000,,'',0,10000,,'',0,10500,,'',0,3500,,'',0,7300,,'',0,9300,,'',0,3200,,'',0,7600,,'',0,9100,,'',0,10000,,'',0,10000,,'',0,10000,,'',0,10000,,'',0
'LA-H26-LA_GTFS-Semaine-01',24901,62700,4,'',0,2300,4,'',0,7800,4,'',0,9800,4,'',0,2400,4,'',0,10000,4,'',0,9500,4,'',0,10000,4,'',0,10000,4,'',0,10000,4,'',0,10000,4,'',0,9500,4,'',0,6600,4,'',0,9400,4,'',0,3500,4,'',0,7600,4,'',0,9100,4,'',0,9800,4,'',0,10200,4,'',0,10300,4,'',0,9700,4,'',0
'LA-H26-LA_GTFS-Semaine-50',24900,63200,,'',0,6800,,'',0,3300,,'',0,9800,,'',0,6900,,'',0,10500,,'',0,10000,,'',0,10000,,'',0,10000,,'',0,10000,,'',0,10500,,'',0,3500,,'',0,7300,,'',0,9300,,'',0,3200,,'',0,7600,,'',0,9100,,'',0,10000,,'',0,10000,,'',0,10000,,'',0,10000,,'',0
'LA-H26-LA_GTFS-Semaine-50',24901,62700,4,'',0,2300,4,'',0,7800,4,'',0,9800,4,'',0,2400,4,'',0,10000,4,'',0,9500,4,'',0,10000,4,'',0,10000,4,'',0,10000,4,'',0,10000,4,'',0,9500,4,'',0,6600,4,'',0,9400,4,'',0,3500,4,'',0,7600,4,'',0,9100,4,'',0,9800,4,'',0,10200,4,'',0,10300,4,'',0,9700,4,'',0
'LA-H26-LA_GTFS-Week-end-01',24900,80500,0,'Lorraine<>Bois-Des-Filion',0,13000,0,'Lorraine<>Bois-Des-Filion',0,17000,0,'Lorraine<>Bois-Des-Filion',0,13000,0,'Lorraine<>Bois-Des-Filion',0,17000,0,'Lorraine<>Bois-Des-Filion',0,13000,0,'Lorraine<>Bois-Des-Filion',0,17000,0,'Lorraine<>Bois-Des-Filion',0,13000,0,'Lorraine<>Bois-Des-Filion',0,17000,0,'Lorraine<>Bois-Des-Filion',0,13000,0,'Lorraine<>Bois-Des-Filion',0,17000,0,'Lorraine<>Bois-Des-Filion',0
'LA-H26-LA_GTFS-Week-end-01',24901,80000,4,'',0,13000,4,'',0,17000,4,'',0,13000,4,'',0,17000,4,'',0,13000,4,'',0,17000,4,'',0,13000,4,'',0,17000,4,'',0,13000,4,'',0,17000,4,'',0
'LA-H26-LA_GTFS-Week-end-50',24900,80500,0,'Lorraine<>Bois-Des-Filion',0,13000,0,'Lorraine<>Bois-Des-Filion',0,17000,0,'Lorraine<>Bois-Des-Filion',0,13000,0,'Lorraine<>Bois-Des-Filion',0,17000,0,'Lorraine<>Bois-Des-Filion',0,13000,0,'Lorraine<>Bois-Des-Filion',0,17000,0,'Lorraine<>Bois-Des-Filion',0,13000,0,'Lorraine<>Bois-Des-Filion',0,17000,0,'Lorraine<>Bois-Des-Filion',0,13000,0,'Lorraine<>Bois-Des-Filion',0,17000,0,'Lorraine<>Bois-Des-Filion',0
'LA-H26-LA_GTFS-Week-end-50',24901,80000,4,'',0,13000,4,'',0,17000,4,'',0,13000,4,'',0,17000,4,'',0,13000,4,'',0,17000,4,'',0,13000,4,'',0,17000,4,'',0,13000,4,'',0,17000,4,'',0
