23001,'Semaine-03',606,,15433,20,,,0,31,,15426,20,,,0,70,,15427,20,,,0,30,,15428,20,,,0,70,,15429,20,,,0,29,,15430,20,,,0,70,,15431,20,,,0,100,,15432,20,,,0,100,,15442,20,,,0,100,,15443,20,,,0,100,,15444,20,,,0,100,,15445,20,,,0,100,,15446,20,,,0,101,,15448,20,,,0,30,,15438,20,,,0,70,,15439,20,,,0,30,,15440,20,,,0,70,,15441,20,,,0,29,,15437,20,,,0,70,,15447,20,,,0,30,,15436,20,,,0,100,,15435,20,,,0,100,,15434,20,,,0,100,,15425,20,,,0
23001,'Week-end-03',806,,15450,20,,,0,100,,15462,20,,,0,100,,15451,20,,,0,100,,15456,20,,,0,100,,15463,20,,,0,100,,15457,20,,,0,100,,15458,20,,,0,100,,15459,20,,,0,100,,15461,20,,,0,100,,15454,20,,,0,100,,15455,20,,,0,100,,15460,20,,,0,100,,15453,20,,,0,100,,15452,20,,,0,100,,15449,20,,,0
23200,'Semaine-03',631,,15502,250,,,0,70,,15503,250,,,0,30,,15504,250,,,0,70,,15505,250,,,0,30,,15506,250,,,0,69,,15507,250,,,0,100,,15508,250,,,0,100,,15509,250,,,0,100,,15510,250,,,0,100,,15511,250,,,0,100,,15512,250,,,0,100,,15513,250,,,0,106,,15514,250,,,0,35,,15515,250,,,0,73,,15516,250,,,0,27,,15517,250,,,0,67,,15518,250,,,0,27,,15519,250,,,0,71,,15520,250,,,0,94,,15521,250,,,0,100,,15522,250,,,0,100,,15523,250,,,0
23200,'Week-end-03',927,,15534,250,,,0,102,,15529,250,,,0,100,,15535,250,,,0,102,,15528,250,,,0,100,,15536,250,,,0,101,,15527,250,,,0,100,,15537,250,,,0,98,,15532,250,,,0,99,,15538,250,,,0,99,,15531,250,,,0,100,,15539,250,,,0,100,,15526,250,,,0,100,,15540,250,,,0,100,,15533,250,,,0
23300,'Semaine-03',642,,15541,540,,,0,101,,15542,540,,,0,105,,15553,540,,,0,97,,15554,540,,,0,170,,15543,540,,,0,200,,15544,540,,,0,200,,15545,540,,,0,35,,15546,540,,,0,103,,15547,540,,,0,105,,15548,540,,,0,100,,15552,540,,,0,142,,15549,540,,,0,115,,15550,540,,,0
23300,'Week-end-03',912,,15559,540,,,0,200,,15561,540,,,0,200,,15557,540,,,0,203,,15562,540,,,0,200,,15560,540,,,0,197,,15558,540,,,0,199,,15555,540,,,0
23400,'Semaine-03',544,,15574,320,,,0,66,,15573,320,,,0,100,,15563,550,,,0,104,,15576,550,,,0,99,,15564,550,,,0,102,,15565,550,,,0,200,,15566,550,,,0,200,,15567,550,,,0,203,,15568,550,,,0,107,,15569,550,,,0,103,,15570,550,,,0,92,,15575,550,,,0,97,,15571,550,,,0,198,,15572,550,,,0
23400,'Week-end-03',816,,15584,320,,,0,196,,15582,550,,,0,200,,15580,550,,,0,203,,15577,550,,,0,202,,15579,550,,,0,195,,15578,550,,,0,200,,15583,550,,,0,200,,15581,550,,,0
23501,'Semaine-03',537,,15623,20,,,0,100,,15625,20,,,0,64,,15624,20,,,0,35,,15627,20,,,0,70,,15626,20,,,0,100,,15628,20,,,0,100,,15629,20,,,0,100,,15630,20,,,0,100,,15631,20,,,0,100,,15632,20,,,0,100,,15633,20,,,0,100,,15634,20,,,0,30,,15636,20,,,0,70,,15635,20,,,0,30,,15638,20,,,0,70,,15637,20,,,0,30,,15640,20,,,0,70,,15639,20,,,0,100,,15641,20,,,0,100,,15642,20,,,0,100,,15643,20,,,0,100,,15644,20,,,0
23501,'Week-end-03',806,,15651,20,,,0,100,,15655,20,,,0,100,,15648,20,,,0,100,,15649,20,,,0,101,,15645,20,,,0,100,,15647,20,,,0,100,,15646,20,,,0,100,,15650,20,,,0,100,,15653,20,,,0,100,,15658,20,,,0,100,,15659,20,,,0,99,,15652,20,,,0,100,,15654,20,,,0,100,,15656,20,,,0,100,,15657,20,,,0
