31700,'Fête-1-01',1530,,5174,,,0
31700,'Fête-1-02',1530,,5175,,,0
31700,'Fête-2-02',1530,,5181,,,0
31700,'Semaine-01-1010100',1530,,5187,,,0
31700,'Semaine-50-1010100',1530,,5193,,,0
31700,'Week-end-01',1530,,5194,,,0
31700,'Week-end-50',1530,,5195,,,0
31701,'Fête-1-01',1313,,5196,4,,0
31701,'Fête-1-02',1313,,5197,4,,0
31701,'Fête-2-02',1253,,5204,4,,0
31701,'Semaine-01-1010100',1253,,5211,4,,0
31701,'Semaine-50-1010100',1253,,5218,4,,0
31701,'Week-end-01',1313,,5219,4,,0
31701,'Week-end-50',1313,,5220,4,,0
