40501,'Semaine-01',1610,,5519,,,0,130,,5520,,,0
40501,'Semaine-50',1610,,5521,,,0,130,,5522,,,0
60501,'Semaine-01',1605,,6135,,,0,212,,6136,,,0
60501,'Semaine-50',1605,,6137,,,0,212,,6138,,,0
70901,'Fête-1-01',630,,7175,,,0,70,,7176,,,0,30,,7177,,,0,70,,7178,,,0,30,,7179,,,0,17,,7180,,,0,71,,7181,,,0,30,,7182,,,0,70,,7183,,,0,31,,7184,,,0,71,,7185,,,0,30,,7186,,,0,70,,7187,,,0,30,,7188,,,0,70,,7189,,,0,30,,7190,,,0,70,,7191,,,0,30,,7192,,,0,70,,7193,,,0,30,,7194,,,0,70,,7195,,,0,30,,7196,,,0,70,,7197,,,0,30,,7198,,,0,70,,7199,,,0,30,,7200,,,0,70,,7201,,,0,30,,7202,,,0,70,,7203,,,0,30,,7204,,,0,70,,7205,,,0,30,,7206,,,0,70,,7207,,,0,30,,7208,,,0,70,,7209,,,0,30,,7210,,,0,151,,7211,,,0
70901,'Fête-1-02',630,,7212,,,0,70,,7213,,,0,30,,7214,,,0,70,,7215,,,0,30,,7216,,,0,17,,7217,,,0,71,,7218,,,0,30,,7219,,,0,70,,7220,,,0,31,,7221,,,0,71,,7222,,,0,30,,7223,,,0,70,,7224,,,0,30,,7225,,,0,70,,7226,,,0,30,,7227,,,0,70,,7228,,,0,30,,7229,,,0,70,,7230,,,0,30,,7231,,,0,70,,7232,,,0,30,,7233,,,0,70,,7234,,,0,30,,7235,,,0,70,,7236,,,0,30,,7237,,,0,70,,7238,,,0,30,,7239,,,0,70,,7240,,,0,30,,7241,,,0,70,,7242,,,0,30,,7243,,,0,70,,7244,,,0,30,,7245,,,0,70,,7246,,,0,30,,7247,,,0,151,,7248,,,0
70901,'Fête-2-02',501,,7253,,,0,30,,7298,,,0,21,,7250,,,0,50,,7249,,,0,13,,7251,,,0,11,,7252,,,0,20,,7254,,,0,10,,7255,,,0,50,,7256,,,0,28,,7257,,,0,12,,7258,,,0,11,,7259,,,0,50,,7260,,,0,10,,7261,,,0,10,,7262,,,0,19,,7263,,,0,10,,7264,,,0,54,,7265,,,0,13,,7267,,,0,15,,7304,,,0,15,,7266,,,0,70,,7268,,,0,15,,7269,,,0,62,,7270,,,0,31,,7271,,,0,15,,7272,,,0,55,,7273,,,0,15,,7274,,,0,15,,7307,,,0,15,,7275,,,0,85,,7276,,,0,15,,7277,,,0,55,,7278,,,0,30,,7299,,,0,70,,7300,,,0,30,,7301,,,0,16,,7302,,,0,56,,7303,,,0,49,,7280,,,0,55,,7279,,,0,28,,7281,,,0,15,,7282,,,0,8,,7283,,,0,53,,7284,,,0,15,,7305,,,0,13,,7306,,,0,14,,7285,,,0,59,,7286,,,0,14,,7287,,,0,15,,7288,,,0,62,,7289,,,0,30,,7290,,,0,15,,7291,,,0,58,,7292,,,0,39,,7293,,,0,69,,7294,,,0,44,,7295,,,0,99,,7296,,,0,148,,7297,,,0
70901,'Semaine-01',501,,7312,,,0,30,,7361,,,0,21,,7309,,,0,50,,7308,,,0,13,,7310,,,0,11,,7311,,,0,10,,7313,,,0,10,,7314,,,0,10,,7315,,,0,50,,7316,,,0,17,,7317,,,0,11,,7318,,,0,12,,7319,,,0,11,,7320,,,0,50,,7321,,,0,10,,7322,,,0,10,,7323,,,0,9,,7324,,,0,10,,7325,,,0,10,,7326,,,0,54,,7327,,,0,13,,7329,,,0,15,,7368,,,0,15,,7328,,,0,70,,7330,,,0,15,,7331,,,0,62,,7332,,,0,31,,7333,,,0,15,,7334,,,0,55,,7335,,,0,15,,7336,,,0,15,,7371,,,0,15,,7337,,,0,55,,7372,,,0,30,,7338,,,0,15,,7339,,,0,55,,7340,,,0,30,,7363,,,0,70,,7364,,,0,30,,7365,,,0,16,,7366,,,0,56,,7367,,,0,34,,7362,,,0,15,,7342,,,0,55,,7341,,,0,15,,7343,,,0,13,,7344,,,0,15,,7345,,,0,8,,7346,,,0,53,,7347,,,0,15,,7369,,,0,13,,7370,,,0,14,,7348,,,0,59,,7349,,,0,14,,7350,,,0,15,,7351,,,0,62,,7352,,,0,30,,7353,,,0,15,,7354,,,0,67,,7355,,,0,30,,7356,,,0,69,,7357,,,0,44,,7358,,,0,99,,7359,,,0,148,,7360,,,0
70901,'Semaine-50',501,,7377,,,0,30,,7426,,,0,21,,7374,,,0,50,,7373,,,0,13,,7375,,,0,11,,7376,,,0,10,,7378,,,0,10,,7379,,,0,10,,7380,,,0,50,,7381,,,0,17,,7382,,,0,11,,7383,,,0,12,,7384,,,0,11,,7385,,,0,50,,7386,,,0,10,,7387,,,0,10,,7388,,,0,9,,7389,,,0,10,,7390,,,0,10,,7391,,,0,54,,7392,,,0,13,,7394,,,0,15,,7433,,,0,15,,7393,,,0,70,,7395,,,0,15,,7396,,,0,62,,7397,,,0,31,,7398,,,0,15,,7399,,,0,55,,7400,,,0,15,,7401,,,0,15,,7436,,,0,15,,7402,,,0,55,,7437,,,0,30,,7403,,,0,15,,7404,,,0,55,,7405,,,0,30,,7428,,,0,70,,7429,,,0,30,,7430,,,0,16,,7431,,,0,56,,7432,,,0,34,,7427,,,0,15,,7407,,,0,55,,7406,,,0,15,,7408,,,0,13,,7409,,,0,15,,7410,,,0,8,,7411,,,0,53,,7412,,,0,15,,7434,,,0,13,,7435,,,0,14,,7413,,,0,59,,7414,,,0,14,,7415,,,0,15,,7416,,,0,62,,7417,,,0,30,,7418,,,0,15,,7419,,,0,67,,7420,,,0,30,,7421,,,0,69,,7422,,,0,44,,7423,,,0,99,,7424,,,0,148,,7425,,,0
70901,'Week-end-01',630,,7438,,,0,70,,7439,,,0,30,,7440,,,0,70,,7441,,,0,30,,7442,,,0,17,,7443,,,0,71,,7444,,,0,30,,7445,,,0,70,,7446,,,0,31,,7447,,,0,71,,7448,,,0,30,,7449,,,0,70,,7450,,,0,30,,7451,,,0,70,,7452,,,0,30,,7453,,,0,70,,7454,,,0,30,,7455,,,0,70,,7456,,,0,30,,7457,,,0,70,,7458,,,0,30,,7459,,,0,70,,7460,,,0,30,,7461,,,0,70,,7462,,,0,30,,7463,,,0,70,,7464,,,0,30,,7465,,,0,70,,7466,,,0,30,,7467,,,0,70,,7468,,,0,30,,7469,,,0,70,,7470,,,0,30,,7471,,,0,70,,7472,,,0,30,,7473,,,0,151,,7474,,,0
70901,'Week-end-50',630,,7475,,,0,70,,7476,,,0,30,,7477,,,0,70,,7478,,,0,30,,7479,,,0,17,,7480,,,0,71,,7481,,,0,30,,7482,,,0,70,,7483,,,0,31,,7484,,,0,71,,7485,,,0,30,,7486,,,0,70,,7487,,,0,30,,7488,,,0,70,,7489,,,0,30,,7490,,,0,70,,7491,,,0,30,,7492,,,0,70,,7493,,,0,30,,7494,,,0,70,,7495,,,0,30,,7496,,,0,70,,7497,,,0,30,,7498,,,0,70,,7499,,,0,30,,7500,,,0,70,,7501,,,0,30,,7502,,,0,70,,7503,,,0,30,,7504,,,0,70,,7505,,,0,30,,7506,,,0,70,,7507,,,0,30,,7508,,,0,70,,7509,,,0,30,,7510,,,0,151,,7511,,,0
