22501,'Fête-1-01',901,,334,,,0,200,,335,,,0,200,,336,,,0,200,,337,,,0,200,,338,,,0,200,,339,,,0,200,,340,,,0
22501,'Fête-1-02',901,,341,,,0,200,,342,,,0,200,,343,,,0,200,,344,,,0,200,,345,,,0,200,,346,,,0,200,,347,,,0
22501,'Fête-2-02',600,,349,,,0,30,,350,,,0,70,,351,,,0,30,,352,,,0,70,,353,,,0,100,,354,,,0,100,,355,,,0,100,,356,,,0,100,,357,,,0,100,,358,,,0,100,,359,,,0,100,,360,,,0,100,,361,,,0,45,,362,,,0,70,,363,,,0,30,,364,,,0,70,,365,,,0,30,,366,,,0,70,,367,,,0,85,,368,,,0,100,,369,,,0,100,,370,,,0
22501,'Semaine-01',600,,372,,,0,30,,373,,,0,70,,374,,,0,30,,375,,,0,70,,376,,,0,100,,377,,,0,100,,378,,,0,100,,379,,,0,100,,380,,,0,100,,381,,,0,100,,382,,,0,100,,383,,,0,100,,384,,,0,45,,385,,,0,70,,386,,,0,30,,387,,,0,70,,388,,,0,30,,389,,,0,70,,390,,,0,85,,391,,,0,100,,392,,,0,100,,393,,,0
22501,'Semaine-50',600,,395,,,0,30,,396,,,0,70,,397,,,0,30,,398,,,0,70,,399,,,0,100,,400,,,0,100,,401,,,0,100,,402,,,0,100,,403,,,0,100,,404,,,0,100,,405,,,0,100,,406,,,0,100,,407,,,0,45,,408,,,0,70,,409,,,0,30,,410,,,0,70,,411,,,0,30,,412,,,0,70,,413,,,0,85,,414,,,0,100,,415,,,0,100,,416,,,0
22501,'Week-end-01',901,,417,,,0,200,,418,,,0,200,,419,,,0,200,,420,,,0,200,,421,,,0,200,,422,,,0,200,,423,,,0
22501,'Week-end-50',901,,424,,,0,200,,425,,,0,200,,426,,,0,200,,427,,,0,200,,428,,,0,200,,429,,,0,200,,430,,,0
60000,'Fête-1-01',657,,5813,,,0,100,,5812,,,0,100,,5811,,,0,100,,5810,,,0,100,,5809,,,0,100,,5808,,,0,100,,5807,,,0,100,,5806,,,0,100,,5805,,,0,100,,5804,,,0,100,,5803,,,0,100,,5802,,,0,100,,5801,,,0,100,,5800,,,0,100,,5799,,,0,100,,5797,,,0,88,,5798,,,0
60000,'Fête-1-02',657,,5830,,,0,100,,5829,,,0,100,,5828,,,0,100,,5827,,,0,100,,5826,,,0,100,,5825,,,0,100,,5824,,,0,100,,5823,,,0,100,,5822,,,0,100,,5821,,,0,100,,5820,,,0,100,,5819,,,0,100,,5818,,,0,100,,5817,,,0,100,,5816,,,0,100,,5814,,,0,88,,5815,,,0
60000,'Fête-2-02',538,,5836,,,0,89,,5838,,,0,30,,5840,,,0,70,,5842,,,0,30,,5844,,,0,70,,5846,,,0,30,,5847,,,0,100,,5848,,,0,100,,5849,,,0,100,,5850,,,0,100,,5851,,,0,100,,5852,,,0,100,,5853,,,0,100,,5835,,,0,70,,5834,,,0,30,,5833,,,0,70,,5831,,,0,30,,5832,,,0,100,,5845,,,0,100,,5843,,,0,100,,5841,,,0,96,,5839,,,0,104,,5837,,,0
60000,'Semaine-01',538,,5860,,,0,19,,5861,,,0,70,,5863,,,0,30,,5865,,,0,70,,5867,,,0,30,,5869,,,0,70,,5871,,,0,30,,5872,,,0,100,,5873,,,0,100,,5874,,,0,100,,5875,,,0,70,,5876,,,0,30,,5877,,,0,70,,5878,,,0,100,,5879,,,0,30,,5880,,,0,70,,5859,,,0,30,,5858,,,0,70,,5857,,,0,30,,5856,,,0,70,,5854,,,0,30,,5855,,,0,100,,5870,,,0,100,,5868,,,0,100,,5866,,,0,96,,5864,,,0,104,,5862,,,0
60000,'Semaine-50',538,,5887,,,0,19,,5888,,,0,70,,5890,,,0,30,,5892,,,0,70,,5894,,,0,30,,5896,,,0,70,,5898,,,0,30,,5899,,,0,100,,5900,,,0,100,,5901,,,0,100,,5902,,,0,70,,5903,,,0,30,,5904,,,0,70,,5905,,,0,100,,5906,,,0,30,,5907,,,0,70,,5886,,,0,30,,5885,,,0,70,,5884,,,0,30,,5883,,,0,70,,5881,,,0,30,,5882,,,0,100,,5897,,,0,100,,5895,,,0,100,,5893,,,0,96,,5891,,,0,104,,5889,,,0
60000,'Week-end-01',657,,5924,,,0,100,,5923,,,0,100,,5922,,,0,100,,5921,,,0,100,,5920,,,0,100,,5919,,,0,100,,5918,,,0,100,,5917,,,0,100,,5916,,,0,100,,5915,,,0,100,,5914,,,0,100,,5913,,,0,100,,5912,,,0,100,,5911,,,0,100,,5910,,,0,100,,5908,,,0,88,,5909,,,0
60000,'Week-end-50',657,,5941,,,0,100,,5940,,,0,100,,5939,,,0,100,,5938,,,0,100,,5937,,,0,100,,5936,,,0,100,,5935,,,0,100,,5934,,,0,100,,5933,,,0,100,,5932,,,0,100,,5931,,,0,100,,5930,,,0,100,,5929,,,0,100,,5928,,,0,100,,5927,,,0,100,,5925,,,0,88,,5926,,,0
