23001,'Fête-1-01',819,,17812,240,,,0,102,,17824,240,,,0,101,,17813,240,,,0,101,,17818,240,,,0,102,,17825,240,,,0,100,,17819,240,,,0,100,,17820,240,,,0,99,,17821,240,,,0,100,,17823,240,,,0,98,,17816,240,,,0,100,,17817,240,,,0,98,,17822,240,,,0,99,,17815,240,,,0,100,,17814,240,,,0,100,,17811,240,,,0
23001,'Semaine-01',621,,17834,240,,,0,33,,17827,240,,,0,70,,17828,240,,,0,32,,17829,240,,,0,70,,17830,240,,,0,30,,17831,240,,,0,70,,17832,240,,,0,101,,17833,240,,,0,105,,17842,240,,,0,108,,17843,240,,,0,115,,17844,240,,,0,155,,17845,240,,,0,119,,17847,240,,,0,79,,17839,240,,,0,27,,17840,240,,,0,75,,17841,240,,,0,30,,17838,240,,,0,69,,17846,240,,,0,29,,17837,240,,,0,100,,17836,240,,,0,100,,17835,240,,,0,98,,17826,240,,,0
23001,'Semaine-02',621,,17856,240,,,0,33,,17849,240,,,0,70,,17850,240,,,0,32,,17851,240,,,0,70,,17852,240,,,0,30,,17853,240,,,0,70,,17854,240,,,0,101,,17855,240,,,0,105,,17864,240,,,0,108,,17865,240,,,0,115,,17866,240,,,0,155,,17867,240,,,0,119,,17869,240,,,0,79,,17861,240,,,0,27,,17862,240,,,0,75,,17863,240,,,0,30,,17860,240,,,0,69,,17868,240,,,0,29,,17859,240,,,0,100,,17858,240,,,0,100,,17857,240,,,0,98,,17848,240,,,0
23001,'Week-end-01',819,,17871,240,,,0,102,,17883,240,,,0,101,,17872,240,,,0,101,,17877,240,,,0,102,,17884,240,,,0,100,,17878,240,,,0,100,,17879,240,,,0,99,,17880,240,,,0,100,,17882,240,,,0,98,,17875,240,,,0,100,,17876,240,,,0,98,,17881,240,,,0,99,,17874,240,,,0,100,,17873,240,,,0,100,,17870,240,,,0
23200,'Fête-1-01',917,,17969,120,,,0,101,,17964,120,,,0,100,,17970,120,,,0,101,,17963,120,,,0,100,,17971,120,,,0,100,,17962,120,,,0,100,,17972,120,,,0,99,,17967,120,,,0,100,,17973,120,,,0,99,,17966,120,,,0,100,,17974,120,,,0,100,,17961,120,,,0,100,,17975,120,,,0,100,,17968,120,,,0
23200,'Semaine-01',612,,17976,120,,,0,26,,17977,120,,,0,74,,17978,120,,,0,29,,17979,120,,,0,72,,17980,120,,,0,34,,17981,120,,,0,99,,17982,120,,,0,100,,17983,120,,,0,101,,17984,120,,,0,100,,17985,120,,,0,101,,17986,120,,,0,100,,17987,120,,,0,103,,17988,120,,,0,75,,17989,120,,,0,31,,17990,120,,,0,94,,17991,120,,,0,68,,17992,120,,,0,36,,17993,120,,,0,95,,17994,120,,,0,94,,17995,120,,,0,100,,17996,120,,,0
23200,'Semaine-02',612,,17999,120,,,0,26,,18000,120,,,0,74,,18001,120,,,0,29,,18002,120,,,0,72,,18003,120,,,0,34,,18004,120,,,0,99,,18005,120,,,0,100,,18006,120,,,0,101,,18007,120,,,0,100,,18008,120,,,0,101,,18009,120,,,0,100,,18010,120,,,0,103,,18011,120,,,0,75,,18012,120,,,0,31,,18013,120,,,0,94,,18014,120,,,0,68,,18015,120,,,0,36,,18016,120,,,0,95,,18017,120,,,0,94,,18018,120,,,0,100,,18019,120,,,0
23200,'Week-end-01',917,,18030,120,,,0,101,,18025,120,,,0,100,,18031,120,,,0,101,,18024,120,,,0,100,,18032,120,,,0,100,,18023,120,,,0,100,,18033,120,,,0,99,,18028,120,,,0,100,,18034,120,,,0,99,,18027,120,,,0,100,,18035,120,,,0,100,,18022,120,,,0,100,,18036,120,,,0,100,,18029,120,,,0
23900,'Fête-1-01',844,,18485,170,,,0,102,,18493,170,,,0,101,,18494,170,,,0,103,,18495,170,,,0,100,,18496,170,,,0,100,,18497,170,,,0,100,,18498,170,,,0,100,,18491,170,,,0,97,,18487,170,,,0,100,,18486,170,,,0,100,,18488,170,,,0,98,,18489,170,,,0,100,,18490,170,,,0,100,,18492,170,,,0,100,,18499,170,0,8 35 1 36,0
23900,'Semaine-01',632,,18501,170,,,0,20,,18525,170,,,0,70,,18502,170,,,0,27,,18503,170,,,0,69,,18517,170,,,0,30,,18514,170,,,0,99,,18504,170,,,0,100,,18505,170,,,0,99,,18506,170,,,0,103,,18507,170,,,0,100,,18508,170,,,0,100,,18509,170,,,0,100,,18510,170,,,0,75,,18511,170,,,0,35,,18522,170,,,0,78,,18523,170,,,0,19,,18518,170,,,0,76,,18515,170,,,0,22,,18512,170,,,0,78,,18524,170,,,0,113,,18521,170,,,0,100,,18520,170,,,0,106,,18519,170,0,8 35 1 36,0
23900,'Semaine-02',632,,18526,170,,,0,20,,18550,170,,,0,70,,18527,170,,,0,27,,18528,170,,,0,69,,18542,170,,,0,30,,18539,170,,,0,99,,18529,170,,,0,100,,18530,170,,,0,99,,18531,170,,,0,103,,18532,170,,,0,100,,18533,170,,,0,100,,18534,170,,,0,100,,18535,170,,,0,75,,18536,170,,,0,35,,18547,170,,,0,78,,18548,170,,,0,19,,18543,170,,,0,76,,18540,170,,,0,22,,18537,170,,,0,78,,18549,170,,,0,113,,18546,170,,,0,100,,18545,170,,,0,106,,18544,170,0,8 35 1 36,0
23900,'Week-end-01',844,,18551,170,,,0,102,,18559,170,,,0,101,,18560,170,,,0,103,,18561,170,,,0,100,,18562,170,,,0,100,,18563,170,,,0,100,,18564,170,,,0,100,,18557,170,,,0,97,,18553,170,,,0,100,,18552,170,,,0,100,,18554,170,,,0,98,,18555,170,,,0,100,,18556,170,,,0,100,,18558,170,,,0,100,,18565,170,0,8 35 1 36,0
