22701,'Fête-1-02',849,,21425,10,,,0,84,,21425,630,4,,0,116,,21426,10,,,0,84,,21426,630,4,,0,116,,21427,10,,,0,84,,21427,630,4,,0,116,,21428,10,,,0,84,,21428,630,4,,0,116,,21429,10,,,0,84,,21429,630,4,,0,116,,21430,10,,,0,84,,21430,630,4,,0,116,,21431,10,,,0,84,,21431,630,4,,0
22701,'Semaine-02',542,,17644,330,4,,0,7,,17646,10,,,0,63,,17645,330,4,,0,7,,17647,10,,,0,14,,17646,630,4,,0,16,,17648,10,,,0,54,,17647,630,4,,0,26,,17649,10,,,0,10,,17648,630,4,,0,70,,17650,10,,,0,10,,17649,630,4,,0,30,,17651,10,,,0,10,,17650,630,4,,0,75,,17651,630,4,,0,15,,17652,10,,,0,85,,17652,630,4,,0,15,,17653,10,,,0,85,,17653,630,4,,0,15,,17654,10,,,0,85,,17654,630,4,,0,15,,17655,10,,,0,85,,17655,630,4,,0,15,,17656,10,,,0,85,,17656,630,4,,0,15,,17657,10,,,0,85,,17657,630,4,,0,15,,17658,10,,,0,90,,17659,10,,,0,80,,17660,10,,,0,10,,17659,630,4,,0,30,,17661,10,,,0,50,,17660,630,4,,0,25,,17662,10,,,0,15,,17661,630,4,,0,55,,17663,10,,,0,14,,17662,630,4,,0,30,,17663,630,4,,0,1,,17664,10,,,0,84,,17664,630,4,,0,16,,17665,10,,,0,84,,17665,630,4,,0,16,,17666,10,,,0,84,,17666,630,4,,0,16,,17667,10,0,8 14 1 15 16 17,0
22701,'Semaine-03',542,,21432,330,4,,0,7,,21434,10,,,0,63,,21433,330,4,,0,7,,21435,10,,,0,14,,21434,630,4,,0,16,,21436,10,,,0,54,,21435,630,4,,0,26,,21437,10,,,0,10,,21436,630,4,,0,70,,21438,10,,,0,10,,21437,630,4,,0,30,,21439,10,,,0,10,,21438,630,4,,0,75,,21439,630,4,,0,15,,21440,10,,,0,85,,21440,630,4,,0,15,,21441,10,,,0,85,,21441,630,4,,0,15,,21442,10,,,0,85,,21442,630,4,,0,15,,21443,10,,,0,85,,21443,630,4,,0,15,,21444,10,,,0,85,,21444,630,4,,0,15,,21445,10,,,0,85,,21445,630,4,,0,15,,21446,10,,,0,90,,21447,10,,,0,80,,21448,10,,,0,10,,21447,630,4,,0,30,,21449,10,,,0,50,,21448,630,4,,0,25,,21450,10,,,0,15,,21449,630,4,,0,55,,21451,10,,,0,14,,21450,630,4,,0,30,,21451,630,4,,0,1,,21452,10,,,0,84,,21452,630,4,,0,16,,21453,10,,,0,84,,21453,630,4,,0,16,,21454,10,,,0,84,,21454,630,4,,0,16,,21455,10,0,8 14 1 15 16 17,0
22701,'Week-end-01',849,,17668,10,,,0,84,,17668,630,4,,0,116,,17669,10,,,0,84,,17669,630,4,,0,116,,17670,10,,,0,84,,17670,630,4,,0,116,,17671,10,,,0,84,,17671,630,4,,0,116,,17672,10,,,0,84,,17672,630,4,,0,116,,17673,10,,,0,84,,17673,630,4,,0,116,,17674,10,,,0,84,,17674,630,4,,0
22800,'Fête-1-02',749,,21463,10,,,0,87,,21463,640,4,,0,113,,21460,10,,,0,87,,21460,640,4,,0,113,,21461,10,,,0,87,,21461,640,4,,0,113,,21456,10,,,0,87,,21456,640,4,,0,113,,21458,10,,,0,87,,21458,640,4,,0,113,,21462,10,,,0,87,,21462,640,4,,0,113,,21459,10,,,0,87,,21459,640,4,,0,113,,21457,10,0,8 14 1 18 19,0
22800,'Semaine-02',557,,17707,340,4,,0,47,,17708,10,,,0,23,,17730,340,4,,0,7,,17709,10,,,0,17,,17708,640,4,,0,58,,17710,10,,,0,20,,17709,640,4,,0,20,,17711,10,,,0,55,,17710,640,4,,0,25,,17712,10,,,0,15,,17711,640,4,,0,75,,17713,10,,,0,5,,17712,640,4,,0,82,,17713,640,4,,0,13,,17714,10,,,0,87,,17714,640,4,,0,13,,17715,10,,,0,87,,17715,640,4,,0,13,,17716,10,,,0,87,,17716,640,4,,0,13,,17717,10,,,0,87,,17717,640,4,,0,13,,17718,10,,,0,87,,17718,640,4,,0,13,,17719,10,,,0,87,,17719,640,4,,0,13,,17720,10,,,0,40,,17721,10,,,0,55,,17720,640,4,,0,25,,17722,10,,,0,15,,17721,640,4,,0,65,,17723,10,,,0,15,,17722,640,4,,0,15,,17724,10,,,0,65,,17723,640,4,,0,5,,17725,10,,,0,17,,17724,640,4,,0,70,,17725,640,4,,0,13,,17726,10,,,0,87,,17726,640,4,,0,13,,17727,10,,,0,87,,17727,640,4,,0,13,,17728,10,,,0,87,,17728,640,4,,0,13,,17729,10,0,8 14 1 18 19,0
22800,'Semaine-03',557,,21464,340,4,,0,47,,21465,10,,,0,23,,21487,340,4,,0,7,,21466,10,,,0,17,,21465,640,4,,0,58,,21467,10,,,0,20,,21466,640,4,,0,20,,21468,10,,,0,55,,21467,640,4,,0,25,,21469,10,,,0,15,,21468,640,4,,0,75,,21470,10,,,0,5,,21469,640,4,,0,82,,21470,640,4,,0,13,,21471,10,,,0,87,,21471,640,4,,0,13,,21472,10,,,0,87,,21472,640,4,,0,13,,21473,10,,,0,87,,21473,640,4,,0,13,,21474,10,,,0,87,,21474,640,4,,0,13,,21475,10,,,0,87,,21475,640,4,,0,13,,21476,10,,,0,87,,21476,640,4,,0,13,,21477,10,,,0,40,,21478,10,,,0,55,,21477,640,4,,0,25,,21479,10,,,0,15,,21478,640,4,,0,65,,21480,10,,,0,15,,21479,640,4,,0,15,,21481,10,,,0,65,,21480,640,4,,0,5,,21482,10,,,0,17,,21481,640,4,,0,70,,21482,640,4,,0,13,,21483,10,,,0,87,,21483,640,4,,0,13,,21484,10,,,0,87,,21484,640,4,,0,13,,21485,10,,,0,87,,21485,640,4,,0,13,,21486,10,0,8 14 1 18 19,0
22800,'Week-end-01',749,,17738,10,,,0,87,,17738,640,4,,0,113,,17735,10,,,0,87,,17735,640,4,,0,113,,17736,10,,,0,87,,17736,640,4,,0,113,,17731,10,,,0,87,,17731,640,4,,0,113,,17733,10,,,0,87,,17733,640,4,,0,113,,17737,10,,,0,87,,17737,640,4,,0,113,,17734,10,,,0,87,,17734,640,4,,0,113,,17732,10,0,8 14 1 18 19,0
60400,'Semaine-02',615,,20475,250,4,,0,29,,20476,250,4,,0,103,,20477,250,4,,0,69,,20478,250,4,,0,933,,20479,250,4,,0,99,,20480,250,4,,0,76,,20482,250,4,,0,99,,20481,250,4,,0
60400,'Semaine-03',615,,22852,250,4,,0,29,,22853,250,4,,0,103,,22854,250,4,,0,69,,22855,250,4,,0,933,,22856,250,4,,0,99,,22857,250,4,,0,76,,22859,250,4,,0,99,,22858,250,4,,0
60401,'Semaine-02',624,,20494,10,,,0,30,,20493,10,,,0,972,,20489,10,,,0,89,,20491,10,,,0,39,,20490,10,,,0,99,,20492,10,,,0
60401,'Semaine-03',624,,22865,10,,,0,30,,22864,10,,,0,972,,22860,10,,,0,89,,22862,10,,,0,39,,22861,10,,,0,99,,22863,10,,,0
