23000,'Fête-1-01',840,,17741,100,,,0,100,,17742,100,,,0,101,,17746,100,,,0,101,,17747,100,,,0,100,,17748,100,,,0,100,,17749,100,,,0,100,,17750,100,,,0,99,,17752,100,,,0,100,,17740,100,,,0,99,,17739,100,,,0,100,,17751,100,,,0,100,,17745,100,,,0,100,,17744,100,,,0,100,,17743,100,,,0,100,,17753,100,,,0
23000,'Semaine-01',612,,17758,100,,,0,30,,17759,100,,,0,71,,17760,100,,,0,30,,17761,100,,,0,70,,17762,100,,,0,30,,17763,100,,,0,100,,17764,100,,,0,105,,17769,100,,,0,105,,17770,100,,,0,150,,17771,100,,,0,116,,17772,100,,,0,115,,17773,100,,,0,75,,17756,100,,,0,39,,17755,100,,,0,80,,17754,100,0,8 27 75,0,30,,17757,100,,,0,69,,17774,100,,,0,30,,17768,100,,,0,99,,17767,100,,,0,100,,17766,100,,,0,100,,17765,100,,,0
23000,'Semaine-02',612,,17779,100,,,0,30,,17780,100,,,0,71,,17781,100,,,0,30,,17782,100,,,0,70,,17783,100,,,0,30,,17784,100,,,0,100,,17785,100,,,0,105,,17790,100,,,0,105,,17791,100,,,0,150,,17792,100,,,0,116,,17793,100,,,0,115,,17794,100,,,0,75,,17777,100,,,0,39,,17776,100,,,0,80,,17775,100,0,8 27 75,0,30,,17778,100,,,0,69,,17795,100,,,0,30,,17789,100,,,0,99,,17788,100,,,0,100,,17787,100,,,0,100,,17786,100,,,0
23000,'Week-end-01',840,,17798,100,,,0,100,,17799,100,,,0,101,,17803,100,,,0,101,,17804,100,,,0,100,,17805,100,,,0,100,,17806,100,,,0,100,,17807,100,,,0,99,,17809,100,,,0,100,,17797,100,,,0,99,,17796,100,,,0,100,,17808,100,,,0,100,,17802,100,,,0,100,,17801,100,,,0,100,,17800,100,,,0,100,,17810,100,,,0
23600,'Fête-1-01',858,,18280,350,,,0,100,,18271,350,,,0,100,,18281,350,,,0,101,,18269,350,,,0,100,,18277,350,,,0,100,,18273,350,,,0,100,,18279,350,,,0,100,,18270,350,,,0,100,,18283,350,,,0,100,,18272,350,,,0,100,,18278,350,,,0,100,,18274,350,,,0,100,,18276,350,,,0,100,,18275,350,,,0
23600,'Semaine-01',624,,18284,350,,,0,110,,18285,350,,,0,81,,18302,350,,,0,39,,18286,350,,,0,76,,18287,350,,,0,95,,18288,350,,,0,99,,18289,350,,,0,101,,18290,350,,,0,100,,18291,350,,,0,100,,18292,350,,,0,100,,18293,350,,,0,100,,18294,350,,,0,85,,18295,350,,,0,39,,18296,350,,,0,83,,18297,350,,,0,124,,18298,350,,,0,103,,18299,350,,,0,100,,18300,350,,,0
23600,'Semaine-02',624,,18303,350,,,0,110,,18304,350,,,0,81,,18321,350,,,0,39,,18305,350,,,0,76,,18306,350,,,0,95,,18307,350,,,0,99,,18308,350,,,0,101,,18309,350,,,0,100,,18310,350,,,0,100,,18311,350,,,0,100,,18312,350,,,0,100,,18313,350,,,0,85,,18314,350,,,0,39,,18315,350,,,0,83,,18316,350,,,0,124,,18317,350,,,0,103,,18318,350,,,0,100,,18319,350,,,0
23600,'Week-end-01',858,,18333,350,,,0,100,,18324,350,,,0,100,,18334,350,,,0,101,,18322,350,,,0,100,,18330,350,,,0,100,,18326,350,,,0,100,,18332,350,,,0,100,,18323,350,,,0,100,,18336,350,,,0,100,,18325,350,,,0,100,,18331,350,,,0,100,,18327,350,,,0,100,,18329,350,,,0,100,,18328,350,,,0
70900,'Fête-1-01',708,,20871,560,,,0,25,,20872,560,,,0,15,,20873,560,,,0,70,,20874,560,,,0,30,,20875,560,,,0,71,,20876,560,,,0,30,,20877,560,,,0,71,,20878,560,,,0,30,,20879,560,,,0,70,,20880,560,,,0,31,,20881,560,,,0,70,,20882,560,,,0,30,,20883,560,,,0,70,,20884,560,,,0,30,,20885,560,,,0,70,,20886,560,,,0,30,,20887,560,,,0,71,,20888,560,,,0,30,,20889,560,,,0,70,,20890,560,,,0,30,,20891,560,,,0,70,,20892,560,,,0,30,,20893,560,,,0,69,,20894,560,,,0,30,,20895,560,,,0,70,,20896,560,,,0,28,,20897,560,,,0,70,,20898,560,,,0,30,,20899,560,,,0,69,,20900,560,,,0,30,,20901,560,,,0,70,,20902,560,,,0,30,,20903,560,,,0,60,,20904,560,,,0,29,,20905,560,,,0,70,,20906,560,,,0,30,,20907,560,,,0,70,,20908,560,,,0,109,,20909,560,,,0
70900,'Semaine-01',628,,20911,560,0,11 12 13,0,79,,20912,560,0,11 12 13,0,20,,20913,560,0,11 12 13,0,7,,20914,560,0,11 12 13,0,78,,20915,560,0,11 12 13,0,19,,20916,560,0,11 12 13,0,25,,20917,560,0,11 12 13,0,68,,20918,560,0,11 12 13,0,34,,20919,560,0,11 12 13,0,65,,20957,560,0,11 12 13,0,28,,20920,560,0,11 12 13,0,55,,20921,560,0,11 12 13,0,29,,20922,560,0,11 12 13,0,15,,20923,560,0,11 12 13,0,55,,20924,560,0,11 12 13,0,23,,20925,560,0,11 12 13,0,31,,20926,560,0,11 12 13,0,55,,20953,560,0,11 12 13,0,15,,20956,560,0,11 12 13,0,15,,20955,560,0,11 12 13,0,70,,20954,560,0,11 12 13,0,45,,20952,560,0,11 12 13,0,55,,20927,560,0,11 12 13,0,24,,20928,560,0,11 12 13,0,85,,20929,560,,,0,31,,20930,560,,,0,60,,20950,560,,,0,16,,20951,560,,,0,8,,20944,560,,,0,15,,20949,560,,,0,51,,20945,560,,,0,12,,20946,560,,,0,9,,20947,560,,,0,10,,20948,560,,,0,12,,20943,560,,,0,65,,20931,560,,,0,13,,20932,560,,,0,11,,20933,560,,,0,11,,20934,560,,,0,67,,20942,560,,,0,19,,20935,560,,,0,69,,20936,560,,,0,22,,20959,560,,,0,30,,20937,560,,,0,54,,20938,560,,,0,97,,20939,560,,,0,29,,20940,560,,,0,82,,20958,560,,,0,99,,20941,560,,,0,108,,20910,560,,,0
70900,'Semaine-02',628,,20961,560,0,11 12 13,0,79,,20962,560,0,11 12 13,0,20,,20963,560,0,11 12 13,0,7,,20964,560,0,11 12 13,0,78,,20965,560,0,11 12 13,0,19,,20966,560,0,11 12 13,0,25,,20967,560,0,11 12 13,0,68,,20968,560,0,11 12 13,0,34,,20969,560,0,11 12 13,0,65,,21007,560,0,11 12 13,0,28,,20970,560,0,11 12 13,0,55,,20971,560,0,11 12 13,0,29,,20972,560,0,11 12 13,0,15,,20973,560,0,11 12 13,0,55,,20974,560,0,11 12 13,0,23,,20975,560,0,11 12 13,0,31,,20976,560,0,11 12 13,0,55,,21003,560,0,11 12 13,0,15,,21006,560,0,11 12 13,0,15,,21005,560,0,11 12 13,0,70,,21004,560,0,11 12 13,0,45,,21002,560,0,11 12 13,0,55,,20977,560,0,11 12 13,0,24,,20978,560,0,11 12 13,0,85,,20979,560,,,0,31,,20980,560,,,0,60,,21000,560,,,0,16,,21001,560,,,0,8,,20994,560,,,0,15,,20999,560,,,0,51,,20995,560,,,0,12,,20996,560,,,0,9,,20997,560,,,0,10,,20998,560,,,0,12,,20993,560,,,0,65,,20981,560,,,0,13,,20982,560,,,0,11,,20983,560,,,0,11,,20984,560,,,0,67,,20992,560,,,0,19,,20985,560,,,0,69,,20986,560,,,0,22,,21009,560,,,0,30,,20987,560,,,0,54,,20988,560,,,0,97,,20989,560,,,0,29,,20990,560,,,0,82,,21008,560,,,0,99,,20991,560,,,0,108,,20960,560,,,0
70900,'Week-end-01',708,,21010,560,,,0,25,,21011,560,,,0,15,,21012,560,,,0,70,,21013,560,,,0,30,,21014,560,,,0,71,,21015,560,,,0,30,,21016,560,,,0,71,,21017,560,,,0,30,,21018,560,,,0,70,,21019,560,,,0,31,,21020,560,,,0,70,,21021,560,,,0,30,,21022,560,,,0,70,,21023,560,,,0,30,,21024,560,,,0,70,,21025,560,,,0,30,,21026,560,,,0,71,,21027,560,,,0,30,,21028,560,,,0,70,,21029,560,,,0,30,,21030,560,,,0,70,,21031,560,,,0,30,,21032,560,,,0,69,,21033,560,,,0,30,,21034,560,,,0,70,,21035,560,,,0,28,,21036,560,,,0,70,,21037,560,,,0,30,,21038,560,,,0,69,,21039,560,,,0,30,,21040,560,,,0,70,,21041,560,,,0,30,,21042,560,,,0,60,,21043,560,,,0,29,,21044,560,,,0,70,,21045,560,,,0,30,,21046,560,,,0,70,,21047,560,,,0,109,,21048,560,,,0
