23101,'LA-H26-LA_GTFS-Fête-1-01',843,,1016,,,0,100,,1015,,,0,100,,1017,,,0,100,,1013,,,0,100,,1018,,,0,100,,1012,,,0,100,,1019,,,0,100,,1011,,,0,100,,1020,,,0,100,,1014,,,0,100,,1021,,,0,100,,1010,,,0,100,,1022,,,0,100,,1009,,,0,100,,1023,0,8 45 1 46,0
23101,'LA-H26-LA_GTFS-Fête-1-02',843,,1031,,,0,100,,1030,,,0,100,,1032,,,0,100,,1028,,,0,100,,1033,,,0,100,,1027,,,0,100,,1034,,,0,100,,1026,,,0,100,,1035,,,0,100,,1029,,,0,100,,1036,,,0,100,,1025,,,0,100,,1037,,,0,100,,1024,,,0,100,,1038,0,8 45 1 46,0
23101,'LA-H26-LA_GTFS-Fête-2-02',623,,1039,,,0,30,,1040,,,0,70,,1041,,,0,30,,1042,,,0,70,,1043,,,0,95,,1044,,,0,100,,1045,,,0,100,,1046,,,0,100,,1047,,,0,100,,1048,,,0,100,,1049,,,0,100,,1050,,,0,85,,1051,,,0,30,,1052,,,0,70,,1053,,,0,30,,1054,,,0,70,,1055,,,0,30,,1056,,,0,85,,1057,,,0,100,,1058,,,0,100,,1059,,,0,100,,1060,,,0,30,,1061,0,8 45 1 46,0
23101,'LA-H26-LA_GTFS-Semaine-01',623,,1062,,,0,30,,1063,,,0,70,,1064,,,0,30,,1065,,,0,70,,1066,,,0,95,,1067,,,0,100,,1068,,,0,100,,1069,,,0,100,,1070,,,0,100,,1071,,,0,100,,1072,,,0,100,,1073,,,0,88,,1074,,,0,27,,1075,,,0,73,,1076,,,0,27,,1077,,,0,73,,1078,,,0,27,,1079,,,0,85,,1080,,,0,100,,1081,,,0,100,,1082,,,0,100,,1083,,,0,37,,1084,0,8 45 1 46,0
23101,'LA-H26-LA_GTFS-Semaine-50',623,,1085,,,0,30,,1086,,,0,70,,1087,,,0,30,,1088,,,0,70,,1089,,,0,95,,1090,,,0,100,,1091,,,0,100,,1092,,,0,100,,1093,,,0,100,,1094,,,0,100,,1095,,,0,100,,1096,,,0,88,,1097,,,0,27,,1098,,,0,73,,1099,,,0,27,,1100,,,0,73,,1101,,,0,27,,1102,,,0,85,,1103,,,0,100,,1104,,,0,100,,1105,,,0,100,,1106,,,0,37,,1107,0,8 45 1 46,0
23101,'LA-H26-LA_GTFS-Week-end-01',843,,1115,,,0,100,,1114,,,0,100,,1116,,,0,100,,1112,,,0,100,,1117,,,0,100,,1111,,,0,100,,1118,,,0,100,,1110,,,0,100,,1119,,,0,100,,1113,,,0,100,,1120,,,0,100,,1109,,,0,100,,1121,,,0,100,,1108,,,0,100,,1122,0,8 45 1 46,0
23101,'LA-H26-LA_GTFS-Week-end-50',843,,1130,,,0,100,,1129,,,0,100,,1131,,,0,100,,1127,,,0,100,,1132,,,0,100,,1126,,,0,100,,1133,,,0,100,,1125,,,0,100,,1134,,,0,100,,1128,,,0,100,,1135,,,0,100,,1124,,,0,100,,1136,,,0,100,,1123,,,0,100,,1137,0,8 45 1 46,0
23200,'LA-H26-LA_GTFS-Fête-1-01',812,,1142,,,0,121,,1146,,,0,100,,1141,,,0,100,,1147,,,0,100,,1140,,,0,100,,1148,,,0,100,,1139,,,0,100,,1149,,,0,100,,1144,,,0,100,,1150,,,0,100,,1143,,,0,100,,1151,,,0,100,,1138,,,0,100,,1152,,,0,100,,1145,,,0
23200,'LA-H26-LA_GTFS-Fête-1-02',812,,1157,,,0,121,,1161,,,0,100,,1156,,,0,100,,1162,,,0,100,,1155,,,0,100,,1163,,,0,100,,1154,,,0,100,,1164,,,0,100,,1159,,,0,100,,1165,,,0,100,,1158,,,0,100,,1166,,,0,100,,1153,,,0,100,,1167,,,0,100,,1160,,,0
23200,'LA-H26-LA_GTFS-Fête-2-02',543,,1190,,,0,70,,1191,,,0,28,,1168,,,0,70,,1169,,,0,30,,1170,,,0,70,,1171,,,0,30,,1172,,,0,69,,1173,,,0,100,,1174,,,0,100,,1175,,,0,100,,1176,,,0,100,,1177,,,0,100,,1178,,,0,100,,1179,,,0,106,,1180,,,0,35,,1181,,,0,70,,1182,,,0,30,,1183,,,0,64,,1184,,,0,30,,1185,,,0,70,,1186,,,0,95,,1187,,,0,100,,1188,,,0,100,,1189,,,0
23200,'LA-H26-LA_GTFS-Semaine-01',543,,1214,,,0,70,,1215,,,0,28,,1192,,,0,70,,1193,,,0,30,,1194,,,0,70,,1195,,,0,30,,1196,,,0,69,,1197,,,0,100,,1198,,,0,100,,1199,,,0,100,,1200,,,0,100,,1201,,,0,100,,1202,,,0,100,,1203,,,0,106,,1204,,,0,35,,1205,,,0,73,,1206,,,0,27,,1207,,,0,67,,1208,,,0,27,,1209,,,0,71,,1210,,,0,94,,1211,,,0,100,,1212,,,0,100,,1213,,,0
23200,'LA-H26-LA_GTFS-Semaine-50',543,,1238,,,0,70,,1239,,,0,28,,1216,,,0,70,,1217,,,0,30,,1218,,,0,70,,1219,,,0,30,,1220,,,0,69,,1221,,,0,100,,1222,,,0,100,,1223,,,0,100,,1224,,,0,100,,1225,,,0,100,,1226,,,0,100,,1227,,,0,106,,1228,,,0,35,,1229,,,0,73,,1230,,,0,27,,1231,,,0,67,,1232,,,0,27,,1233,,,0,71,,1234,,,0,94,,1235,,,0,100,,1236,,,0,100,,1237,,,0
23200,'LA-H26-LA_GTFS-Week-end-01',812,,1244,,,0,121,,1248,,,0,100,,1243,,,0,100,,1249,,,0,100,,1242,,,0,100,,1250,,,0,100,,1241,,,0,100,,1251,,,0,100,,1246,,,0,100,,1252,,,0,100,,1245,,,0,100,,1253,,,0,100,,1240,,,0,100,,1254,,,0,100,,1247,,,0
23200,'LA-H26-LA_GTFS-Week-end-50',812,,1259,,,0,121,,1263,,,0,100,,1258,,,0,100,,1264,,,0,100,,1257,,,0,100,,1265,,,0,100,,1256,,,0,100,,1266,,,0,100,,1261,,,0,100,,1267,,,0,100,,1260,,,0,100,,1268,,,0,100,,1255,,,0,100,,1269,,,0,100,,1262,,,0
