25101,'Fête-1-01',742,,3413,,,0,100,,3418,,,0,100,,3417,,,0,100,,3412,,,0,100,,3415,,,0,100,,3416,,,0,100,,3414,,,0,100,,3409,,,0,100,,3407,,,0,100,,3408,,,0,100,,3410,,,0,100,,3404,,,0,100,,3405,,,0,100,,3406,,,0,100,,3403,,,0,100,,3411,,,0
25101,'Fête-1-02',742,,3429,,,0,100,,3434,,,0,100,,3433,,,0,100,,3428,,,0,100,,3431,,,0,100,,3432,,,0,100,,3430,,,0,100,,3425,,,0,100,,3423,,,0,100,,3424,,,0,100,,3426,,,0,100,,3420,,,0,100,,3421,,,0,100,,3422,,,0,100,,3419,,,0,100,,3427,,,0
25101,'Fête-2-02',937,,3435,,,0,100,,3436,,,0,100,,3439,,,0,100,,3440,,,0,100,,3441,,,0,100,,3437,,,0,614,,3438,,,0,98,,3442,,,0,100,,3443,,,0
25101,'Semaine-01',937,,3444,,,0,100,,3445,,,0,100,,3448,,,0,100,,3449,,,0,100,,3450,,,0,100,,3446,,,0,614,,3447,,,0,98,,3451,,,0,100,,3452,,,0
25101,'Semaine-50',937,,3453,,,0,100,,3454,,,0,100,,3457,,,0,100,,3458,,,0,100,,3459,,,0,100,,3455,,,0,614,,3456,,,0,98,,3460,,,0,100,,3461,,,0
25101,'Week-end-01',742,,3472,,,0,100,,3477,,,0,100,,3476,,,0,100,,3471,,,0,100,,3474,,,0,100,,3475,,,0,100,,3473,,,0,100,,3468,,,0,100,,3466,,,0,100,,3467,,,0,100,,3469,,,0,100,,3463,,,0,100,,3464,,,0,100,,3465,,,0,100,,3462,,,0,100,,3470,,,0
25101,'Week-end-50',742,,3488,,,0,100,,3493,,,0,100,,3492,,,0,100,,3487,,,0,100,,3490,,,0,100,,3491,,,0,100,,3489,,,0,100,,3484,,,0,100,,3482,,,0,100,,3483,,,0,100,,3485,,,0,100,,3479,,,0,100,,3480,,,0,100,,3481,,,0,100,,3478,,,0,100,,3486,,,0
25201,'Fête-2-02',610,,3502,,,0,38,,3494,,,0,76,,3508,,,0,76,,3506,,,0,33,,3503,,,0,678,,3504,,,0,40,,3500,,,0,70,,3497,,,0,31,,3499,,,0,71,,3505,,,0,30,,3495,,,0,69,,3507,,,0,30,,3501,,,0,70,,3498,,,0,31,,3496,,,0
25201,'Semaine-01',610,,3517,,,0,38,,3509,,,0,76,,3523,,,0,76,,3521,,,0,33,,3518,,,0,678,,3519,,,0,40,,3515,,,0,70,,3512,,,0,31,,3514,,,0,71,,3520,,,0,30,,3510,,,0,69,,3522,,,0,30,,3516,,,0,70,,3513,,,0,31,,3511,,,0
25201,'Semaine-50',610,,3532,,,0,38,,3524,,,0,76,,3538,,,0,76,,3536,,,0,33,,3533,,,0,678,,3534,,,0,40,,3530,,,0,70,,3527,,,0,31,,3529,,,0,71,,3535,,,0,30,,3525,,,0,69,,3537,,,0,30,,3531,,,0,70,,3528,,,0,31,,3526,,,0
