22600,'Semaine-03',527,,15312,300,0,6 7,0,30,,15313,300,0,6 7,0,80,,15289,460,,,0,70,,15290,460,,,0,31,,15291,460,,,0,70,,15292,460,,,0,46,,15293,460,,,0,100,,15294,460,,,0,100,,15295,460,,,0,100,,15296,460,,,0,100,,15297,460,,,0,101,,15298,460,,,0,100,,15299,460,,,0,100,,15300,460,,,0,100,,15301,460,,,0,70,,15302,460,,,0,28,,15303,460,,,0,70,,15304,460,,,0,30,,15305,460,,,0,70,,15306,460,,,0,30,,15307,460,,,0,98,,15308,460,,,0,98,,15309,460,,,0,100,,15310,460,,,0,98,,15311,460,,,0
22600,'Semaine-53',527,,11949,300,0,6 7,0,30,,11950,300,0,6 7,0,80,,11926,460,,,0,70,,11927,460,,,0,31,,11928,460,,,0,70,,11929,460,,,0,46,,11930,460,,,0,100,,11931,460,,,0,100,,11932,460,,,0,100,,11933,460,,,0,100,,11934,460,,,0,101,,11935,460,,,0,100,,11936,460,,,0,100,,11937,460,,,0,100,,11938,460,,,0,70,,11939,460,,,0,28,,11940,460,,,0,70,,11941,460,,,0,30,,11942,460,,,0,70,,11943,460,,,0,30,,11944,460,,,0,98,,11945,460,,,0,98,,11946,460,,,0,100,,11947,460,,,0,98,,11948,460,,,0
22600,'Week-end-03',817,,15320,460,,,0,202,,15314,460,,,0,205,,15315,460,,,0,198,,15316,460,,,0,199,,15317,460,,,0,200,,15321,460,,,0,198,,15318,460,,,0
22600,'Week-end-53',817,,11957,460,,,0,202,,11951,460,,,0,205,,11952,460,,,0,198,,11953,460,,,0,199,,11954,460,,,0,200,,11958,460,,,0,198,,11955,460,,,0
49801,'Semaine-53',2036,,13956,20,,,0,70,,13955,20,,,0,30,,13949,20,,,0,70,,13950,20,,,0,30,,13951,20,,,0,70,,13952,20,,,0,30,,13953,20,,,0,70,,13954,20,,,0
49801,'Week-end-53',2036,,13964,20,,,0,70,,13963,20,,,0,30,,13957,20,,,0,70,,13958,20,,,0,30,,13959,20,,,0,70,,13960,20,,,0,30,,13961,20,,,0,70,,13962,20,,,0
70801,'Semaine-03',444,,17010,170,,,0,69,,17011,170,,,0,30,,17046,10,,,0,15,,17012,170,,,0,55,,17047,10,,,0,15,,17013,170,,,0,15,,17048,10,,,0,10,,17053,170,,,0,5,,17014,170,,,0,55,,17049,10,,,0,15,,17015,170,,,0,15,,17050,10,,,0,15,,17016,170,,,0,55,,17051,10,,,0,15,,17017,170,,,0,30,,17018,170,,,0,70,,17019,170,,,0,30,,17020,170,,,0,70,,17021,170,,,0,30,,17022,170,,,0,70,,17023,170,,,0,30,,17024,170,,,0,70,,17025,170,,,0,30,,17026,170,,,0,70,,17027,170,,,0,30,,17028,170,,,0,70,,17029,170,,,0,30,,17030,170,,,0,70,,17031,170,,,0,30,,17032,170,,,0,70,,17033,170,,,0,30,,17034,170,,,0,70,,17035,170,,,0,30,,17036,170,,,0,70,,17037,170,,,0,30,,17038,170,,,0,70,,17039,170,,,0,30,,17040,170,,,0,70,,17041,170,,,0,30,,17042,170,,,0,100,,17043,170,,,0,100,,17044,170,,,0,96,,17045,170,,,0,100,,17052,170,,,0
70801,'Semaine-53',444,,14566,170,,,0,69,,14567,170,,,0,30,,14602,10,,,0,15,,14568,170,,,0,55,,14603,10,,,0,15,,14569,170,,,0,15,,14604,10,,,0,10,,14609,170,,,0,5,,14570,170,,,0,55,,14605,10,,,0,15,,14571,170,,,0,15,,14606,10,,,0,15,,14572,170,,,0,55,,14607,10,,,0,15,,14573,170,,,0,30,,14574,170,,,0,70,,14575,170,,,0,30,,14576,170,,,0,70,,14577,170,,,0,30,,14578,170,,,0,70,,14579,170,,,0,30,,14580,170,,,0,70,,14581,170,,,0,30,,14582,170,,,0,70,,14583,170,,,0,30,,14584,170,,,0,70,,14585,170,,,0,30,,14586,170,,,0,70,,14587,170,,,0,30,,14588,170,,,0,70,,14589,170,,,0,30,,14590,170,,,0,70,,14591,170,,,0,30,,14592,170,,,0,70,,14593,170,,,0,30,,14594,170,,,0,70,,14595,170,,,0,30,,14596,170,,,0,70,,14597,170,,,0,30,,14598,170,,,0,100,,14599,170,,,0,100,,14600,170,,,0,96,,14601,170,,,0,100,,14608,170,,,0
70801,'Week-end-03',634,,17056,170,,,0,99,,17072,170,,,0,74,,17057,170,,,0,100,,17058,170,,,0,51,,17059,170,,,0,100,,17060,170,,,0,100,,17061,170,,,0,100,,17062,170,,,0,100,,17063,170,,,0,100,,17064,170,,,0,100,,17065,170,,,0,100,,17066,170,,,0,100,,17067,170,,,0,100,,17068,170,,,0,101,,17069,170,,,0,100,,17070,170,,,0,100,,17071,170,,,0,80,,17054,170,,,0,118,,17055,170,,,0
70801,'Week-end-53',634,,14612,170,,,0,99,,14628,170,,,0,74,,14613,170,,,0,100,,14614,170,,,0,51,,14615,170,,,0,100,,14616,170,,,0,100,,14617,170,,,0,100,,14618,170,,,0,100,,14619,170,,,0,100,,14620,170,,,0,100,,14621,170,,,0,100,,14622,170,,,0,100,,14623,170,,,0,100,,14624,170,,,0,101,,14625,170,,,0,100,,14626,170,,,0,100,,14627,170,,,0,80,,14610,170,,,0,118,,14611,170,,,0
