25001,'Semaine-03',541,,16114,160,,,0,64,,16115,160,,,0,29,,16116,160,,,0,21,,16117,160,,,0,85,,16118,160,,,0,62,,16119,160,,,0,34,,16120,160,,,0,72,,16121,160,,,0,37,,16122,160,,,0,59,,16123,160,,,0,100,,16124,160,,,0,103,,16125,160,,,0,100,,16126,160,,,0,102,,16127,160,,,0,115,,16128,160,,,0,24,,16129,160,,,0,75,,16130,160,,,0,26,,16131,160,,,0,70,,16132,160,,,0,28,,16133,160,,,0,82,,16134,160,,,0,88,,16135,160,,,0,107,,16136,160,,,0,94,,16137,160,,,0,101,,16138,160,,,0
25001,'Semaine-53',541,,13032,160,,,0,64,,13033,160,,,0,29,,13034,160,,,0,21,,13035,160,,,0,85,,13036,160,,,0,62,,13037,160,,,0,34,,13038,160,,,0,72,,13039,160,,,0,37,,13040,160,,,0,59,,13041,160,,,0,100,,13042,160,,,0,103,,13043,160,,,0,100,,13044,160,,,0,102,,13045,160,,,0,115,,13046,160,,,0,24,,13047,160,,,0,75,,13048,160,,,0,26,,13049,160,,,0,70,,13050,160,,,0,28,,13051,160,,,0,82,,13052,160,,,0,88,,13053,160,,,0,107,,13054,160,,,0,94,,13055,160,,,0,101,,13056,160,,,0
25001,'Week-end-03',716,,16157,160,,,0,99,,16141,160,,,0,30,,16144,160,,,0,99,,16151,160,,,0,70,,16152,160,,,0,101,,16143,160,,,0,30,,16146,160,,,0,100,,16154,160,,,0,70,,16155,160,,,0,100,,16142,160,,,0,29,,16153,160,,,0,100,,16145,160,,,0,71,,16150,160,,,0,101,,16156,160,,,0,30,,16147,160,,,0,100,,16148,160,,,0,70,,16140,160,,,0,101,,16149,160,,,0,30,,16158,160,,,0,101,,16139,160,,,0,70,,16159,160,,,0
25001,'Week-end-53',716,,13075,160,,,0,99,,13059,160,,,0,30,,13062,160,,,0,99,,13069,160,,,0,70,,13070,160,,,0,101,,13061,160,,,0,30,,13064,160,,,0,100,,13072,160,,,0,70,,13073,160,,,0,100,,13060,160,,,0,29,,13071,160,,,0,100,,13063,160,,,0,71,,13068,160,,,0,101,,13074,160,,,0,30,,13065,160,,,0,100,,13066,160,,,0,70,,13058,160,,,0,101,,13067,160,,,0,30,,13076,160,,,0,101,,13057,160,,,0,70,,13077,160,,,0
31700,'Semaine-03',653,,16711,120,0,11 23,0,70,,16712,120,0,11 23,0,110,,16713,120,0,11 23,0,290,,16714,120,0,11 23,0,300,,16715,120,0,11 23,0
31700,'Semaine-53',653,,13842,120,0,11 23,0,70,,13843,120,0,11 23,0,110,,13844,120,0,11 23,0,290,,13845,120,0,11 23,0,300,,13846,120,0,11 23,0
31701,'Semaine-03',1233,,16718,130,,,0,270,,16723,130,,,0,100,,16719,130,,,0,130,,16720,130,,,0,100,,16721,130,,,0,475,,16722,130,,,0
31701,'Semaine-53',1233,,13850,130,,,0,270,,13855,130,,,0,100,,13851,130,,,0,130,,13852,130,,,0,100,,13853,130,,,0,475,,13854,130,,,0
51401,'Semaine-03',531,,16742,160,,,0,95,,16743,160,,,0,74,,16744,160,,,0
51401,'Semaine-53',531,,14194,160,,,0,95,,14195,160,,,0,74,,14196,160,,,0
