22201,'Fête-1-02',744,,21342,10,,,0,100,,21342,1010,4,,0,100,,21330,1010,4,,0,100,,21329,1010,4,,0,100,,21331,10,,,0,100,,21332,10,,,0,100,,21333,10,,,0,100,,21334,10,,,0,100,,21335,10,,,0,100,,21336,10,,,0,100,,21337,10,,,0,100,,21338,10,,,0,100,,21339,10,,,0,100,,21340,10,,,0,100,,21341,10,0,8 6 22,0
22201,'Semaine-02',534,,17472,10,,,0,75,,17475,520,4,,0,5,,17455,10,,,0,18,,17472,1010,4,,0,12,,17473,10,,,0,68,,17455,1010,4,,0,12,,17456,10,,,0,18,,17473,1010,4,,0,62,,17457,10,,,0,21,,17456,1010,4,,0,80,,17457,1010,4,,0,9,,17458,10,,,0,99,,17458,1010,4,,0,1,,17459,10,,,0,98,,17459,1010,4,,0,2,,17460,10,,,0,98,,17460,1010,4,,0,2,,17461,10,,,0,98,,17461,1010,4,,0,2,,17462,10,,,0,98,,17462,1010,4,,0,2,,17463,10,,,0,98,,17463,1010,4,,0,2,,17464,10,,,0,98,,17464,1010,4,,0,2,,17465,10,,,0,40,,17474,10,,,0,61,,17465,1010,4,,0,14,,17466,10,,,0,26,,17474,1010,4,,0,54,,17467,10,,,0,21,,17466,1010,4,,0,80,,17467,1010,4,,0,4,,17468,10,,,0,98,,17468,1010,4,,0,2,,17469,10,,,0,98,,17469,1010,4,,0,2,,17470,10,,,0,98,,17470,1010,4,,0,2,,17471,10,0,8 6 22,0
22201,'Semaine-03',534,,21360,10,,,0,75,,21363,520,4,,0,5,,21343,10,,,0,18,,21360,1010,4,,0,12,,21361,10,,,0,68,,21343,1010,4,,0,12,,21344,10,,,0,18,,21361,1010,4,,0,62,,21345,10,,,0,21,,21344,1010,4,,0,80,,21345,1010,4,,0,9,,21346,10,,,0,99,,21346,1010,4,,0,1,,21347,10,,,0,98,,21347,1010,4,,0,2,,21348,10,,,0,98,,21348,1010,4,,0,2,,21349,10,,,0,98,,21349,1010,4,,0,2,,21350,10,,,0,98,,21350,1010,4,,0,2,,21351,10,,,0,98,,21351,1010,4,,0,2,,21352,10,,,0,98,,21352,1010,4,,0,2,,21353,10,,,0,40,,21362,10,,,0,61,,21353,1010,4,,0,14,,21354,10,,,0,26,,21362,1010,4,,0,54,,21355,10,,,0,21,,21354,1010,4,,0,80,,21355,1010,4,,0,4,,21356,10,,,0,98,,21356,1010,4,,0,2,,21357,10,,,0,98,,21357,1010,4,,0,2,,21358,10,,,0,98,,21358,1010,4,,0,2,,21359,10,0,8 6 22,0
22201,'Week-end-01',744,,17490,10,,,0,100,,17490,1010,4,,0,100,,17478,1010,4,,0,100,,17477,1010,4,,0,100,,17479,10,,,0,100,,17480,10,,,0,100,,17481,10,,,0,100,,17482,10,,,0,100,,17483,10,,,0,100,,17484,10,,,0,100,,17485,10,,,0,100,,17486,10,,,0,100,,17487,10,,,0,100,,17488,10,,,0,100,,17489,10,0,8 6 22,0
22501,'Fête-1-02',849,,21364,10,,,0,88,,21364,660,4,,0,112,,21365,10,,,0,92,,21365,660,4,,0,108,,21366,10,,,0,93,,21366,660,4,,0,107,,21367,10,,,0,93,,21367,660,4,,0,107,,21368,10,,,0,90,,21368,660,4,,0,110,,21369,10,,,0,87,,21369,660,4,,0,113,,21370,10,,,0,85,,21370,660,4,,0
22501,'Semaine-02',549,,17521,10,,,0,10,,17520,370,4,,0,60,,17522,10,,,0,23,,17521,660,4,,0,7,,17523,10,,,0,63,,17522,660,4,,0,17,,17524,10,,,0,15,,17523,660,4,,0,65,,17525,10,,,0,15,,17524,660,4,,0,25,,17526,10,,,0,55,,17525,660,4,,0,40,,17526,660,4,,0,5,,17527,10,,,0,91,,17527,660,4,,0,9,,17528,10,,,0,94,,17528,660,4,,0,6,,17529,10,,,0,94,,17529,660,4,,0,6,,17530,10,,,0,93,,17530,660,4,,0,7,,17531,10,,,0,95,,17531,660,4,,0,5,,17532,10,,,0,95,,17532,660,4,,0,5,,17533,10,,,0,90,,17534,10,,,0,5,,17533,660,4,,0,75,,17535,10,,,0,15,,17534,660,4,,0,25,,17536,10,,,0,55,,17535,660,4,,0,20,,17537,10,,,0,20,,17536,660,4,,0,50,,17538,10,,,0,20,,17537,660,4,,0,25,,17539,10,,,0,5,,17538,660,4,,0,85,,17539,660,4,,0,10,,17540,10,,,0,90,,17540,660,4,,0,10,,17541,10,,,0,88,,17541,660,4,,0
22501,'Semaine-03',549,,21372,10,,,0,10,,21371,370,4,,0,60,,21373,10,,,0,23,,21372,660,4,,0,7,,21374,10,,,0,63,,21373,660,4,,0,17,,21375,10,,,0,15,,21374,660,4,,0,65,,21376,10,,,0,15,,21375,660,4,,0,25,,21377,10,,,0,55,,21376,660,4,,0,40,,21377,660,4,,0,5,,21378,10,,,0,91,,21378,660,4,,0,9,,21379,10,,,0,94,,21379,660,4,,0,6,,21380,10,,,0,94,,21380,660,4,,0,6,,21381,10,,,0,93,,21381,660,4,,0,7,,21382,10,,,0,95,,21382,660,4,,0,5,,21383,10,,,0,95,,21383,660,4,,0,5,,21384,10,,,0,90,,21385,10,,,0,5,,21384,660,4,,0,75,,21386,10,,,0,15,,21385,660,4,,0,25,,21387,10,,,0,55,,21386,660,4,,0,20,,21388,10,,,0,20,,21387,660,4,,0,50,,21389,10,,,0,20,,21388,660,4,,0,25,,21390,10,,,0,5,,21389,660,4,,0,85,,21390,660,4,,0,10,,21391,10,,,0,90,,21391,660,4,,0,10,,21392,10,,,0,88,,21392,660,4,,0
22501,'Week-end-01',849,,17542,10,,,0,88,,17542,660,4,,0,112,,17543,10,,,0,92,,17543,660,4,,0,108,,17544,10,,,0,93,,17544,660,4,,0,107,,17545,10,,,0,93,,17545,660,4,,0,107,,17546,10,,,0,90,,17546,660,4,,0,110,,17547,10,,,0,87,,17547,660,4,,0,113,,17548,10,,,0,85,,17548,660,4,,0
22600,'Fête-1-02',749,,21399,10,,,0,86,,21399,660,4,,0,114,,21393,10,,,0,88,,21393,660,4,,0,112,,21394,10,,,0,93,,21394,660,4,,0,107,,21395,10,,,0,91,,21395,660,4,,0,109,,21396,10,,,0,90,,21396,660,4,,0,110,,21400,10,0,6 7,0,90,,21400,660,4,,0,110,,21397,10,,,0,88,,21397,660,4,,0,112,,21398,10,0,8 33 1 34,0
22600,'Semaine-02',544,,17603,500,4,,0,60,,17581,10,,,0,10,,17604,500,4,,0,20,,17582,10,,,0,20,,17581,660,4,,0,55,,17583,10,,,0,15,,17582,660,4,,0,25,,17584,10,,,0,51,,17583,660,4,,0,29,,17585,10,,,0,11,,17584,660,4,,0,79,,17586,10,,,0,1,,17585,660,4,,0,90,,17586,660,4,,0,9,,17587,10,,,0,91,,17587,660,4,,0,9,,17588,10,,,0,91,,17588,660,4,,0,9,,17589,10,,,0,91,,17589,660,4,,0,9,,17590,10,,,0,92,,17590,660,4,,0,8,,17591,10,,,0,92,,17591,660,4,,0,8,,17592,10,,,0,94,,17592,660,4,,0,6,,17593,10,,,0,40,,17594,10,,,0,54,,17593,660,4,,0,26,,17595,10,,,0,14,,17594,660,4,,0,66,,17596,10,,,0,12,,17595,660,4,,0,18,,17597,10,,,0,62,,17596,660,4,,0,8,,17598,10,,,0,20,,17597,660,4,,0,70,,17598,660,4,,0,10,,17599,10,,,0,88,,17599,660,4,,0,12,,17600,10,,,0,86,,17600,660,4,,0,14,,17601,10,,,0,86,,17601,660,4,,0,14,,17602,10,,,0,84,,17602,660,4,,0
22600,'Semaine-03',544,,21423,500,4,,0,60,,21401,10,,,0,10,,21424,500,4,,0,20,,21402,10,,,0,20,,21401,660,4,,0,55,,21403,10,,,0,15,,21402,660,4,,0,25,,21404,10,,,0,51,,21403,660,4,,0,29,,21405,10,,,0,11,,21404,660,4,,0,79,,21406,10,,,0,1,,21405,660,4,,0,90,,21406,660,4,,0,9,,21407,10,,,0,91,,21407,660,4,,0,9,,21408,10,,,0,91,,21408,660,4,,0,9,,21409,10,,,0,91,,21409,660,4,,0,9,,21410,10,,,0,92,,21410,660,4,,0,8,,21411,10,,,0,92,,21411,660,4,,0,8,,21412,10,,,0,94,,21412,660,4,,0,6,,21413,10,,,0,40,,21414,10,,,0,54,,21413,660,4,,0,26,,21415,10,,,0,14,,21414,660,4,,0,66,,21416,10,,,0,12,,21415,660,4,,0,18,,21417,10,,,0,62,,21416,660,4,,0,8,,21418,10,,,0,20,,21417,660,4,,0,70,,21418,660,4,,0,10,,21419,10,,,0,88,,21419,660,4,,0,12,,21420,10,,,0,86,,21420,660,4,,0,14,,21421,10,,,0,86,,21421,660,4,,0,14,,21422,10,,,0,84,,21422,660,4,,0
22600,'Week-end-01',749,,17611,10,,,0,86,,17611,660,4,,0,114,,17605,10,,,0,88,,17605,660,4,,0,112,,17606,10,,,0,93,,17606,660,4,,0,107,,17607,10,,,0,91,,17607,660,4,,0,109,,17608,10,,,0,90,,17608,660,4,,0,110,,17612,10,,,0,90,,17612,660,4,,0,110,,17609,10,,,0,88,,17609,660,4,,0,112,,17610,10,0,8 33 1 34,0
