40500,'Semaine-03',644,,16726,10,,,0,100,,16727,10,,,0,910,,16728,10,,,0
40500,'Semaine-53',644,,13912,10,,,0,100,,13913,10,,,0,910,,13914,10,,,0
40501,'Semaine-03',1640,,16729,140,4,,0,170,,16730,140,4,,0
40501,'Semaine-53',1640,,13915,140,4,,0,170,,13916,140,4,,0
60000,'Semaine-03',530,,16751,10,,,0,19,,16752,10,,,0,70,,16754,10,,,0,30,,16756,10,,,0,70,,16758,10,,,0,30,,16760,10,,,0,70,,16762,10,,,0,30,,16763,10,,,0,100,,16764,10,,,0,100,,16765,10,,,0,100,,16766,10,,,0,70,,16767,10,,,0,30,,16768,10,,,0,70,,16769,10,,,0,100,,16770,10,,,0,30,,16771,10,,,0,70,,16750,10,,,0,30,,16749,10,,,0,70,,16748,10,,,0,30,,16747,10,,,0,70,,16745,10,,,0,30,,16746,10,,,0,100,,16761,10,,,0,100,,16759,10,,,0,100,,16757,10,,,0,96,,16755,10,,,0,104,,16753,10,,,0
60000,'Semaine-53',530,,14220,10,,,0,19,,14221,10,,,0,70,,14223,10,,,0,30,,14225,10,,,0,70,,14227,10,,,0,30,,14229,10,,,0,70,,14231,10,,,0,30,,14232,10,,,0,100,,14233,10,,,0,100,,14234,10,,,0,100,,14235,10,,,0,70,,14236,10,,,0,30,,14237,10,,,0,70,,14238,10,,,0,100,,14239,10,,,0,30,,14240,10,,,0,70,,14219,10,,,0,30,,14218,10,,,0,70,,14217,10,,,0,30,,14216,10,,,0,70,,14214,10,,,0,30,,14215,10,,,0,100,,14230,10,,,0,100,,14228,10,,,0,100,,14226,10,,,0,96,,14224,10,,,0,104,,14222,10,,,0
60000,'Week-end-03',649,,16788,10,,,0,100,,16787,10,,,0,100,,16786,10,,,0,100,,16785,10,,,0,100,,16784,10,,,0,100,,16783,10,,,0,100,,16782,10,,,0,100,,16781,10,,,0,100,,16780,10,,,0,100,,16779,10,,,0,100,,16778,10,,,0,100,,16777,10,,,0,100,,16776,10,,,0,100,,16775,10,,,0,100,,16774,10,,,0,100,,16772,10,,,0,88,,16773,10,,,0
60000,'Week-end-53',649,,14257,10,,,0,100,,14256,10,,,0,100,,14255,10,,,0,100,,14254,10,,,0,100,,14253,10,,,0,100,,14252,10,,,0,100,,14251,10,,,0,100,,14250,10,,,0,100,,14249,10,,,0,100,,14248,10,,,0,100,,14247,10,,,0,100,,14246,10,,,0,100,,14245,10,,,0,100,,14244,10,,,0,100,,14243,10,,,0,100,,14241,10,,,0,88,,14242,10,,,0
60001,'Semaine-03',542,,16814,440,4,,0,70,,16815,440,4,,0,30,,16816,440,4,,0,70,,16817,730,4,,0,24,,16789,860,4,,0,73,,16790,860,4,,0,32,,16791,860,4,,0,100,,16792,860,4,,0,98,,16793,860,4,,0,98,,16794,860,4,,0,100,,16795,860,4,,0,70,,16796,860,4,,0,100,,16797,860,4,,0,30,,16798,860,4,,0,70,,16799,860,4,,0,30,,16800,860,4,,0,75,,16801,860,4,,0,30,,16802,860,4,,0,70,,16803,860,4,,0,30,,16804,860,4,,0,70,,16805,860,4,,0,30,,16806,860,4,,0,70,,16807,860,4,,0,30,,16808,860,4,,0,93,,16809,860,4,,0,100,,16810,860,4,,0,100,,16811,860,4,,0,100,,16812,860,4,,0,100,,16813,860,4,,0
60001,'Semaine-53',542,,14299,440,4,,0,70,,14300,440,4,,0,30,,14301,440,4,,0,70,,14302,730,4,,0,24,,14274,860,4,,0,73,,14275,860,4,,0,32,,14276,860,4,,0,100,,14277,860,4,,0,98,,14278,860,4,,0,98,,14279,860,4,,0,100,,14280,860,4,,0,70,,14281,860,4,,0,100,,14282,860,4,,0,30,,14283,860,4,,0,70,,14284,860,4,,0,30,,14285,860,4,,0,75,,14286,860,4,,0,30,,14287,860,4,,0,70,,14288,860,4,,0,30,,14289,860,4,,0,70,,14290,860,4,,0,30,,14291,860,4,,0,70,,14292,860,4,,0,30,,14293,860,4,,0,93,,14294,860,4,,0,100,,14295,860,4,,0,100,,14296,860,4,,0,100,,14297,860,4,,0,100,,14298,860,4,,0
60001,'Week-end-03',843,,16833,860,4,,0,100,,16832,860,4,,0,100,,16830,860,4,,0,100,,16831,860,4,,0,100,,16828,860,4,,0,100,,16829,860,4,,0,100,,16825,860,4,,0,100,,16826,860,4,,0,100,,16827,860,4,,0,100,,16824,860,4,,0,100,,16821,860,4,,0,100,,16822,860,4,,0,100,,16823,860,4,,0,100,,16819,860,4,,0,89,,16820,860,4,,0,185,,16818,860,4,,0
60001,'Week-end-53',843,,14318,860,4,,0,100,,14317,860,4,,0,100,,14315,860,4,,0,100,,14316,860,4,,0,100,,14313,860,4,,0,100,,14314,860,4,,0,100,,14310,860,4,,0,100,,14311,860,4,,0,100,,14312,860,4,,0,100,,14309,860,4,,0,100,,14306,860,4,,0,100,,14307,860,4,,0,100,,14308,860,4,,0,100,,14304,860,4,,0,89,,14305,860,4,,0,185,,14303,860,4,,0
60500,'Semaine-03',639,,16848,10,,,0,205,,16849,10,,,0
60500,'Semaine-53',639,,14333,10,,,0,205,,14334,10,,,0
60501,'Semaine-03',1655,,16850,530,4,,0,252,,16851,530,4,,0
60501,'Semaine-53',1655,,14335,530,4,,0,252,,14336,530,4,,0
