25001,'Fête-1-01',717,,19147,180,,,0,99,,19131,180,,,0,30,,19134,180,,,0,99,,19141,180,,,0,70,,19142,180,,,0,101,,19133,180,,,0,30,,19136,180,,,0,100,,19144,180,,,0,70,,19145,180,,,0,100,,19132,180,,,0,29,,19143,180,,,0,100,,19135,180,,,0,71,,19140,180,,,0,101,,19146,180,,,0,30,,19137,180,,,0,100,,19138,180,,,0,70,,19130,180,,,0,101,,19139,180,,,0,30,,19148,180,,,0,101,,19129,180,,,0,70,,19149,180,,,0
25001,'Semaine-01',542,,19150,180,,,0,65,,19151,180,,,0,28,,19152,180,0,8 27 75,0,21,,19153,180,,,0,85,,19154,180,,,0,96,,19155,180,,,0,72,,19156,180,,,0,96,,19157,180,,,0,100,,19158,180,,,0,103,,19159,180,,,0,100,,19160,180,,,0,102,,19161,180,,,0,115,,19162,180,,,0,99,,19163,180,,,0,26,,19164,180,,,0,70,,19165,180,,,0,28,,19166,180,,,0,83,,19167,180,,,0,87,,19168,180,,,0,108,,19169,180,,,0,93,,19170,180,,,0,101,,19171,180,,,0
25001,'Semaine-02',542,,19172,180,,,0,65,,19173,180,,,0,28,,19174,180,0,8 27 75,0,21,,19175,180,,,0,85,,19176,180,,,0,96,,19177,180,,,0,72,,19178,180,,,0,96,,19179,180,,,0,100,,19180,180,,,0,103,,19181,180,,,0,100,,19182,180,,,0,102,,19183,180,,,0,115,,19184,180,,,0,99,,19185,180,,,0,26,,19186,180,,,0,70,,19187,180,,,0,28,,19188,180,,,0,83,,19189,180,,,0,87,,19190,180,,,0,108,,19191,180,,,0,93,,19192,180,,,0,101,,19193,180,,,0
25001,'Week-end-01',717,,19212,180,,,0,99,,19196,180,,,0,30,,19199,180,,,0,99,,19206,180,,,0,70,,19207,180,,,0,101,,19198,180,,,0,30,,19201,180,,,0,100,,19209,180,,,0,70,,19210,180,,,0,100,,19197,180,,,0,29,,19208,180,,,0,100,,19200,180,,,0,71,,19205,180,,,0,101,,19211,180,,,0,30,,19202,180,,,0,100,,19203,180,,,0,70,,19195,180,,,0,101,,19204,180,,,0,30,,19213,180,,,0,101,,19194,180,,,0,70,,19214,180,,,0
31700,'Semaine-01',654,,20270,140,,,0,70,,20271,140,,,0,110,,20272,140,,,0,290,,20273,140,,,0,300,,20274,140,,,0
31700,'Semaine-02',654,,20276,140,,,0,70,,20277,140,,,0,110,,20278,140,,,0,290,,20279,140,,,0,300,,20280,140,,,0
31701,'Semaine-01',1234,,20284,150,,,0,270,,20289,150,,,0,100,,20285,150,,,0,130,,20286,150,,,0,100,,20287,150,,,0,475,,20288,150,,,0
31701,'Semaine-02',1234,,20291,150,,,0,270,,20296,150,,,0,100,,20292,150,,,0,130,,20293,150,,,0,100,,20294,150,,,0,475,,20295,150,,,0
51401,'Semaine-01',532,,20307,180,,,0,95,,20308,180,,,0,74,,20309,180,,,0
51401,'Semaine-02',532,,20310,180,,,0,95,,20311,180,,,0,74,,20312,180,,,0
