25001,'Fête-1-02',715,,22201,150,,,0,99,,22185,150,,,0,30,,22188,150,,,0,99,,22195,150,,,0,70,,22196,150,,,0,101,,22187,150,,,0,30,,22190,150,,,0,100,,22198,150,,,0,70,,22199,150,,,0,100,,22186,150,,,0,29,,22197,150,,,0,100,,22189,150,,,0,71,,22194,150,,,0,101,,22200,150,,,0,30,,22191,150,,,0,100,,22192,150,,,0,70,,22184,150,,,0,101,,22193,150,,,0,30,,22202,150,,,0,101,,22183,150,,,0,70,,22203,150,,,0
25001,'Semaine-02',540,,19172,150,,,0,65,,19173,150,,,0,28,,19174,150,0,8 27 75,0,21,,19175,150,,,0,85,,19176,150,,,0,96,,19177,150,,,0,72,,19178,150,,,0,96,,19179,150,,,0,100,,19180,150,,,0,103,,19181,150,,,0,100,,19182,150,,,0,102,,19183,150,,,0,115,,19184,150,,,0,99,,19185,150,,,0,26,,19186,150,,,0,70,,19187,150,,,0,28,,19188,150,,,0,83,,19189,150,,,0,87,,19190,150,,,0,108,,19191,150,,,0,93,,19192,150,,,0,101,,19193,150,,,0
25001,'Semaine-03',540,,22204,150,,,0,65,,22205,150,,,0,28,,22206,150,0,8 27 75,0,21,,22207,150,,,0,85,,22208,150,,,0,96,,22209,150,,,0,72,,22210,150,,,0,96,,22211,150,,,0,100,,22212,150,,,0,103,,22213,150,,,0,100,,22214,150,,,0,102,,22215,150,,,0,115,,22216,150,,,0,99,,22217,150,,,0,26,,22218,150,,,0,70,,22219,150,,,0,28,,22220,150,,,0,83,,22221,150,,,0,87,,22222,150,,,0,108,,22223,150,,,0,93,,22224,150,,,0,101,,22225,150,,,0
25001,'Week-end-01',715,,19212,150,,,0,99,,19196,150,,,0,30,,19199,150,,,0,99,,19206,150,,,0,70,,19207,150,,,0,101,,19198,150,,,0,30,,19201,150,,,0,100,,19209,150,,,0,70,,19210,150,,,0,100,,19197,150,,,0,29,,19208,150,,,0,100,,19200,150,,,0,71,,19205,150,,,0,101,,19211,150,,,0,30,,19202,150,,,0,100,,19203,150,,,0,70,,19195,150,,,0,101,,19204,150,,,0,30,,19213,150,,,0,101,,19194,150,,,0,70,,19214,150,,,0
31700,'Semaine-02',653,,20276,110,,,0,70,,20277,110,,,0,110,,20278,110,,,0,290,,20279,110,,,0,300,,20280,110,,,0
31700,'Semaine-03',653,,22754,110,,,0,70,,22755,110,,,0,110,,22756,110,,,0,290,,22757,110,,,0,300,,22758,110,,,0
31701,'Semaine-02',1233,,20291,120,,,0,270,,20296,120,,,0,100,,20292,120,,,0,130,,20293,120,,,0,100,,20294,120,,,0,475,,20295,120,,,0
31701,'Semaine-03',1233,,22761,120,,,0,270,,22766,120,,,0,100,,22762,120,,,0,130,,22763,120,,,0,100,,22764,120,,,0,475,,22765,120,,,0
51401,'Semaine-02',530,,20310,150,,,0,95,,20311,150,,,0,34,,20312,150,,,0
51401,'Semaine-03',530,,22772,150,,,0,95,,22773,150,,,0,34,,22774,150,,,0
