25001,'Semaine-03',543,,16114,220,,,0,64,,16115,220,,,0,29,,16116,220,,,0,21,,16117,220,,,0,85,,16118,220,,,0,62,,16119,220,,,0,34,,16120,220,,,0,72,,16121,220,,,0,37,,16122,220,,,0,59,,16123,220,,,0,100,,16124,220,,,0,103,,16125,220,,,0,100,,16126,220,,,0,102,,16127,220,,,0,115,,16128,220,,,0,24,,16129,220,,,0,75,,16130,220,,,0,26,,16131,220,,,0,70,,16132,220,,,0,28,,16133,220,,,0,82,,16134,220,,,0,88,,16135,220,,,0,107,,16136,220,,,0,94,,16137,220,,,0,101,,16138,220,,,0
25001,'Semaine-53',543,,13032,220,,,0,64,,13033,220,,,0,29,,13034,220,,,0,21,,13035,220,,,0,85,,13036,220,,,0,62,,13037,220,,,0,34,,13038,220,,,0,72,,13039,220,,,0,37,,13040,220,,,0,59,,13041,220,,,0,100,,13042,220,,,0,103,,13043,220,,,0,100,,13044,220,,,0,102,,13045,220,,,0,115,,13046,220,,,0,24,,13047,220,,,0,75,,13048,220,,,0,26,,13049,220,,,0,70,,13050,220,,,0,28,,13051,220,,,0,82,,13052,220,,,0,88,,13053,220,,,0,107,,13054,220,,,0,94,,13055,220,,,0,101,,13056,220,,,0
25001,'Week-end-03',718,,16157,220,,,0,99,,16141,220,,,0,30,,16144,220,,,0,99,,16151,220,,,0,70,,16152,220,,,0,101,,16143,220,,,0,30,,16146,220,,,0,100,,16154,220,,,0,70,,16155,220,,,0,100,,16142,220,,,0,29,,16153,220,,,0,100,,16145,220,,,0,71,,16150,220,,,0,101,,16156,220,,,0,30,,16147,220,,,0,100,,16148,220,,,0,70,,16140,220,,,0,101,,16149,220,,,0,30,,16158,220,,,0,101,,16139,220,,,0,70,,16159,220,,,0
25001,'Week-end-53',718,,13075,220,,,0,99,,13059,220,,,0,30,,13062,220,,,0,99,,13069,220,,,0,70,,13070,220,,,0,101,,13061,220,,,0,30,,13064,220,,,0,100,,13072,220,,,0,70,,13073,220,,,0,100,,13060,220,,,0,29,,13071,220,,,0,100,,13063,220,,,0,71,,13068,220,,,0,101,,13074,220,,,0,30,,13065,220,,,0,100,,13066,220,,,0,70,,13058,220,,,0,101,,13067,220,,,0,30,,13076,220,,,0,101,,13057,220,,,0,70,,13077,220,,,0
31700,'Semaine-03',655,,16711,180,0,11 23,0,70,,16712,180,0,11 23,0,110,,16713,180,0,11 23,0,290,,16714,180,0,11 23,0,300,,16715,180,0,11 23,0
31700,'Semaine-53',655,,13842,180,0,11 23,0,70,,13843,180,0,11 23,0,110,,13844,180,0,11 23,0,290,,13845,180,0,11 23,0,300,,13846,180,0,11 23,0
31701,'Semaine-03',1235,,16718,190,,,0,270,,16723,190,,,0,100,,16719,190,,,0,130,,16720,190,,,0,100,,16721,190,,,0,475,,16722,190,,,0
31701,'Semaine-53',1235,,13850,190,,,0,270,,13855,190,,,0,100,,13851,190,,,0,130,,13852,190,,,0,100,,13853,190,,,0,475,,13854,190,,,0
51401,'Semaine-03',533,,16742,220,,,0,95,,16743,220,,,0,74,,16744,220,,,0
51401,'Semaine-53',533,,14194,220,,,0,95,,14195,220,,,0,74,,14196,220,,,0
