24601,'Semaine-01',528,,18788,40,,,0,86,,18787,40,,,0,88,,18786,40,,,0,51,,18785,40,,,0,93,,18784,40,,,0,698,,18783,40,,,0,91,,18782,40,,,0,93,,18781,40,,,0,93,,18780,40,,,0,89,,18779,40,,,0
24601,'Semaine-02',528,,18798,40,,,0,86,,18797,40,,,0,88,,18796,40,,,0,51,,18795,40,,,0,93,,18794,40,,,0,698,,18793,40,,,0,91,,18792,40,,,0,93,,18791,40,,,0,93,,18790,40,,,0,89,,18789,40,,,0
25000,'Fête-1-01',808,,19045,40,,,0,100,,19043,40,,,0,30,,19046,40,,,0,100,,19047,40,,,0,70,,19048,40,,,0,100,,19044,40,,,0,30,,19061,40,,,0,100,,19056,40,,,0,70,,19059,40,,,0,100,,19062,40,,,0,30,,19053,40,,,0,100,,19052,40,,,0,70,,19054,40,,,0,100,,19055,40,,,0,30,,19060,40,,,0,100,,19050,40,,,0,70,,19063,40,,,0,100,,19057,40,,,0,30,,19049,40,,,0,100,,19058,40,,,0,70,,19051,40,,,0
25000,'Semaine-01',636,,19064,40,,,0,23,,19065,40,,,0,73,,19066,40,,,0,25,,19067,40,,,0,82,,19068,40,,,0,164,,19069,40,,,0,101,,19070,40,,,0,100,,19071,40,,,0,100,,19072,40,,,0,100,,19073,40,,,0,105,,19074,40,,,0,50,,19075,40,,,0,64,,19076,40,,,0,98,,19077,40,,,0,26,,19078,40,,,0,71,,19079,40,,,0,35,,19080,40,,,0,70,,19081,40,,,0,90,,19082,40,,,0,104,,19083,40,,,0,96,,19084,40,,,0,100,,19085,40,,,0
25000,'Semaine-02',636,,19086,40,,,0,23,,19087,40,,,0,73,,19088,40,,,0,25,,19089,40,,,0,82,,19090,40,,,0,164,,19091,40,,,0,101,,19092,40,,,0,100,,19093,40,,,0,100,,19094,40,,,0,100,,19095,40,,,0,105,,19096,40,,,0,50,,19097,40,,,0,64,,19098,40,,,0,98,,19099,40,,,0,26,,19100,40,,,0,71,,19101,40,,,0,35,,19102,40,,,0,70,,19103,40,,,0,90,,19104,40,,,0,104,,19105,40,,,0,96,,19106,40,,,0,100,,19107,40,,,0
25000,'Week-end-01',808,,19110,40,,,0,100,,19108,40,,,0,30,,19111,40,,,0,100,,19112,40,,,0,70,,19113,40,,,0,100,,19109,40,,,0,30,,19126,40,,,0,100,,19121,40,,,0,70,,19124,40,,,0,100,,19127,40,,,0,30,,19118,40,,,0,100,,19117,40,,,0,70,,19119,40,,,0,100,,19120,40,,,0,30,,19125,40,,,0,100,,19115,40,,,0,70,,19128,40,,,0,100,,19122,40,,,0,30,,19114,40,,,0,100,,19123,40,,,0,70,,19116,40,,,0
25201,'Semaine-01',607,,19277,40,,,0,38,,19269,40,,,0,76,,19283,40,,,0,36,,19281,40,,,0,73,,19278,40,,,0,678,,19279,40,,,0,40,,19275,40,,,0,73,,19272,40,,,0,31,,19274,40,,,0,71,,19280,40,,,0,30,,19270,40,,,0,69,,19282,40,,,0,31,,19276,40,,,0,69,,19273,40,,,0,28,,19271,40,,,0
25201,'Semaine-02',607,,19292,40,,,0,38,,19284,40,,,0,76,,19298,40,,,0,36,,19296,40,,,0,73,,19293,40,,,0,678,,19294,40,,,0,40,,19290,40,,,0,73,,19287,40,,,0,31,,19289,40,,,0,71,,19295,40,,,0,30,,19285,40,,,0,69,,19297,40,,,0,31,,19291,40,,,0,69,,19288,40,,,0,28,,19286,40,,,0
70900,'Fête-1-01',638,,20871,120,,,0,65,,20872,120,,,0,15,,20873,120,,,0,30,,20874,120,,,0,70,,20875,120,,,0,30,,20876,120,,,0,70,,20877,120,,,0,30,,20878,120,,,0,70,,20879,120,,,0,30,,20880,120,,,0,70,,20881,120,,,0,30,,20882,120,,,0,70,,20883,120,,,0,30,,20884,120,,,0,70,,20885,120,,,0,30,,20886,120,,,0,70,,20887,120,,,0,30,,20888,120,,,0,70,,20889,120,,,0,30,,20890,120,,,0,70,,20891,120,,,0,30,,20892,120,,,0,70,,20893,120,,,0,30,,20894,120,,,0,70,,20895,120,,,0,30,,20896,120,,,0,70,,20897,120,,,0,30,,20898,120,,,0,70,,20899,120,,,0,30,,20900,120,,,0,70,,20901,120,,,0,30,,20902,120,,,0,70,,20903,120,,,0,20,,20904,120,,,0,70,,20905,120,,,0,30,,20906,120,,,0,70,,20907,120,,,0,30,,20908,120,,,0,109,,20909,120,,,0
70900,'Semaine-01',553,,20911,120,0,11 12 13,0,78,,20912,120,0,11 12 13,0,20,,20913,120,0,11 12 13,0,7,,20914,120,0,11 12 13,0,78,,20915,120,0,11 12 13,0,19,,20916,120,0,11 12 13,0,65,,20917,120,0,11 12 13,0,28,,20918,120,0,11 12 13,0,74,,20919,120,0,11 12 13,0,25,,20957,120,0,11 12 13,0,68,,20920,120,0,11 12 13,0,15,,20921,120,0,11 12 13,0,29,,20922,120,0,11 12 13,0,55,,20923,120,0,11 12 13,0,15,,20924,120,0,11 12 13,0,23,,20925,120,0,11 12 13,0,70,,20926,120,0,11 12 13,0,15,,20953,120,0,11 12 13,0,15,,20956,120,0,11 12 13,0,55,,20955,120,0,11 12 13,0,30,,20954,120,0,11 12 13,0,85,,20952,120,0,11 12 13,0,15,,20927,120,0,11 12 13,0,21,,20928,120,0,11 12 13,0,84,,20929,120,,,0,66,,20930,120,,,0,20,,20950,120,,,0,17,,20951,120,,,0,11,,20944,120,,,0,56,,20949,120,,,0,13,,20945,120,,,0,13,,20946,120,,,0,9,,20947,120,,,0,11,,20948,120,,,0,53,,20943,120,,,0,28,,20931,120,,,0,13,,20932,120,,,0,52,,20933,120,,,0,12,,20934,120,,,0,27,,20942,120,,,0,59,,20935,120,,,0,29,,20936,120,,,0,22,,20959,120,,,0,70,,20937,120,,,0,15,,20938,120,,,0,97,,20939,120,,,0,69,,20940,120,,,0,44,,20958,120,,,0,99,,20941,120,,,0,108,,20910,120,,,0
70900,'Semaine-02',553,,20961,120,0,11 12 13,0,78,,20962,120,0,11 12 13,0,20,,20963,120,0,11 12 13,0,7,,20964,120,0,11 12 13,0,78,,20965,120,0,11 12 13,0,19,,20966,120,0,11 12 13,0,65,,20967,120,0,11 12 13,0,28,,20968,120,0,11 12 13,0,74,,20969,120,0,11 12 13,0,25,,21007,120,0,11 12 13,0,68,,20970,120,0,11 12 13,0,15,,20971,120,0,11 12 13,0,29,,20972,120,0,11 12 13,0,55,,20973,120,0,11 12 13,0,15,,20974,120,0,11 12 13,0,23,,20975,120,0,11 12 13,0,70,,20976,120,0,11 12 13,0,15,,21003,120,0,11 12 13,0,15,,21006,120,0,11 12 13,0,55,,21005,120,0,11 12 13,0,30,,21004,120,0,11 12 13,0,85,,21002,120,0,11 12 13,0,15,,20977,120,0,11 12 13,0,21,,20978,120,0,11 12 13,0,84,,20979,120,,,0,66,,20980,120,,,0,20,,21000,120,,,0,17,,21001,120,,,0,11,,20994,120,,,0,56,,20999,120,,,0,13,,20995,120,,,0,13,,20996,120,,,0,9,,20997,120,,,0,11,,20998,120,,,0,53,,20993,120,,,0,28,,20981,120,,,0,13,,20982,120,,,0,52,,20983,120,,,0,12,,20984,120,,,0,27,,20992,120,,,0,59,,20985,120,,,0,29,,20986,120,,,0,22,,21009,120,,,0,70,,20987,120,,,0,15,,20988,120,,,0,97,,20989,120,,,0,69,,20990,120,,,0,44,,21008,120,,,0,99,,20991,120,,,0,108,,20960,120,,,0
70900,'Week-end-01',638,,21010,120,,,0,65,,21011,120,,,0,15,,21012,120,,,0,30,,21013,120,,,0,70,,21014,120,,,0,30,,21015,120,,,0,70,,21016,120,,,0,30,,21017,120,,,0,70,,21018,120,,,0,30,,21019,120,,,0,70,,21020,120,,,0,30,,21021,120,,,0,70,,21022,120,,,0,30,,21023,120,,,0,70,,21024,120,,,0,30,,21025,120,,,0,70,,21026,120,,,0,30,,21027,120,,,0,70,,21028,120,,,0,30,,21029,120,,,0,70,,21030,120,,,0,30,,21031,120,,,0,70,,21032,120,,,0,30,,21033,120,,,0,70,,21034,120,,,0,30,,21035,120,,,0,70,,21036,120,,,0,30,,21037,120,,,0,70,,21038,120,,,0,30,,21039,120,,,0,70,,21040,120,,,0,30,,21041,120,,,0,70,,21042,120,,,0,20,,21043,120,,,0,70,,21044,120,,,0,30,,21045,120,,,0,70,,21046,120,,,0,30,,21047,120,,,0,109,,21048,120,,,0
