22701,'Fête-1-02',850,,21425,30,,,0,200,,21426,30,,,0,200,,21427,30,,,0,200,,21428,30,,,0,200,,21429,30,,,0,200,,21430,30,,,0,200,,21431,30,,,0
22701,'Semaine-02',550,,17646,30,,,0,70,,17647,30,,,0,30,,17648,30,,,0,80,,17649,30,,,0,80,,17650,30,,,0,40,,17651,30,,,0,100,,17652,30,,,0,100,,17653,30,,,0,100,,17654,30,,,0,100,,17655,30,,,0,100,,17656,30,,,0,100,,17657,30,,,0,100,,17658,30,,,0,90,,17659,30,,,0,80,,17660,30,,,0,80,,17661,30,,,0,35,,17662,30,,,0,70,,17663,30,,,0,45,,17664,30,,,0,100,,17665,30,,,0,100,,17666,30,,,0,100,,17667,30,0,8 14 1 15 16 17,0
22701,'Semaine-03',550,,21434,30,,,0,70,,21435,30,,,0,30,,21436,30,,,0,80,,21437,30,,,0,80,,21438,30,,,0,40,,21439,30,,,0,100,,21440,30,,,0,100,,21441,30,,,0,100,,21442,30,,,0,100,,21443,30,,,0,100,,21444,30,,,0,100,,21445,30,,,0,100,,21446,30,,,0,90,,21447,30,,,0,80,,21448,30,,,0,80,,21449,30,,,0,35,,21450,30,,,0,70,,21451,30,,,0,45,,21452,30,,,0,100,,21453,30,,,0,100,,21454,30,,,0,100,,21455,30,0,8 14 1 15 16 17,0
22701,'Week-end-01',850,,17668,30,,,0,200,,17669,30,,,0,200,,17670,30,,,0,200,,17671,30,,,0,200,,17672,30,,,0,200,,17673,30,,,0,200,,17674,30,,,0
22800,'Fête-1-02',750,,21463,30,,,0,200,,21460,30,,,0,200,,21461,30,,,0,200,,21456,30,,,0,200,,21458,30,,,0,200,,21462,30,,,0,200,,21459,30,,,0,200,,21457,30,0,8 14 1 18 19,0
22800,'Semaine-02',605,,17708,30,,,0,30,,17709,30,,,0,75,,17710,30,,,0,40,,17711,30,,,0,80,,17712,30,,,0,90,,17713,30,,,0,100,,17714,30,,,0,100,,17715,30,,,0,100,,17716,30,,,0,100,,17717,30,,,0,100,,17718,30,,,0,100,,17719,30,,,0,100,,17720,30,,,0,80,,17721,30,,,0,40,,17722,30,,,0,80,,17723,30,,,0,30,,17724,30,,,0,70,,17725,30,,,0,100,,17726,30,,,0,100,,17727,30,,,0,100,,17728,30,,,0,100,,17729,30,0,8 14 1 18 19,0
22800,'Semaine-03',605,,21465,30,,,0,30,,21466,30,,,0,75,,21467,30,,,0,40,,21468,30,,,0,80,,21469,30,,,0,90,,21470,30,,,0,100,,21471,30,,,0,100,,21472,30,,,0,100,,21473,30,,,0,100,,21474,30,,,0,100,,21475,30,,,0,100,,21476,30,,,0,100,,21477,30,,,0,80,,21478,30,,,0,40,,21479,30,,,0,80,,21480,30,,,0,30,,21481,30,,,0,70,,21482,30,,,0,100,,21483,30,,,0,100,,21484,30,,,0,100,,21485,30,,,0,100,,21486,30,0,8 14 1 18 19,0
22800,'Week-end-01',750,,17738,30,,,0,200,,17735,30,,,0,200,,17736,30,,,0,200,,17731,30,,,0,200,,17733,30,,,0,200,,17737,30,,,0,200,,17734,30,,,0,200,,17732,30,0,8 14 1 18 19,0
70801,'Fête-1-02',625,,23004,30,,,0,100,,23020,30,,,0,34,,23005,30,,,0,100,,23006,30,,,0,91,,23007,30,,,0,100,,23008,30,,,0,100,,23009,30,,,0,100,,23010,30,,,0,100,,23011,30,,,0,100,,23012,30,,,0,100,,23013,30,,,0,100,,23014,30,,,0,100,,23015,30,,,0,100,,23016,30,,,0,100,,23017,30,,,0,100,,23018,30,,,0,100,,23019,30,,,0,80,,23002,30,,,0,118,,23003,30,,,0
70801,'Semaine-02',436,,20819,30,,,0,69,,20820,30,,,0,45,,20821,30,,,0,70,,20822,30,,,0,30,,20823,30,,,0,70,,20824,30,,,0,30,,20825,30,,,0,70,,20826,30,,,0,30,,20827,30,,,0,100,,20828,30,,,0,100,,20829,30,,,0,100,,20830,30,,,0,100,,20831,30,,,0,100,,20832,30,,,0,100,,20833,30,,,0,100,,20834,30,,,0,70,,20835,30,,,0,30,,20836,30,,,0,70,,20837,30,,,0,30,,20838,30,,,0,70,,20839,30,,,0,30,,20840,30,,,0,100,,20841,30,,,0,100,,20842,30,,,0,100,,20843,30,,,0,100,,20844,30,,,0,96,,20845,30,,,0,100,,20851,30,,,0
70801,'Semaine-03',436,,23021,30,,,0,69,,23022,30,,,0,45,,23023,30,,,0,70,,23024,30,,,0,30,,23025,30,,,0,70,,23026,30,,,0,30,,23027,30,,,0,70,,23028,30,,,0,30,,23029,30,,,0,100,,23030,30,,,0,100,,23031,30,,,0,100,,23032,30,,,0,100,,23033,30,,,0,100,,23034,30,,,0,100,,23035,30,,,0,100,,23036,30,,,0,70,,23037,30,,,0,30,,23038,30,,,0,70,,23039,30,,,0,30,,23040,30,,,0,70,,23041,30,,,0,30,,23042,30,,,0,100,,23043,30,,,0,100,,23044,30,,,0,100,,23045,30,,,0,100,,23046,30,,,0,96,,23047,30,,,0,100,,23053,30,,,0
70801,'Week-end-01',625,,20854,30,,,0,100,,20870,30,,,0,34,,20855,30,,,0,100,,20856,30,,,0,91,,20857,30,,,0,100,,20858,30,,,0,100,,20859,30,,,0,100,,20860,30,,,0,100,,20861,30,,,0,100,,20862,30,,,0,100,,20863,30,,,0,100,,20864,30,,,0,100,,20865,30,,,0,100,,20866,30,,,0,100,,20867,30,,,0,100,,20868,30,,,0,100,,20869,30,,,0,80,,20852,30,,,0,118,,20853,30,,,0
