24100,'Fête-2-02',543,,2269,,,0,16,,2270,,,0,81,,2271,,,0,63,,2272,,,0,101,,2273,,,0,102,,2274,,,0,100,,2275,,,0,100,,2276,,,0,100,,2277,,,0,100,,2278,,,0,100,,2279,,,0,107,,2280,,,0,111,,2281,,,0,100,,2282,,,0,28,,2283,,,0,72,,2284,,,0,32,,2285,,,0,98,,2286,,,0,69,,2287,,,0,98,,2288,,,0,97,,2289,,,0,98,,2290,,,0
24100,'Semaine-01',543,,2291,,,0,61,,2292,,,0,36,,2293,,,0,64,,2294,,,0,35,,2295,,,0,67,,2296,,,0,34,,2297,,,0,66,,2298,,,0,100,,2299,,,0,100,,2300,,,0,100,,2301,,,0,100,,2302,,,0,100,,2303,,,0,107,,2304,,,0,41,,2306,,,0,70,,2307,,,0,30,,2308,,,0,70,,2309,,,0,29,,2310,,,0,71,,2311,,,0,33,,2312,,,0,67,,2313,,,0,30,,2314,,,0,69,,2315,,,0,98,,2316,,,0,97,,2317,,,0,98,,2318,,,0
24100,'Semaine-50',543,,2319,,,0,61,,2320,,,0,36,,2321,,,0,64,,2322,,,0,35,,2323,,,0,67,,2324,,,0,34,,2325,,,0,66,,2326,,,0,100,,2327,,,0,100,,2328,,,0,100,,2329,,,0,100,,2330,,,0,100,,2331,,,0,107,,2332,,,0,41,,2334,,,0,70,,2335,,,0,30,,2336,,,0,70,,2337,,,0,29,,2338,,,0,71,,2339,,,0,33,,2340,,,0,67,,2341,,,0,30,,2342,,,0,69,,2343,,,0,98,,2344,,,0,97,,2345,,,0,98,,2346,,,0
24201,'Fête-1-01',716,,2347,,,0,100,,2348,,,0,100,,2349,,,0,100,,2350,,,0,100,,2351,,,0,100,,2352,,,0,100,,2353,,,0,100,,2354,,,0,100,,2355,,,0,100,,2356,,,0,100,,2357,,,0,100,,2358,,,0,100,,2359,,,0,100,,2360,,,0,100,,2361,,,0,100,,2362,,,0
24201,'Fête-1-02',716,,2363,,,0,100,,2364,,,0,100,,2365,,,0,100,,2366,,,0,100,,2367,,,0,100,,2368,,,0,100,,2369,,,0,100,,2370,,,0,100,,2371,,,0,100,,2372,,,0,100,,2373,,,0,100,,2374,,,0,100,,2375,,,0,100,,2376,,,0,100,,2377,,,0,100,,2378,,,0
24201,'Fête-2-02',556,,2379,,,0,75,,2380,,,0,79,,2381,,,0,35,,2382,,,0,76,,2383,,,0,38,,2384,,,0,151,,2385,,,0,100,,2386,,,0,100,,2387,,,0,100,,2388,,,0,100,,2389,,,0,107,,2390,,,0,88,,2391,,,0,27,,2392,,,0,90,,2393,,,0,32,,2394,,,0,83,,2395,,,0,83,,2396,,,0,100,,2397,,,0,100,,2398,,,0,100,,2399,,,0
24201,'Semaine-01',556,,2400,,,0,75,,2401,,,0,79,,2402,,,0,35,,2403,,,0,76,,2404,,,0,38,,2405,,,0,151,,2406,,,0,100,,2407,,,0,100,,2408,,,0,100,,2409,,,0,100,,2410,,,0,107,,2411,,,0,88,,2412,,,0,27,,2413,,,0,90,,2414,,,0,32,,2415,,,0,83,,2416,,,0,83,,2417,,,0,100,,2418,,,0,100,,2419,,,0,100,,2420,,,0
24201,'Semaine-50',556,,2421,,,0,75,,2422,,,0,79,,2423,,,0,35,,2424,,,0,76,,2425,,,0,38,,2426,,,0,151,,2427,,,0,100,,2428,,,0,100,,2429,,,0,100,,2430,,,0,100,,2431,,,0,107,,2432,,,0,88,,2433,,,0,27,,2434,,,0,90,,2435,,,0,32,,2436,,,0,83,,2437,,,0,83,,2438,,,0,100,,2439,,,0,100,,2440,,,0,100,,2441,,,0
24201,'Week-end-01',716,,2442,,,0,100,,2443,,,0,100,,2444,,,0,100,,2445,,,0,100,,2446,,,0,100,,2447,,,0,100,,2448,,,0,100,,2449,,,0,100,,2450,,,0,100,,2451,,,0,100,,2452,,,0,100,,2453,,,0,100,,2454,,,0,100,,2455,,,0,100,,2456,,,0,100,,2457,,,0
24201,'Week-end-50',716,,2458,,,0,100,,2459,,,0,100,,2460,,,0,100,,2461,,,0,100,,2462,,,0,100,,2463,,,0,100,,2464,,,0,100,,2465,,,0,100,,2466,,,0,100,,2467,,,0,100,,2468,,,0,100,,2469,,,0,100,,2470,,,0,100,,2471,,,0,100,,2472,,,0,100,,2473,,,0
