'LA-H26-LAGTFS-Fête-1-01',30600,85300,4,'',0,10000,4,'',0,10000,4,'',0,10000,4,'',0,10000,4,'',0,10000,4,'',0,10000,4,'',0,10000,4,'',0,10000,4,'',0,10000,4,'',0,10000,4,'',0,10000,4,'',0,10000,4,'',0,10000,4,'',0,10000,4,'',0
'LA-H26-LAGTFS-Fête-1-01',30601,75600,,'',0,10000,,'',0,10000,,'',0,10000,,'',0,10100,,'',0,10000,,'',0,10000,,'',0,10000,,'',0,10000,,'',0,10000,,'',0,10000,,'',0,9900,,'',0,10000,,'',0,10000,,'',0,10000,,'',0
'LA-H26-LAGTFS-Fête-1-02',30600,85300,4,'',0,10000,4,'',0,10000,4,'',0,10000,4,'',0,10000,4,'',0,10000,4,'',0,10000,4,'',0,10000,4,'',0,10000,4,'',0,10000,4,'',0,10000,4,'',0,10000,4,'',0,10000,4,'',0,10000,4,'',0,10000,4,'',0
'LA-H26-LAGTFS-Fête-1-02',30601,75600,,'',0,10000,,'',0,10000,,'',0,10000,,'',0,10100,,'',0,10000,,'',0,10000,,'',0,10000,,'',0,10000,,'',0,10000,,'',0,10000,,'',0,9900,,'',0,10000,,'',0,10000,,'',0,10000,,'',0
'LA-H26-LAGTFS-Fête-2-02',30600,62800,4,'',0,3000,4,'',0,7000,4,'',0,3000,4,'',0,7000,4,'',0,3000,4,'',0,10000,4,'',0,10000,4,'',0,10000,4,'',0,10000,4,'',0,10000,4,'',0,10000,4,'',0,10000,4,'',0,7000,4,'',0,3000,4,'',0,7000,4,'',0,3000,4,'',0,7000,4,'',0,3000,4,'',0,10000,4,'',0,10000,4,'',0,10000,4,'',0,10000,4,'',0
'LA-H26-LAGTFS-Fête-2-02',30601,53300,,'',0,10000,,'',0,7000,,'',0,3200,,'',0,7000,,'',0,9800,,'',0,10000,,'',0,10000,,'',0,10000,,'',0,10000,,'',0,10000,,'',0,10100,,'',0,3000,,'',0,7000,,'',0,3000,,'',0,7000,,'',0,3000,,'',0,7000,,'',0,9800,,'',0,10000,,'',0,9900,,'',0,10000,,'',0
'LA-H26-LAGTFS-Semaine-01',30600,62800,4,'',0,3000,4,'',0,7000,4,'',0,3000,4,'',0,7000,4,'',0,3000,4,'',0,10000,4,'',0,10000,4,'',0,10000,4,'',0,10000,4,'',0,10000,4,'',0,10000,4,'',0,10000,4,'',0,7000,4,'',0,3000,4,'',0,7000,4,'',0,3000,4,'',0,7000,4,'',0,3000,4,'',0,10000,4,'',0,10000,4,'',0,10000,4,'',0,10000,4,'',0
'LA-H26-LAGTFS-Semaine-01',30601,53300,,'',0,10000,,'',0,7000,,'',0,3200,,'',0,7000,,'',0,9800,,'',0,10000,,'',0,10000,,'',0,10000,,'',0,10000,,'',0,10000,,'',0,10100,,'',0,3000,,'',0,7000,,'',0,3000,,'',0,7000,,'',0,3000,,'',0,7000,,'',0,9800,,'',0,10000,,'',0,9900,,'',0,10000,,'',0
'LA-H26-LAGTFS-Semaine-50',30600,62800,4,'',0,3000,4,'',0,7000,4,'',0,3000,4,'',0,7000,4,'',0,3000,4,'',0,10000,4,'',0,10000,4,'',0,10000,4,'',0,10000,4,'',0,10000,4,'',0,10000,4,'',0,10000,4,'',0,7000,4,'',0,3000,4,'',0,7000,4,'',0,3000,4,'',0,7000,4,'',0,3000,4,'',0,10000,4,'',0,10000,4,'',0,10000,4,'',0,10000,4,'',0
'LA-H26-LAGTFS-Semaine-50',30601,53300,,'',0,10000,,'',0,7000,,'',0,3200,,'',0,7000,,'',0,9800,,'',0,10000,,'',0,10000,,'',0,10000,,'',0,10000,,'',0,10000,,'',0,10100,,'',0,3000,,'',0,7000,,'',0,3000,,'',0,7000,,'',0,3000,,'',0,7000,,'',0,9800,,'',0,10000,,'',0,9900,,'',0,10000,,'',0
'LA-H26-LAGTFS-Week-end-01',30600,85300,4,'',0,10000,4,'',0,10000,4,'',0,10000,4,'',0,10000,4,'',0,10000,4,'',0,10000,4,'',0,10000,4,'',0,10000,4,'',0,10000,4,'',0,10000,4,'',0,10000,4,'',0,10000,4,'',0,10000,4,'',0,10000,4,'',0
'LA-H26-LAGTFS-Week-end-01',30601,75600,,'',0,10000,,'',0,10000,,'',0,10000,,'',0,10100,,'',0,10000,,'',0,10000,,'',0,10000,,'',0,10000,,'',0,10000,,'',0,10000,,'',0,9900,,'',0,10000,,'',0,10000,,'',0,10000,,'',0
'LA-H26-LAGTFS-Week-end-50',30600,85300,4,'',0,10000,4,'',0,10000,4,'',0,10000,4,'',0,10000,4,'',0,10000,4,'',0,10000,4,'',0,10000,4,'',0,10000,4,'',0,10000,4,'',0,10000,4,'',0,10000,4,'',0,10000,4,'',0,10000,4,'',0,10000,4,'',0
'LA-H26-LAGTFS-Week-end-50',30601,75600,,'',0,10000,,'',0,10000,,'',0,10000,,'',0,10100,,'',0,10000,,'',0,10000,,'',0,10000,,'',0,10000,,'',0,10000,,'',0,10000,,'',0,9900,,'',0,10000,,'',0,10000,,'',0,10000,,'',0
