25100,'Semaine-03',900,,16161,10,,,0,100,,16160,10,,,0,100,,16169,10,,,0,100,,16165,10,,,0,100,,16168,10,,,0,100,,16163,10,,,0,615,,16166,10,,,0,97,,16164,10,,,0,98,,16162,10,,,0,100,,16167,10,,,0
25100,'Semaine-53',900,,13095,10,,,0,100,,13094,10,,,0,100,,13103,10,,,0,100,,13099,10,,,0,100,,13102,10,,,0,100,,13097,10,,,0,615,,13100,10,,,0,97,,13098,10,,,0,98,,13096,10,,,0,100,,13101,10,,,0
25100,'Week-end-03',805,,16184,10,,,0,100,,16182,10,,,0,100,,16185,10,,,0,100,,16181,10,,,0,100,,16180,10,,,0,100,,16183,10,,,0,100,,16176,10,,,0,100,,16179,10,,,0,100,,16175,10,,,0,100,,16177,10,,,0,100,,16173,10,,,0,100,,16178,10,,,0,100,,16170,10,,,0,100,,16171,10,,,0,100,,16172,10,,,0,100,,16174,10,,,0
25100,'Week-end-53',805,,13118,10,,,0,100,,13116,10,,,0,100,,13119,10,,,0,100,,13115,10,,,0,100,,13114,10,,,0,100,,13117,10,,,0,100,,13110,10,,,0,100,,13113,10,,,0,100,,13109,10,,,0,100,,13111,10,,,0,100,,13107,10,,,0,100,,13112,10,,,0,100,,13104,10,,,0,100,,13105,10,,,0,100,,13106,10,,,0,100,,13108,10,,,0
25101,'Semaine-03',953,,16186,360,4,,0,100,,16187,360,4,,0,100,,16190,360,4,,0,100,,16191,360,4,,0,100,,16192,360,4,,0,100,,16188,360,4,,0,654,,16189,360,4,,0,98,,16193,360,4,,0,100,,16194,360,4,,0
25101,'Semaine-53',953,,13136,360,4,,0,100,,13137,360,4,,0,100,,13140,360,4,,0,100,,13141,360,4,,0,100,,13142,360,4,,0,100,,13138,360,4,,0,654,,13139,360,4,,0,98,,13143,360,4,,0,100,,13144,360,4,,0
25101,'Week-end-03',758,,16205,360,4,,0,100,,16210,360,4,,0,100,,16209,360,4,,0,100,,16204,360,4,,0,100,,16207,360,4,,0,100,,16208,360,4,,0,100,,16206,360,4,,0,100,,16201,360,4,,0,100,,16199,360,4,,0,100,,16200,360,4,,0,100,,16202,360,4,,0,100,,16196,360,4,,0,100,,16197,360,4,,0,100,,16198,360,4,,0,100,,16195,360,4,,0,100,,16203,360,4,,0
25101,'Week-end-53',758,,13155,360,4,,0,100,,13160,360,4,,0,100,,13159,360,4,,0,100,,13154,360,4,,0,100,,13157,360,4,,0,100,,13158,360,4,,0,100,,13156,360,4,,0,100,,13151,360,4,,0,100,,13149,360,4,,0,100,,13150,360,4,,0,100,,13152,360,4,,0,100,,13146,360,4,,0,100,,13147,360,4,,0,100,,13148,360,4,,0,100,,13145,360,4,,0,100,,13153,360,4,,0
25201,'Semaine-03',604,,16219,10,,,0,25,,16219,330,4,,0,13,,16211,10,,,0,65,,16211,330,4,,0,11,,16225,10,,,0,26,,16225,330,4,,0,10,,16223,10,,,0,66,,16223,330,4,,0,7,,16220,10,,,0,25,,16220,330,4,,0,653,,16221,10,,,0,26,,16221,330,4,,0,14,,16217,10,,,0,65,,16217,330,4,,0,5,,16214,10,,,0,26,,16214,330,4,,0,5,,16216,10,,,0,66,,16216,330,4,,0,5,,16222,10,,,0,25,,16222,330,4,,0,5,,16212,10,,,0,64,,16212,330,4,,0,5,,16224,10,,,0,24,,16224,330,4,,0,6,,16218,10,,,0,64,,16218,330,4,,0,6,,16215,10,,,0,23,,16215,330,4,,0,8,,16213,10,,,0,63,,16213,330,4,,0
25201,'Semaine-53',604,,13169,10,,,0,25,,13169,330,4,,0,13,,13161,10,,,0,65,,13161,330,4,,0,11,,13175,10,,,0,26,,13175,330,4,,0,10,,13173,10,,,0,66,,13173,330,4,,0,7,,13170,10,,,0,25,,13170,330,4,,0,653,,13171,10,,,0,26,,13171,330,4,,0,14,,13167,10,,,0,65,,13167,330,4,,0,5,,13164,10,,,0,26,,13164,330,4,,0,5,,13166,10,,,0,66,,13166,330,4,,0,5,,13172,10,,,0,25,,13172,330,4,,0,5,,13162,10,,,0,64,,13162,330,4,,0,5,,13174,10,,,0,24,,13174,330,4,,0,6,,13168,10,,,0,64,,13168,330,4,,0,6,,13165,10,,,0,23,,13165,330,4,,0,8,,13163,10,,,0,63,,13163,330,4,,0
