24201,'Fête-1-01',752,,2347,,,0,100,,2348,,,0,100,,2349,,,0,100,,2350,,,0,100,,2351,,,0,100,,2352,,,0,100,,2353,,,0,100,,2354,,,0,100,,2355,,,0,100,,2356,,,0,100,,2357,,,0,100,,2358,,,0,100,,2359,,,0,100,,2360,,,0,100,,2361,,,0,100,,2362,,,0
24201,'Fête-1-02',752,,2363,,,0,100,,2364,,,0,100,,2365,,,0,100,,2366,,,0,100,,2367,,,0,100,,2368,,,0,100,,2369,,,0,100,,2370,,,0,100,,2371,,,0,100,,2372,,,0,100,,2373,,,0,100,,2374,,,0,100,,2375,,,0,100,,2376,,,0,100,,2377,,,0,100,,2378,,,0
24201,'Fête-2-02',642,,2379,,,0,75,,2380,,,0,39,,2381,,,0,75,,2382,,,0,76,,2383,,,0,38,,2384,,,0,103,,2385,,,0,100,,2386,,,0,100,,2387,,,0,100,,2388,,,0,100,,2389,,,0,107,,2390,,,0,88,,2391,,,0,82,,2392,,,0,90,,2393,,,0,32,,2394,,,0,68,,2395,,,0,43,,2396,,,0,100,,2397,,,0,100,,2398,,,0,100,,2399,,,0
24201,'Semaine-01',642,,2400,,,0,75,,2401,,,0,39,,2402,,,0,75,,2403,,,0,76,,2404,,,0,38,,2405,,,0,103,,2406,,,0,100,,2407,,,0,100,,2408,,,0,100,,2409,,,0,100,,2410,,,0,107,,2411,,,0,88,,2412,,,0,82,,2413,,,0,90,,2414,,,0,32,,2415,,,0,68,,2416,,,0,43,,2417,,,0,100,,2418,,,0,100,,2419,,,0,100,,2420,,,0
24201,'Semaine-50',642,,2421,,,0,75,,2422,,,0,39,,2423,,,0,75,,2424,,,0,76,,2425,,,0,38,,2426,,,0,103,,2427,,,0,100,,2428,,,0,100,,2429,,,0,100,,2430,,,0,100,,2431,,,0,107,,2432,,,0,88,,2433,,,0,82,,2434,,,0,90,,2435,,,0,32,,2436,,,0,68,,2437,,,0,43,,2438,,,0,100,,2439,,,0,100,,2440,,,0,100,,2441,,,0
24201,'Week-end-01',752,,2442,,,0,100,,2443,,,0,100,,2444,,,0,100,,2445,,,0,100,,2446,,,0,100,,2447,,,0,100,,2448,,,0,100,,2449,,,0,100,,2450,,,0,100,,2451,,,0,100,,2452,,,0,100,,2453,,,0,100,,2454,,,0,100,,2455,,,0,100,,2456,,,0,100,,2457,,,0
24201,'Week-end-50',752,,2458,,,0,100,,2459,,,0,100,,2460,,,0,100,,2461,,,0,100,,2462,,,0,100,,2463,,,0,100,,2464,,,0,100,,2465,,,0,100,,2466,,,0,100,,2467,,,0,100,,2468,,,0,100,,2469,,,0,100,,2470,,,0,100,,2471,,,0,100,,2472,,,0,100,,2473,,,0
61001,'Fête-1-01',757,,6270,,,0,100,,6271,,,0,70,,6272,,,0,101,,6273,,,0,100,,6274,,,0,100,,6275,,,0,100,,6276,,,0,100,,6277,,,0,100,,6278,,,0,100,,6279,,,0,100,,6280,,,0,98,,6281,,,0,100,,6282,,,0,100,,6283,,,0,100,,6284,,,0,100,,6285,,,0,100,,6286,,,0
61001,'Fête-1-02',757,,6287,,,0,100,,6288,,,0,70,,6289,,,0,101,,6290,,,0,100,,6291,,,0,100,,6292,,,0,100,,6293,,,0,100,,6294,,,0,100,,6295,,,0,100,,6296,,,0,100,,6297,,,0,98,,6298,,,0,100,,6299,,,0,100,,6300,,,0,100,,6301,,,0,100,,6302,,,0,100,,6303,,,0
61001,'Fête-2-02',633,,6304,,,0,102,,6305,,,0,97,,6306,,,0,98,,6307,,,0,100,,6308,,,0,99,,6309,,,0,100,,6310,,,0,100,,6311,,,0,100,,6312,,,0,102,,6313,,,0,103,,6314,,,0,103,,6315,,,0,98,,6316,,,0,92,,6317,,,0,100,,6318,,,0,100,,6319,,,0,100,,6320,,,0,100,,6321,,,0
61001,'Semaine-01',603,,6322,,,0,30,,6323,,,0,72,,6324,,,0,30,,6325,,,0,70,,6326,,,0,27,,6327,,,0,68,,6346,,,0,30,,6328,,,0,100,,6329,,,0,99,,6330,,,0,100,,6331,,,0,100,,6332,,,0,100,,6333,,,0,102,,6334,,,0,103,,6335,,,0,73,,6336,,,0,30,,6337,,,0,68,,6338,,,0,30,,6339,,,0,22,,6340,,,0,70,,6341,,,0,100,,6342,,,0,100,,6343,,,0,100,,6344,,,0,100,,6345,,,0
61001,'Semaine-50',603,,6347,,,0,30,,6348,,,0,72,,6349,,,0,30,,6350,,,0,70,,6351,,,0,27,,6352,,,0,68,,6371,,,0,30,,6353,,,0,100,,6354,,,0,99,,6355,,,0,100,,6356,,,0,100,,6357,,,0,100,,6358,,,0,102,,6359,,,0,103,,6360,,,0,73,,6361,,,0,30,,6362,,,0,68,,6363,,,0,30,,6364,,,0,22,,6365,,,0,70,,6366,,,0,100,,6367,,,0,100,,6368,,,0,100,,6369,,,0,100,,6370,,,0
61001,'Week-end-01',757,,6372,,,0,100,,6373,,,0,70,,6374,,,0,101,,6375,,,0,100,,6376,,,0,100,,6377,,,0,100,,6378,,,0,100,,6379,,,0,100,,6380,,,0,100,,6381,,,0,100,,6382,,,0,98,,6383,,,0,100,,6384,,,0,100,,6385,,,0,100,,6386,,,0,100,,6387,,,0,100,,6388,,,0
61001,'Week-end-50',757,,6389,,,0,100,,6390,,,0,70,,6391,,,0,101,,6392,,,0,100,,6393,,,0,100,,6394,,,0,100,,6395,,,0,100,,6396,,,0,100,,6397,,,0,100,,6398,,,0,100,,6399,,,0,98,,6400,,,0,100,,6401,,,0,100,,6402,,,0,100,,6403,,,0,100,,6404,,,0,100,,6405,,,0
