24300,'Semaine-52',620,,4024,390,4,,0,5,,4026,10,,,0,17,,4025,390,4,,0,5,,4027,10,,,0,78,,4026,640,4,,0,10,,4028,10,,,0,12,,4027,640,4,,0,6,,4029,10,,,0,81,,4028,640,4,,0,7,,4030,10,,,0,11,,4029,640,4,,0,3,,4031,10,,,0,82,,4030,640,4,,0,14,,4031,640,4,,0,49,,4032,10,,,0,57,,4032,640,4,,0,43,,4033,10,,,0,57,,4033,640,4,,0,43,,4034,10,,,0,57,,4034,640,4,,0,43,,4035,10,,,0,57,,4035,640,4,,0,43,,4036,10,,,0,57,,4036,640,4,,0,53,,4037,10,,,0,40,,4038,10,,,0,63,,4037,640,4,,0,12,,4039,10,,,0,28,,4038,640,4,,0,57,,4040,10,,,0,15,,4039,640,4,,0,15,,4041,10,,,0,69,,4040,640,4,,0,8,,4042,10,,,0,22,,4041,640,4,,0,13,,4043,10,,,0,65,,4042,640,4,,0,8,,4044,10,,,0,24,,4043,640,4,,0,60,,4045,10,,,0,12,,4044,640,4,,0,84,,4045,640,4,,0,5,,4046,10,,,0,95,,4046,640,4,,0,5,,4047,10,,,0,95,,4047,640,4,,0,5,,4023,10,0,8 9 1 10,0
24300,'Semaine-53',620,,8441,390,4,,0,5,,8443,10,,,0,17,,8442,390,4,,0,5,,8444,10,,,0,78,,8443,640,4,,0,10,,8445,10,,,0,12,,8444,640,4,,0,6,,8446,10,,,0,81,,8445,640,4,,0,7,,8447,10,,,0,11,,8446,640,4,,0,3,,8448,10,,,0,82,,8447,640,4,,0,14,,8448,640,4,,0,49,,8449,10,,,0,57,,8449,640,4,,0,43,,8450,10,,,0,57,,8450,640,4,,0,43,,8451,10,,,0,57,,8451,640,4,,0,43,,8452,10,,,0,57,,8452,640,4,,0,43,,8453,10,,,0,57,,8453,640,4,,0,53,,8454,10,,,0,40,,8455,10,,,0,63,,8454,640,4,,0,12,,8456,10,,,0,28,,8455,640,4,,0,57,,8457,10,,,0,15,,8456,640,4,,0,15,,8458,10,,,0,69,,8457,640,4,,0,8,,8459,10,,,0,22,,8458,640,4,,0,13,,8460,10,,,0,65,,8459,640,4,,0,8,,8461,10,,,0,24,,8460,640,4,,0,60,,8462,10,,,0,12,,8461,640,4,,0,84,,8462,640,4,,0,5,,8463,10,,,0,95,,8463,640,4,,0,5,,8464,10,,,0,95,,8464,640,4,,0,5,,8440,10,0,8 9 1 10,0
40500,'Semaine-52',713,,5700,90,,,0,100,,5701,90,,,0,910,,5702,90,,,0
40500,'Semaine-53',713,,9611,90,,,0,100,,9612,90,,,0,910,,9613,90,,,0
60000,'Fête-1-06',733,,9912,720,,,0,100,,9911,720,,,0,100,,9910,720,,,0,100,,9909,720,,,0,100,,9908,720,,,0,100,,9907,720,,,0,100,,9906,720,,,0,100,,9905,720,,,0,100,,9904,720,,,0,100,,9903,720,,,0,100,,9902,720,,,0,100,,9901,720,,,0,100,,9900,720,,,0,100,,9899,720,,,0,100,,9898,720,,,0,100,,9896,720,,,0,88,,9897,720,,,0
60000,'Semaine-52',614,,6150,720,4,,0,19,,6151,720,,,0,70,,6153,720,,,0,36,,6155,720,,,0,70,,6157,720,,,0,30,,6159,720,,,0,70,,6161,720,,,0,30,,6162,720,,,0,94,,6163,720,,,0,100,,6164,720,,,0,100,,6165,720,,,0,70,,6166,720,,,0,30,,6167,720,,,0,70,,6168,720,,,0,100,,6169,720,,,0,30,,6170,720,,,0,70,,6149,720,,,0,31,,6148,720,,,0,70,,6147,720,,,0,30,,6146,720,,,0,70,,6144,720,,,0,30,,6145,720,,,0,99,,6160,720,,,0,100,,6158,720,,,0,100,,6156,720,,,0,96,,6154,720,,,0,104,,6152,720,,,0
60000,'Semaine-53',614,,9919,720,4,,0,19,,9920,720,,,0,70,,9922,720,,,0,36,,9924,720,,,0,70,,9926,720,,,0,30,,9928,720,,,0,70,,9930,720,,,0,30,,9931,720,,,0,94,,9932,720,,,0,100,,9933,720,,,0,100,,9934,720,,,0,70,,9935,720,,,0,30,,9936,720,,,0,70,,9937,720,,,0,100,,9938,720,,,0,30,,9939,720,,,0,70,,9918,720,,,0,31,,9917,720,,,0,70,,9916,720,,,0,30,,9915,720,,,0,70,,9913,720,,,0,30,,9914,720,,,0,99,,9929,720,,,0,100,,9927,720,,,0,100,,9925,720,,,0,96,,9923,720,,,0,104,,9921,720,,,0
60000,'Week-end-53',733,,9956,720,,,0,100,,9955,720,,,0,100,,9954,720,,,0,100,,9953,720,,,0,100,,9952,720,,,0,100,,9951,720,,,0,100,,9950,720,,,0,100,,9949,720,,,0,100,,9948,720,,,0,100,,9947,720,,,0,100,,9946,720,,,0,100,,9945,720,,,0,100,,9944,720,,,0,100,,9943,720,,,0,100,,9942,720,,,0,100,,9940,720,,,0,88,,9941,720,,,0
60500,'Semaine-52',729,,6300,460,,,0,205,,6301,460,,,0
60500,'Semaine-53',729,,10032,460,,,0,205,,10033,460,,,0
