40500,'Semaine-03',716,,16726,120,4,,0,100,,16727,120,4,,0,910,,16728,120,4,,0
40500,'Semaine-53',716,,13912,120,4,,0,100,,13913,120,4,,0,910,,13914,120,4,,0
40501,'Semaine-03',1605,,16729,10,,,0,130,,16730,10,,,0
40501,'Semaine-53',1605,,13915,10,,,0,130,,13916,10,,,0
60000,'Semaine-03',636,,16752,750,4,,0,70,,16754,750,4,,0,36,,16756,750,4,,0,70,,16758,750,4,,0,30,,16760,750,4,,0,70,,16762,750,4,,0,30,,16763,750,4,,0,94,,16764,750,4,,0,100,,16765,750,4,,0,100,,16766,750,4,,0,70,,16767,750,4,,0,30,,16768,750,4,,0,70,,16769,750,4,,0,100,,16770,750,4,,0,30,,16771,750,4,,0,70,,16750,750,4,,0,31,,16749,750,4,,0,70,,16748,750,4,,0,30,,16747,750,4,,0,70,,16745,750,4,,0,30,,16746,750,4,,0,99,,16761,750,4,,0,100,,16759,750,4,,0,100,,16757,750,4,,0,96,,16755,750,4,,0,104,,16753,750,4,,0
60000,'Semaine-53',636,,14221,750,4,,0,70,,14223,750,4,,0,36,,14225,750,4,,0,70,,14227,750,4,,0,30,,14229,750,4,,0,70,,14231,750,4,,0,30,,14232,750,4,,0,94,,14233,750,4,,0,100,,14234,750,4,,0,100,,14235,750,4,,0,70,,14236,750,4,,0,30,,14237,750,4,,0,70,,14238,750,4,,0,100,,14239,750,4,,0,30,,14240,750,4,,0,70,,14219,750,4,,0,31,,14218,750,4,,0,70,,14217,750,4,,0,30,,14216,750,4,,0,70,,14214,750,4,,0,30,,14215,750,4,,0,99,,14230,750,4,,0,100,,14228,750,4,,0,100,,14226,750,4,,0,96,,14224,750,4,,0,104,,14222,750,4,,0
60000,'Week-end-03',736,,16788,750,4,,0,100,,16787,750,4,,0,100,,16786,750,4,,0,100,,16785,750,4,,0,100,,16784,750,4,,0,100,,16783,750,4,,0,100,,16782,750,4,,0,100,,16781,750,4,,0,100,,16780,750,4,,0,100,,16779,750,4,,0,100,,16778,750,4,,0,100,,16777,750,4,,0,100,,16776,750,4,,0,100,,16775,750,4,,0,100,,16774,750,4,,0,100,,16772,750,4,,0,88,,16773,750,4,,0
60000,'Week-end-53',736,,14257,750,4,,0,100,,14256,750,4,,0,100,,14255,750,4,,0,100,,14254,750,4,,0,100,,14253,750,4,,0,100,,14252,750,4,,0,100,,14251,750,4,,0,100,,14250,750,4,,0,100,,14249,750,4,,0,100,,14248,750,4,,0,100,,14247,750,4,,0,100,,14246,750,4,,0,100,,14245,750,4,,0,100,,14244,750,4,,0,100,,14243,750,4,,0,100,,14241,750,4,,0,88,,14242,750,4,,0
60001,'Semaine-03',645,,16789,10,,,0,70,,16790,10,,,0,32,,16791,10,,,0,100,,16792,10,,,0,100,,16793,10,,,0,98,,16794,10,,,0,100,,16795,10,,,0,70,,16796,10,,,0,100,,16797,10,,,0,30,,16798,10,,,0,70,,16799,10,,,0,30,,16800,10,,,0,70,,16801,10,,,0,30,,16802,10,,,0,70,,16803,10,,,0,30,,16804,10,,,0,70,,16805,10,,,0,30,,16806,10,,,0,70,,16807,10,,,0,30,,16808,10,,,0,100,,16809,10,,,0,100,,16810,10,,,0,100,,16811,10,,,0,100,,16812,10,,,0,100,,16813,10,,,0
60001,'Semaine-53',645,,14274,10,,,0,70,,14275,10,,,0,32,,14276,10,,,0,100,,14277,10,,,0,100,,14278,10,,,0,98,,14279,10,,,0,100,,14280,10,,,0,70,,14281,10,,,0,100,,14282,10,,,0,30,,14283,10,,,0,70,,14284,10,,,0,30,,14285,10,,,0,70,,14286,10,,,0,30,,14287,10,,,0,70,,14288,10,,,0,30,,14289,10,,,0,70,,14290,10,,,0,30,,14291,10,,,0,70,,14292,10,,,0,30,,14293,10,,,0,100,,14294,10,,,0,100,,14295,10,,,0,100,,14296,10,,,0,100,,14297,10,,,0,100,,14298,10,,,0
60001,'Week-end-03',755,,16833,10,,,0,100,,16832,10,,,0,100,,16830,10,,,0,100,,16831,10,,,0,100,,16828,10,,,0,100,,16829,10,,,0,100,,16825,10,,,0,100,,16826,10,,,0,100,,16827,10,,,0,100,,16824,10,,,0,100,,16821,10,,,0,100,,16822,10,,,0,100,,16823,10,,,0,100,,16819,10,,,0,89,,16820,10,,,0,185,,16818,10,,,0
60001,'Week-end-53',755,,14318,10,,,0,100,,14317,10,,,0,100,,14315,10,,,0,100,,14316,10,,,0,100,,14313,10,,,0,100,,14314,10,,,0,100,,14310,10,,,0,100,,14311,10,,,0,100,,14312,10,,,0,100,,14309,10,,,0,100,,14306,10,,,0,100,,14307,10,,,0,100,,14308,10,,,0,100,,14304,10,,,0,89,,14305,10,,,0,185,,14303,10,,,0
60500,'Semaine-03',732,,16848,490,4,,0,205,,16849,490,4,,0
60500,'Semaine-53',732,,14333,490,4,,0,205,,14334,490,4,,0
60501,'Semaine-03',1600,,16850,10,,,0,212,,16851,10,,,0
60501,'Semaine-53',1600,,14335,10,,,0,212,,14336,10,,,0
