'LA-A25-LAGTFS-Dimanche-01',40400,83000,,'',0,20000,,'',0,20000,,'',0,30000,,'',0,20000,,'',0,20000,,'',0,20000,,'',0,20000,,'',0
'LA-A25-LAGTFS-Dimanche-01',40401,81600,4,'',0,19000,4,'',0,20000,4,'',0,20000,4,'',0,30100,4,'',0,20300,4,'',0,19600,4,'',0,20000,4,'',0
'LA-A25-LAGTFS-Fête-1-01',40400,73000,,'',0,10000,,'',0,10000,,'',0,10000,,'',0,10000,,'',0,10000,,'',0,10000,,'',0,10000,,'',0,10000,,'',0,10000,,'',0,10000,,'',0,10000,,'',0,10000,,'',0,10000,,'',0,10000,,'',0,10000,,'',0,10000,,'',0,10000,,'',0
'LA-A25-LAGTFS-Fête-1-01',40401,71600,4,'',0,10000,4,'',0,9000,4,'',0,10000,4,'',0,10000,4,'',0,10000,4,'',0,10100,4,'',0,9900,4,'',0,10000,4,'',0,11100,4,'',0,9000,4,'',0,10400,4,'',0,9900,4,'',0,9600,4,'',0,10000,4,'',0,10000,4,'',0,10000,4,'',0,10000,4,'',0
'LA-A25-LAGTFS-Samedi-01',40400,73000,,'',0,10000,,'',0,10000,,'',0,10000,,'',0,10000,,'',0,10000,,'',0,10000,,'',0,10000,,'',0,10000,,'',0,10000,,'',0,10000,,'',0,10000,,'',0,10000,,'',0,10000,,'',0,10000,,'',0,10000,,'',0,10000,,'',0,10000,,'',0
'LA-A25-LAGTFS-Samedi-01',40401,71600,4,'',0,10000,4,'',0,9000,4,'',0,10000,4,'',0,10000,4,'',0,10000,4,'',0,10100,4,'',0,9900,4,'',0,10000,4,'',0,11100,4,'',0,9000,4,'',0,10400,4,'',0,9900,4,'',0,9600,4,'',0,10000,4,'',0,10000,4,'',0,10000,4,'',0,10000,4,'',0
'LA-A25-LAGTFS-Semaine-01',40400,70000,,'',0,20000,,'',0,10000,,'',0,10000,,'',0,10000,,'',0,10000,,'',0,10000,,'',0,10000,,'',0,1500,,'',0,1500,,'',0,1500,,'',0,5500,,'',0,500,,'',0,500,,'',0,500,,'',0,500,,'',0,500,,'',0,500,,'',0,500,,'',0,500,,'',0,500,,'',0,500,,'',0,500,,'',0,4500,,'',0,500,,'',0,500,,'',0,1000,,'',0,1000,,'',0,1000,,'',0,1000,,'',0,5000,,'',0,1000,,'',0,1000,,'',0,1000,,'',0,7000,,'',0,3000,,'',0,7000,,'',0,3000,,'',0,7000,,'',0,3000,,'',0,10000,,'',0,10000,,'',0
'LA-A25-LAGTFS-Semaine-01',40401,53200,4,'',0,1500,4,'',0,5500,4,'',0,1900,4,'',0,1200,4,'',0,1700,4,'',0,5000,4,'',0,1300,4,'',0,600,4,'',0,700,4,'',0,700,4,'',0,800,4,'',0,800,4,'',0,800,4,'',0,4800,4,'',0,600,4,'',0,600,4,'',0,600,4,'',0,700,4,'',0,400,4,'',0,500,4,'',0,400,4,'',0,800,4,'',0,700,4,'',0,4800,4,'',0,800,4,'',0,700,4,'',0,900,4,'',0,700,4,'',0,800,4,'',0,5900,4,'',0,3700,4,'',0,8500,4,'',0,8500,4,'',0,4600,4,'',0,8500,4,'',0,8500,4,'',0,8900,4,'',0,12600,4,'',0,9900,4,'',0,9400,4,'',0,8700,4,'',0,9800,4,'',0,10000,4,'',0,8500,4,'',0,5300,4,'',0
'LA-E25-LAGTFS-Dimanche-03',40400,83000,,'',0,20000,,'',0,20000,,'',0,30000,,'',0,20000,,'',0,20000,,'',0,20000,,'',0,20000,,'',0
'LA-E25-LAGTFS-Dimanche-03',40401,81600,4,'',0,19000,4,'',0,20000,4,'',0,20000,4,'',0,30100,4,'',0,20300,4,'',0,19600,4,'',0,20000,4,'',0
'LA-E25-LAGTFS-Samedi-03',40400,73000,,'',0,10000,,'',0,10000,,'',0,10000,,'',0,10000,,'',0,10000,,'',0,10000,,'',0,10000,,'',0,10000,,'',0,10000,,'',0,10000,,'',0,10000,,'',0,10000,,'',0,10000,,'',0,10000,,'',0,10000,,'',0,10000,,'',0,10000,,'',0
'LA-E25-LAGTFS-Samedi-03',40401,71600,4,'',0,10000,4,'',0,9000,4,'',0,10000,4,'',0,10000,4,'',0,10000,4,'',0,10100,4,'',0,9900,4,'',0,10000,4,'',0,11100,4,'',0,9000,4,'',0,10400,4,'',0,9900,4,'',0,9600,4,'',0,10000,4,'',0,10000,4,'',0,10000,4,'',0,10000,4,'',0
