'LA-E25-LAGTFS-Dimanche-01',8800,72700,,'',0,12000,,'',0,16000,,'',0,12000,,'',0,12000,,'',0,16000,,'',0,12000,,'',0,12000,,'',0,16000,,'',0,12000,,'',0
'LA-E25-LAGTFS-Dimanche-01',8801,83500,4,'',0,11900,4,'',0,16100,4,'',0,12000,4,'',0,12000,4,'',0,16000,4,'',0,12000,4,'',0,12000,4,'',0,16000,4,'',0,12000,4,'',0
'LA-E25-LAGTFS-Dimanche-02',8800,72700,,'',0,12000,,'',0,16000,,'',0,12000,,'',0,12000,,'',0,16000,,'',0,12000,,'',0,12000,,'',0,16000,,'',0,12000,,'',0
'LA-E25-LAGTFS-Dimanche-02',8801,83500,4,'',0,11900,4,'',0,16100,4,'',0,12000,4,'',0,12000,4,'',0,16000,4,'',0,12000,4,'',0,12000,4,'',0,16000,4,'',0,12000,4,'',0
'LA-E25-LAGTFS-Fête-1-01',8800,72700,,'',0,8000,,'',0,4000,,'',0,8000,,'',0,8000,,'',0,12000,,'',0,12000,,'',0,16000,,'',0,12000,,'',0,8000,,'',0,4000,,'',0,8000,,'',0,8000,,'',0,12000,,'',0,12000,,'',0,17300,,'',0
'LA-E25-LAGTFS-Fête-1-01',8801,83500,4,'',0,8000,4,'',0,4000,4,'',0,8000,4,'',0,8000,4,'',0,12000,4,'',0,12000,4,'',0,16000,4,'',0,12000,4,'',0,8000,4,'',0,4000,4,'',0,8000,4,'',0,8000,4,'',0,12000,4,'',0,12000,4,'',0,16700,4,'',0
'LA-E25-LAGTFS-Samedi-01',8800,72700,,'',0,8000,,'',0,4000,,'',0,8000,,'',0,8000,,'',0,12000,,'',0,12000,,'',0,16000,,'',0,12000,,'',0,8000,,'',0,4000,,'',0,8000,,'',0,8000,,'',0,12000,,'',0,12000,,'',0,17300,,'',0
'LA-E25-LAGTFS-Samedi-01',8801,83500,4,'',0,8000,4,'',0,4000,4,'',0,8000,4,'',0,8000,4,'',0,12000,4,'',0,12000,4,'',0,16000,4,'',0,12000,4,'',0,8000,4,'',0,4000,4,'',0,8000,4,'',0,8000,4,'',0,12000,4,'',0,12000,4,'',0,16700,4,'',0
'LA-E25-LAGTFS-Samedi-02',8800,72700,,'',0,8000,,'',0,4000,,'',0,8000,,'',0,8000,,'',0,12000,,'',0,12000,,'',0,16000,,'',0,12000,,'',0,8000,,'',0,4000,,'',0,8000,,'',0,8000,,'',0,12000,,'',0,12000,,'',0,17300,,'',0
'LA-E25-LAGTFS-Samedi-02',8801,83500,4,'',0,8000,4,'',0,4000,4,'',0,8000,4,'',0,8000,4,'',0,12000,4,'',0,12000,4,'',0,16000,4,'',0,12000,4,'',0,8000,4,'',0,4000,4,'',0,8000,4,'',0,8000,4,'',0,12000,4,'',0,12000,4,'',0,16700,4,'',0
'LA-E25-LAGTFS-Semaine-01',8800,53700,,'',0,1400,,'',0,5500,,'',0,1400,,'',0,3200,,'',0,6300,,'',0,2000,,'',0,1200,,'',0,6400,,'',0,3500,,'',0,5500,,'',0,3400,,'',0,8400,,'',0,3900,,'',0,8000,,'',0,7800,,'',0,8400,,'',0,3600,,'',0,8900,,'',0,1500,,'',0,6200,,'',0,4400,,'',0,5800,,'',0,2800,,'',0,7800,,'',0,900,,'',0,4000,,'',0,7600,,'',0,8100,,'',0,12400,,'',0,11000,,'',0
'LA-E25-LAGTFS-Semaine-01',8801,64800,4,'',0,6200,4,'',0,800,4,'',0,8700,4,'',0,2500,4,'',0,1700,4,'',0,5500,4,'',0,3000,4,'',0,6800,4,'',0,1300,4,'',0,4000,4,'',0,8000,4,'',0,7800,4,'',0,4100,4,'',0,7700,4,'',0,8800,4,'',0,3600,4,'',0,8800,4,'',0,5900,4,'',0,2400,4,'',0,8200,4,'',0,2400,4,'',0,2300,4,'',0,7900,4,'',0,8000,4,'',0,3500,4,'',0,7800,4,'',0,12000,4,'',0,10900,4,'',0
'LA-E25-LAGTFS-Semaine-03',8800,53700,,'',0,1400,,'',0,5500,,'',0,1400,,'',0,3200,,'',0,6300,,'',0,2000,,'',0,1200,,'',0,6400,,'',0,3500,,'',0,5500,,'',0,3400,,'',0,8400,,'',0,3900,,'',0,8000,,'',0,7800,,'',0,8400,,'',0,3600,,'',0,8900,,'',0,1500,,'',0,6200,,'',0,4400,,'',0,5800,,'',0,2800,,'',0,7800,,'',0,900,,'',0,4000,,'',0,7600,,'',0,8100,,'',0,12400,,'',0,11000,,'',0
'LA-E25-LAGTFS-Semaine-03',8801,64800,4,'',0,6200,4,'',0,800,4,'',0,8700,4,'',0,2500,4,'',0,1700,4,'',0,5500,4,'',0,3000,4,'',0,6800,4,'',0,1300,4,'',0,4000,4,'',0,8000,4,'',0,7800,4,'',0,4100,4,'',0,7700,4,'',0,8800,4,'',0,3600,4,'',0,8800,4,'',0,5900,4,'',0,2400,4,'',0,8200,4,'',0,2400,4,'',0,2300,4,'',0,7900,4,'',0,8000,4,'',0,3500,4,'',0,7800,4,'',0,12000,4,'',0,10900,4,'',0
