30301,'Fête-1-01',822,,19445,210,0,47 13,0,100,,19446,210,0,47 13,0,100,,19447,210,0,47 13,0,100,,19448,210,0,47 13,0,101,,19449,210,0,47 13,0,100,,19450,210,0,47 13,0,100,,19451,210,0,47 13,0,100,,19452,210,0,47 13,0,100,,19453,210,0,47 13,0,100,,19454,210,0,47 13,0,100,,19455,210,0,47 13,0,99,,19456,210,0,47 13,0,100,,19457,210,0,47 13,0,100,,19458,210,0,47 13,0,100,,19459,210,0,47 13,0
30301,'Semaine-01',554,,19473,210,,,0,100,,19474,210,,,0,70,,19475,210,,,0,32,,19476,210,,,0,70,,19477,210,,,0,98,,19479,210,,,0,100,,19480,210,,,0,100,,19478,210,,,0,100,,19471,210,,,0,100,,19472,210,,,0,100,,19470,210,,,0,101,,19466,210,,,0,30,,19481,210,,,0,70,,19465,210,,,0,30,,19460,210,,,0,70,,19461,210,,,0,30,,19462,210,,,0,70,,19467,210,,,0,98,,19468,210,,,0,100,,19469,210,,,0,99,,19463,210,,,0,100,,19464,210,,,0
30301,'Semaine-02',554,,19495,210,,,0,100,,19496,210,,,0,70,,19497,210,,,0,32,,19498,210,,,0,70,,19499,210,,,0,98,,19501,210,,,0,100,,19502,210,,,0,100,,19500,210,,,0,100,,19493,210,,,0,100,,19494,210,,,0,100,,19492,210,,,0,101,,19488,210,,,0,30,,19503,210,,,0,70,,19487,210,,,0,30,,19482,210,,,0,70,,19483,210,,,0,30,,19484,210,,,0,70,,19489,210,,,0,98,,19490,210,,,0,100,,19491,210,,,0,99,,19485,210,,,0,100,,19486,210,,,0
30301,'Week-end-01',822,,19504,210,0,47 13,0,100,,19505,210,0,47 13,0,100,,19506,210,0,47 13,0,100,,19507,210,0,47 13,0,101,,19508,210,0,47 13,0,100,,19509,210,0,47 13,0,100,,19510,210,0,47 13,0,100,,19511,210,0,47 13,0,100,,19512,210,0,47 13,0,100,,19513,210,0,47 13,0,100,,19514,210,0,47 13,0,99,,19515,210,0,47 13,0,100,,19516,210,0,47 13,0,100,,19517,210,0,47 13,0,100,,19518,210,0,47 13,0
30601,'Fête-1-01',821,,19595,90,,,0,100,,19596,90,,,0,100,,19597,90,,,0,100,,19598,90,,,0,101,,19599,90,,,0,100,,19600,90,,,0,100,,19601,90,,,0,100,,19602,90,,,0,100,,19603,90,,,0,100,,19604,90,,,0,100,,19605,90,,,0,99,,19606,90,,,0,100,,19607,90,,,0,100,,19608,90,,,0,100,,19609,90,,,0
30601,'Semaine-01',553,,19610,90,,,0,100,,19611,90,,,0,70,,19612,90,,,0,32,,19613,90,,,0,70,,19614,90,,,0,98,,19615,90,,,0,100,,19616,90,,,0,100,,19617,90,,,0,100,,19618,90,,,0,100,,19619,90,,,0,100,,19620,90,,,0,101,,19621,90,,,0,30,,19622,90,,,0,70,,19623,90,,,0,30,,19624,90,,,0,70,,19625,90,,,0,30,,19626,90,,,0,70,,19627,90,,,0,98,,19631,90,,,0,100,,19628,90,,,0,99,,19629,90,,,0,100,,19630,90,,,0
30601,'Semaine-02',553,,19632,90,,,0,100,,19633,90,,,0,70,,19634,90,,,0,32,,19635,90,,,0,70,,19636,90,,,0,98,,19637,90,,,0,100,,19638,90,,,0,100,,19639,90,,,0,100,,19640,90,,,0,100,,19641,90,,,0,100,,19642,90,,,0,101,,19643,90,,,0,30,,19644,90,,,0,70,,19645,90,,,0,30,,19646,90,,,0,70,,19647,90,,,0,30,,19648,90,,,0,70,,19649,90,,,0,98,,19653,90,,,0,100,,19650,90,,,0,99,,19651,90,,,0,100,,19652,90,,,0
30601,'Week-end-01',821,,19654,90,,,0,100,,19655,90,,,0,100,,19656,90,,,0,100,,19657,90,,,0,101,,19658,90,,,0,100,,19659,90,,,0,100,,19660,90,,,0,100,,19661,90,,,0,100,,19662,90,,,0,100,,19663,90,,,0,100,,19664,90,,,0,99,,19665,90,,,0,100,,19666,90,,,0,100,,19667,90,,,0,100,,19668,90,,,0
30901,'Fête-1-01',823,,19745,30,,,0,100,,19746,30,,,0,100,,19747,30,,,0,100,,19748,30,,,0,101,,19749,30,,,0,100,,19750,30,,,0,100,,19751,30,,,0,100,,19752,30,,,0,100,,19753,30,,,0,100,,19754,30,,,0,100,,19755,30,,,0,99,,19756,30,,,0,100,,19757,30,,,0,100,,19758,30,,,0,100,,19759,30,,,0
30901,'Semaine-01',555,,19760,30,,,0,100,,19761,30,,,0,70,,19762,30,,,0,32,,19763,30,,,0,70,,19764,30,,,0,98,,19765,30,,,0,100,,19766,30,,,0,100,,19767,30,,,0,100,,19768,30,,,0,100,,19769,30,,,0,100,,19770,30,,,0,101,,19771,30,,,0,30,,19772,30,,,0,70,,19773,30,,,0,30,,19774,30,,,0,70,,19775,30,,,0,30,,19776,30,,,0,70,,19777,30,,,0,98,,19781,30,,,0,100,,19778,30,,,0,99,,19779,30,,,0,100,,19780,30,,,0
30901,'Semaine-02',555,,19782,30,,,0,100,,19783,30,,,0,70,,19784,30,,,0,32,,19785,30,,,0,70,,19786,30,,,0,98,,19787,30,,,0,100,,19788,30,,,0,100,,19789,30,,,0,100,,19790,30,,,0,100,,19791,30,,,0,100,,19792,30,,,0,101,,19793,30,,,0,30,,19794,30,,,0,70,,19795,30,,,0,30,,19796,30,,,0,70,,19797,30,,,0,30,,19798,30,,,0,70,,19799,30,,,0,98,,19803,30,,,0,100,,19800,30,,,0,99,,19801,30,,,0,100,,19802,30,,,0
30901,'Week-end-01',823,,19804,30,,,0,100,,19805,30,,,0,100,,19806,30,,,0,100,,19807,30,,,0,101,,19808,30,,,0,100,,19809,30,,,0,100,,19810,30,,,0,100,,19811,30,,,0,100,,19812,30,,,0,100,,19813,30,,,0,100,,19814,30,,,0,99,,19815,30,,,0,100,,19816,30,,,0,100,,19817,30,,,0,100,,19818,30,,,0
31001,'Fête-1-01',821,,19895,170,,,0,100,,19896,170,,,0,100,,19897,170,,,0,100,,19898,170,,,0,101,,19899,170,,,0,100,,19900,170,,,0,100,,19901,170,,,0,100,,19902,170,,,0,100,,19903,170,,,0,100,,19904,170,,,0,100,,19905,170,,,0,99,,19906,170,,,0,100,,19907,170,,,0,100,,19908,170,,,0,100,,19909,170,,,0
31001,'Semaine-01',553,,19910,170,,,0,100,,19911,170,,,0,70,,19912,170,,,0,32,,19913,170,,,0,70,,19914,170,,,0,98,,19915,170,,,0,100,,19916,170,,,0,100,,19917,170,,,0,100,,19918,170,,,0,100,,19919,170,,,0,100,,19920,170,,,0,101,,19921,170,,,0,30,,19922,170,,,0,70,,19923,170,,,0,30,,19924,170,,,0,70,,19925,170,,,0,30,,19926,170,,,0,70,,19927,170,,,0,98,,19931,170,,,0,100,,19928,170,,,0,99,,19929,170,,,0,100,,19930,170,,,0
31001,'Semaine-02',553,,19932,170,,,0,100,,19933,170,,,0,70,,19934,170,,,0,32,,19935,170,,,0,70,,19936,170,,,0,98,,19937,170,,,0,100,,19938,170,,,0,100,,19939,170,,,0,100,,19940,170,,,0,100,,19941,170,,,0,100,,19942,170,,,0,101,,19943,170,,,0,30,,19944,170,,,0,70,,19945,170,,,0,30,,19946,170,,,0,70,,19947,170,,,0,30,,19948,170,,,0,70,,19949,170,,,0,98,,19953,170,,,0,100,,19950,170,,,0,99,,19951,170,,,0,100,,19952,170,,,0
31001,'Week-end-01',821,,19954,170,,,0,100,,19955,170,,,0,100,,19956,170,,,0,100,,19957,170,,,0,101,,19958,170,,,0,100,,19959,170,,,0,100,,19960,170,,,0,100,,19961,170,,,0,100,,19962,170,,,0,100,,19963,170,,,0,100,,19964,170,,,0,99,,19965,170,,,0,100,,19966,170,,,0,100,,19967,170,,,0,100,,19968,170,,,0
31101,'Fête-1-01',823,,20045,200,,,0,100,,20046,200,,,0,100,,20047,200,,,0,100,,20048,200,,,0,101,,20049,200,,,0,100,,20050,200,,,0,100,,20051,200,,,0,100,,20052,200,,,0,100,,20053,200,,,0,100,,20054,200,,,0,100,,20055,200,,,0,99,,20056,200,,,0,100,,20057,200,,,0,100,,20058,200,,,0,100,,20059,200,,,0
31101,'Semaine-01',554,,20060,200,,,0,101,,20061,200,,,0,70,,20062,200,,,0,32,,20063,200,,,0,70,,20064,200,,,0,98,,20065,200,,,0,100,,20066,200,,,0,100,,20067,200,,,0,100,,20068,200,,,0,100,,20069,200,,,0,100,,20070,200,,,0,101,,20071,200,,,0,30,,20072,200,,,0,70,,20073,200,,,0,30,,20074,200,,,0,70,,20075,200,,,0,30,,20076,200,,,0,70,,20077,200,,,0,98,,20081,200,,,0,100,,20078,200,,,0,99,,20079,200,,,0,100,,20080,200,,,0
31101,'Semaine-02',554,,20082,200,,,0,101,,20083,200,,,0,70,,20084,200,,,0,32,,20085,200,,,0,70,,20086,200,,,0,98,,20087,200,,,0,100,,20088,200,,,0,100,,20089,200,,,0,100,,20090,200,,,0,100,,20091,200,,,0,100,,20092,200,,,0,101,,20093,200,,,0,30,,20094,200,,,0,70,,20095,200,,,0,30,,20096,200,,,0,70,,20097,200,,,0,30,,20098,200,,,0,70,,20099,200,,,0,98,,20103,200,,,0,100,,20100,200,,,0,99,,20101,200,,,0,100,,20102,200,,,0
31101,'Week-end-01',823,,20104,200,,,0,100,,20105,200,,,0,100,,20106,200,,,0,100,,20107,200,,,0,101,,20108,200,,,0,100,,20109,200,,,0,100,,20110,200,,,0,100,,20111,200,,,0,100,,20112,200,,,0,100,,20113,200,,,0,100,,20114,200,,,0,99,,20115,200,,,0,100,,20116,200,,,0,100,,20117,200,,,0,100,,20118,200,,,0
31200,'Fête-1-01',822,,20119,220,,,0,100,,20120,220,,,0,100,,20121,220,,,0,100,,20122,220,,,0,101,,20123,220,,,0,100,,20124,220,,,0,100,,20125,220,,,0,100,,20126,220,,,0,100,,20127,220,,,0,100,,20128,220,,,0,100,,20129,220,,,0,99,,20130,220,,,0,100,,20131,220,,,0,100,,20132,220,,,0,100,,20133,220,,,0
31200,'Semaine-01',554,,20134,220,,,0,100,,20135,220,,,0,70,,20136,220,,,0,32,,20137,220,,,0,70,,20138,220,,,0,98,,20139,220,,,0,100,,20140,220,,,0,100,,20141,220,,,0,100,,20142,220,,,0,100,,20143,220,,,0,100,,20144,220,,,0,101,,20145,220,,,0,30,,20146,220,,,0,70,,20147,220,,,0,30,,20148,220,,,0,70,,20149,220,,,0,30,,20150,220,,,0,70,,20151,220,,,0,98,,20155,220,,,0,100,,20152,220,,,0,99,,20153,220,,,0,100,,20154,220,,,0
31200,'Semaine-02',554,,20156,220,,,0,100,,20157,220,,,0,70,,20158,220,,,0,32,,20159,220,,,0,70,,20160,220,,,0,98,,20161,220,,,0,100,,20162,220,,,0,100,,20163,220,,,0,100,,20164,220,,,0,100,,20165,220,,,0,100,,20166,220,,,0,101,,20167,220,,,0,30,,20168,220,,,0,70,,20169,220,,,0,30,,20170,220,,,0,70,,20171,220,,,0,30,,20172,220,,,0,70,,20173,220,,,0,98,,20177,220,,,0,100,,20174,220,,,0,99,,20175,220,,,0,100,,20176,220,,,0
31200,'Week-end-01',822,,20178,220,,,0,100,,20179,220,,,0,100,,20180,220,,,0,100,,20181,220,,,0,101,,20182,220,,,0,100,,20183,220,,,0,100,,20184,220,,,0,100,,20185,220,,,0,100,,20186,220,,,0,100,,20187,220,,,0,100,,20188,220,,,0,99,,20189,220,,,0,100,,20190,220,,,0,100,,20191,220,,,0,100,,20192,220,,,0
70900,'Semaine-01',633,,20911,610,0,11 12 13,0,79,,20912,610,0,11 12 13,0,20,,20913,610,0,11 12 13,0,7,,20914,610,0,11 12 13,0,78,,20915,610,0,11 12 13,0,19,,20916,610,0,11 12 13,0,65,,20917,610,0,11 12 13,0,28,,20918,610,0,11 12 13,0,74,,20919,610,0,11 12 13,0,25,,20957,610,0,11 12 13,0,28,,20920,610,0,11 12 13,0,55,,20921,610,0,11 12 13,0,29,,20922,610,0,11 12 13,0,15,,20923,610,0,11 12 13,0,55,,20924,610,0,11 12 13,0,23,,20925,610,0,11 12 13,0,71,,20926,610,0,11 12 13,0,15,,20953,610,0,11 12 13,0,15,,20956,610,0,11 12 13,0,15,,20955,610,0,11 12 13,0,70,,20954,610,0,11 12 13,0,85,,20952,610,0,11 12 13,0,15,,20927,610,0,11 12 13,0,24,,20928,610,0,11 12 13,0
70900,'Semaine-02',633,,20961,610,0,11 12 13,0,79,,20962,610,0,11 12 13,0,20,,20963,610,0,11 12 13,0,7,,20964,610,0,11 12 13,0,78,,20965,610,0,11 12 13,0,19,,20966,610,0,11 12 13,0,65,,20967,610,0,11 12 13,0,28,,20968,610,0,11 12 13,0,74,,20969,610,0,11 12 13,0,25,,21007,610,0,11 12 13,0,28,,20970,610,0,11 12 13,0,55,,20971,610,0,11 12 13,0,29,,20972,610,0,11 12 13,0,15,,20973,610,0,11 12 13,0,55,,20974,610,0,11 12 13,0,23,,20975,610,0,11 12 13,0,71,,20976,610,0,11 12 13,0,15,,21003,610,0,11 12 13,0,15,,21006,610,0,11 12 13,0,15,,21005,610,0,11 12 13,0,70,,21004,610,0,11 12 13,0,85,,21002,610,0,11 12 13,0,15,,20977,610,0,11 12 13,0,24,,20978,610,0,11 12 13,0
