24601,'Semaine-02',600,,18798,460,,,0,47,,18797,460,,,0,89,,18796,460,,,0,93,,18795,460,,,0,89,,18794,460,,,0,699,,18793,460,,,0,92,,18792,460,,,0,93,,18791,460,,,0,52,,18790,460,,,0,87,,18789,460,,,0
24601,'Semaine-03',600,,22017,460,,,0,47,,22016,460,,,0,89,,22015,460,,,0,93,,22014,460,,,0,89,,22013,460,,,0,699,,22012,460,,,0,92,,22011,460,,,0,93,,22010,460,,,0,52,,22009,460,,,0,87,,22008,460,,,0
25001,'Fête-1-02',750,,22201,550,,,0,100,,22185,550,,,0,70,,22188,550,,,0,100,,22195,550,,,0,30,,22196,550,,,0,100,,22187,550,,,0,70,,22190,550,,,0,100,,22198,550,,,0,30,,22199,550,,,0,100,,22186,550,,,0,70,,22197,550,,,0,100,,22189,550,,,0,31,,22194,550,,,0,100,,22200,550,,,0,70,,22191,550,,,0,100,,22192,550,,,0,30,,22184,550,,,0,100,,22193,550,,,0,70,,22202,550,,,0,100,,22183,550,,,0,30,,22203,550,,,0
25001,'Semaine-02',619,,19172,550,,,0,25,,19173,550,,,0,71,,19174,550,0,8 27 75,0,22,,19175,550,,,0,85,,19176,550,,,0,95,,19177,550,,,0,28,,19178,550,,,0,95,,19179,550,,,0,100,,19180,550,,,0,103,,19181,550,,,0,100,,19182,550,,,0,102,,19183,550,,,0,155,,19184,550,,,0,102,,19185,550,,,0,26,,19186,550,,,0,30,,19187,550,,,0,68,,19188,550,,,0,81,,19189,550,,,0,47,,19190,550,,,0,147,,19191,550,,,0,55,,19192,550,,,0,99,,19193,550,,,0
25001,'Semaine-03',619,,22204,550,,,0,25,,22205,550,,,0,71,,22206,550,0,8 27 75,0,22,,22207,550,,,0,85,,22208,550,,,0,95,,22209,550,,,0,28,,22210,550,,,0,95,,22211,550,,,0,100,,22212,550,,,0,103,,22213,550,,,0,100,,22214,550,,,0,102,,22215,550,,,0,155,,22216,550,,,0,102,,22217,550,,,0,26,,22218,550,,,0,30,,22219,550,,,0,68,,22220,550,,,0,81,,22221,550,,,0,47,,22222,550,,,0,147,,22223,550,,,0,55,,22224,550,,,0,99,,22225,550,,,0
25001,'Week-end-01',750,,19212,550,,,0,100,,19196,550,,,0,70,,19199,550,,,0,100,,19206,550,,,0,30,,19207,550,,,0,100,,19198,550,,,0,70,,19201,550,,,0,100,,19209,550,,,0,30,,19210,550,,,0,100,,19197,550,,,0,70,,19208,550,,,0,100,,19200,550,,,0,31,,19205,550,,,0,100,,19211,550,,,0,70,,19202,550,,,0,100,,19203,550,,,0,30,,19195,550,,,0,100,,19204,550,,,0,70,,19213,550,,,0,100,,19194,550,,,0,30,,19214,550,,,0
70901,'Fête-1-02',624,,23143,470,,,0,30,,23144,470,,,0,70,,23145,470,,,0,30,,23146,470,,,0,70,,23147,470,,,0,15,,23148,470,,,0,71,,23149,470,,,0,30,,23150,470,,,0,70,,23151,470,,,0,31,,23152,470,,,0,71,,23153,470,,,0,30,,23154,470,,,0,70,,23155,470,,,0,30,,23156,470,,,0,70,,23157,470,,,0,30,,23158,470,,,0,70,,23159,470,,,0,30,,23160,470,,,0,70,,23161,470,,,0,30,,23162,470,,,0,70,,23163,470,,,0,30,,23164,470,,,0,70,,23165,470,,,0,30,,23166,470,,,0,70,,23167,470,,,0,30,,23168,470,,,0,70,,23169,470,,,0,30,,23170,470,,,0,70,,23171,470,,,0,30,,23172,470,,,0,70,,23173,470,,,0,30,,23174,470,,,0,70,,23175,470,,,0,31,,23176,470,,,0,70,,23177,470,,,0,30,,23178,470,,,0,111,,23179,470,,,0
70901,'Semaine-02',455,,21145,470,,,0,70,,21187,470,,,0,20,,21143,470,,,0,10,,21142,470,,,0,63,,21144,470,,,0,20,,21146,470,,,0,20,,21147,470,,,0,67,,21148,470,,,0,12,,21149,470,,,0,21,,21150,470,,,0,50,,21151,470,,,0,10,,21152,470,,,0,20,,21153,470,,,0,10,,21154,470,,,0,54,,21155,470,,,0,13,,21157,470,,,0,15,,21193,470,,,0,15,,21156,470,,,0,70,,21158,470,,,0,15,,21159,470,,,0,22,,21160,500,,,0,70,,21161,500,,,0,15,,21162,500,,,0,15,,21163,500,,,0,55,,21164,500,,,0,15,,21196,500,,,0,15,,21165,500,,,0,15,,21197,500,,,0,70,,21166,500,,,0,15,,21167,500,,,0,15,,21168,500,,,0,70,,21188,500,,,0,30,,21189,500,,,0,70,,21190,500,,,0,16,,21191,500,,,0,16,,21192,500,,,0,89,,21170,500,,,0,15,,21169,500,,,0,68,,21171,500,,,0,15,,21172,500,,,0,62,,21173,500,,,0,15,,21194,500,,,0,13,,21195,500,,,0,14,,21174,500,,,0,59,,21175,500,,,0,14,,21176,500,,,0,15,,21177,500,,,0,22,,21178,470,,,0,70,,21179,470,,,0,15,,21180,470,,,0,68,,21181,470,,,0,30,,21182,470,,,0,69,,21183,470,,,0,44,,21184,470,,,0,99,,21185,470,,,0,108,,21186,470,,,0
70901,'Semaine-03',455,,23183,470,,,0,70,,23225,470,,,0,20,,23181,470,,,0,10,,23180,470,,,0,63,,23182,470,,,0,20,,23184,470,,,0,20,,23185,470,,,0,67,,23186,470,,,0,12,,23187,470,,,0,21,,23188,470,,,0,50,,23189,470,,,0,10,,23190,470,,,0,20,,23191,470,,,0,10,,23192,470,,,0,54,,23193,470,,,0,13,,23195,470,,,0,15,,23231,470,,,0,15,,23194,470,,,0,70,,23196,470,,,0,15,,23197,470,,,0,22,,23198,500,,,0,70,,23199,500,,,0,15,,23200,500,,,0,15,,23201,500,,,0,55,,23202,500,,,0,15,,23234,500,,,0,15,,23203,500,,,0,15,,23235,500,,,0,70,,23204,500,,,0,15,,23205,500,,,0,15,,23206,500,,,0,70,,23226,500,,,0,30,,23227,500,,,0,70,,23228,500,,,0,16,,23229,500,,,0,16,,23230,500,,,0,89,,23208,500,,,0,15,,23207,500,,,0,68,,23209,500,,,0,15,,23210,500,,,0,62,,23211,500,,,0,15,,23232,500,,,0,13,,23233,500,,,0,14,,23212,500,,,0,59,,23213,500,,,0,14,,23214,500,,,0,15,,23215,500,,,0,22,,23216,470,,,0,70,,23217,470,,,0,15,,23218,470,,,0,68,,23219,470,,,0,30,,23220,470,,,0,69,,23221,470,,,0,44,,23222,470,,,0,99,,23223,470,,,0,108,,23224,470,,,0
70901,'Week-end-01',624,,21198,470,,,0,30,,21199,470,,,0,70,,21200,470,,,0,30,,21201,470,,,0,70,,21202,470,,,0,15,,21203,470,,,0,71,,21204,470,,,0,30,,21205,470,,,0,70,,21206,470,,,0,31,,21207,470,,,0,71,,21208,470,,,0,30,,21209,470,,,0,70,,21210,470,,,0,30,,21211,470,,,0,70,,21212,470,,,0,30,,21213,470,,,0,70,,21214,470,,,0,30,,21215,470,,,0,70,,21216,470,,,0,30,,21217,470,,,0,70,,21218,470,,,0,30,,21219,470,,,0,70,,21220,470,,,0,30,,21221,470,,,0,70,,21222,470,,,0,30,,21223,470,,,0,70,,21224,470,,,0,30,,21225,470,,,0,70,,21226,470,,,0,30,,21227,470,,,0,70,,21228,470,,,0,30,,21229,470,,,0,70,,21230,470,,,0,31,,21231,470,,,0,70,,21232,470,,,0,30,,21233,470,,,0,111,,21234,470,,,0
