31200,'Fête-1-01',821,,4919,4,,0,100,,4920,4,,0,100,,4921,4,,0,100,,4922,4,,0,101,,4923,4,,0,100,,4924,4,,0,100,,4925,4,,0,100,,4926,4,,0,100,,4927,4,,0,100,,4928,4,,0,100,,4929,4,,0,99,,4930,4,,0,100,,4931,4,,0,100,,4932,4,,0,100,,4933,4,,0
31200,'Fête-1-02',821,,4934,4,,0,100,,4935,4,,0,100,,4936,4,,0,100,,4937,4,,0,101,,4938,4,,0,100,,4939,4,,0,100,,4940,4,,0,100,,4941,4,,0,100,,4942,4,,0,100,,4943,4,,0,100,,4944,4,,0,99,,4945,4,,0,100,,4946,4,,0,100,,4947,4,,0,100,,4948,4,,0
31200,'Fête-2-02',558,,4949,4,,0,100,,4950,4,,0,70,,4951,4,,0,72,,4952,4,,0,30,,4953,4,,0,98,,4954,4,,0,100,,4955,4,,0,100,,4956,4,,0,100,,4957,4,,0,100,,4958,4,,0,100,,4959,4,,0,101,,4960,4,,0,30,,4961,4,,0,70,,4962,4,,0,30,,4963,4,,0,70,,4964,4,,0,30,,4965,4,,0,70,,4966,4,,0,98,,4970,4,,0,100,,4967,4,,0,99,,4968,4,,0,100,,4969,4,,0
31200,'Semaine-01',558,,4971,4,,0,100,,4972,4,,0,70,,4973,4,,0,72,,4974,4,,0,30,,4975,4,,0,98,,4976,4,,0,100,,4977,4,,0,100,,4978,4,,0,100,,4979,4,,0,100,,4980,4,,0,100,,4981,4,,0,101,,4982,4,,0,30,,4983,4,,0,70,,4984,4,,0,30,,4985,4,,0,70,,4986,4,,0,30,,4987,4,,0,70,,4988,4,,0,98,,4992,4,,0,100,,4989,4,,0,99,,4990,4,,0,100,,4991,4,,0
31200,'Semaine-50',558,,4993,4,,0,100,,4994,4,,0,70,,4995,4,,0,72,,4996,4,,0,30,,4997,4,,0,98,,4998,4,,0,100,,4999,4,,0,100,,5000,4,,0,100,,5001,4,,0,100,,5002,4,,0,100,,5003,4,,0,101,,5004,4,,0,30,,5005,4,,0,70,,5006,4,,0,30,,5007,4,,0,70,,5008,4,,0,30,,5009,4,,0,70,,5010,4,,0,98,,5014,4,,0,100,,5011,4,,0,99,,5012,4,,0,100,,5013,4,,0
31200,'Week-end-01',821,,5015,4,,0,100,,5016,4,,0,100,,5017,4,,0,100,,5018,4,,0,101,,5019,4,,0,100,,5020,4,,0,100,,5021,4,,0,100,,5022,4,,0,100,,5023,4,,0,100,,5024,4,,0,100,,5025,4,,0,99,,5026,4,,0,100,,5027,4,,0,100,,5028,4,,0,100,,5029,4,,0
31200,'Week-end-50',821,,5030,4,,0,100,,5031,4,,0,100,,5032,4,,0,100,,5033,4,,0,101,,5034,4,,0,100,,5035,4,,0,100,,5036,4,,0,100,,5037,4,,0,100,,5038,4,,0,100,,5039,4,,0,100,,5040,4,,0,99,,5041,4,,0,100,,5042,4,,0,100,,5043,4,,0,100,,5044,4,,0
31201,'Fête-1-01',830,,5045,,,0,100,,5046,,,0,100,,5047,,,0,100,,5048,,,0,100,,5049,,,0,100,,5050,,,0,100,,5051,,,0,100,,5052,,,0,100,,5053,,,0,100,,5054,,,0,100,,5055,,,0,100,,5056,,,0,100,,5057,,,0,100,,5058,,,0,100,,5059,,,0
31201,'Fête-1-02',830,,5060,,,0,100,,5061,,,0,100,,5062,,,0,100,,5063,,,0,100,,5064,,,0,100,,5065,,,0,100,,5066,,,0,100,,5067,,,0,100,,5068,,,0,100,,5069,,,0,100,,5070,,,0,100,,5071,,,0,100,,5072,,,0,100,,5073,,,0,100,,5074,,,0
31201,'Fête-2-02',605,,5075,,,0,30,,5076,,,0,70,,5077,,,0,30,,5078,,,0,70,,5079,,,0,30,,5080,,,0,100,,5081,,,0,100,,5082,,,0,100,,5083,,,0,100,,5084,,,0,100,,5085,,,0,100,,5086,,,0,100,,5087,,,0,70,,5088,,,0,30,,5089,,,0,70,,5090,,,0,30,,5091,,,0,70,,5092,,,0,30,,5093,,,0,100,,5094,,,0,100,,5095,,,0,100,,5096,,,0,100,,5097,,,0
31201,'Semaine-01',605,,5098,,,0,30,,5099,,,0,70,,5100,,,0,30,,5101,,,0,70,,5102,,,0,30,,5103,,,0,100,,5104,,,0,100,,5105,,,0,100,,5106,,,0,100,,5107,,,0,100,,5108,,,0,100,,5109,,,0,100,,5110,,,0,70,,5111,,,0,30,,5112,,,0,70,,5113,,,0,30,,5114,,,0,70,,5115,,,0,30,,5116,,,0,100,,5117,,,0,100,,5118,,,0,100,,5119,,,0,100,,5120,,,0
31201,'Semaine-50',605,,5121,,,0,30,,5122,,,0,70,,5123,,,0,30,,5124,,,0,70,,5125,,,0,30,,5126,,,0,100,,5127,,,0,100,,5128,,,0,100,,5129,,,0,100,,5130,,,0,100,,5131,,,0,100,,5132,,,0,100,,5133,,,0,70,,5134,,,0,30,,5135,,,0,70,,5136,,,0,30,,5137,,,0,70,,5138,,,0,30,,5139,,,0,100,,5140,,,0,100,,5141,,,0,100,,5142,,,0,100,,5143,,,0
31201,'Week-end-01',830,,5144,,,0,100,,5145,,,0,100,,5146,,,0,100,,5147,,,0,100,,5148,,,0,100,,5149,,,0,100,,5150,,,0,100,,5151,,,0,100,,5152,,,0,100,,5153,,,0,100,,5154,,,0,100,,5155,,,0,100,,5156,,,0,100,,5157,,,0,100,,5158,,,0
31201,'Week-end-50',830,,5159,,,0,100,,5160,,,0,100,,5161,,,0,100,,5162,,,0,100,,5163,,,0,100,,5164,,,0,100,,5165,,,0,100,,5166,,,0,100,,5167,,,0,100,,5168,,,0,100,,5169,,,0,100,,5170,,,0,100,,5171,,,0,100,,5172,,,0,100,,5173,,,0
