24900,'LA-H26-LA_GTFS-Fête-1-01',838,,2787,0,5,0,170,,2788,0,5,0,130,,2797,0,5,0,170,,2789,0,5,0,130,,2790,0,5,0,170,,2791,0,5,0,130,,2792,0,5,0,170,,2793,0,5,0,130,,2794,0,5,0,170,,2795,0,5,0,130,,2796,0,5,0
24900,'LA-H26-LA_GTFS-Fête-1-02',838,,2798,0,5,0,170,,2799,0,5,0,130,,2808,0,5,0,170,,2800,0,5,0,130,,2801,0,5,0,170,,2802,0,5,0,130,,2803,0,5,0,170,,2804,0,5,0,130,,2805,0,5,0,170,,2806,0,5,0,130,,2807,0,5,0
24900,'LA-H26-LA_GTFS-Fête-2-02',710,,2810,,,0,28,,2811,,,0,73,,2812,,,0,98,,2813,,,0,129,,2814,,,0,100,,2815,,,0,100,,2816,,,0,100,,2817,,,0,100,,2818,,,0,105,,2819,,,0,82,,2820,,,0,33,,2821,,,0,93,,2822,,,0,72,,2823,,,0,36,,2824,,,0,84,,2825,,,0,100,,2826,,,0,100,,2827,,,0,100,,2828,,,0,100,,2809,,,0
24900,'LA-H26-LA_GTFS-Semaine-01',710,,2830,,,0,28,,2831,,,0,73,,2832,,,0,98,,2833,,,0,24,,2834,,,0,105,,2835,,,0,100,,2836,,,0,100,,2837,,,0,100,,2838,,,0,100,,2839,,,0,105,,2840,,,0,82,,2841,,,0,33,,2842,,,0,93,,2843,,,0,72,,2844,,,0,36,,2845,,,0,84,,2846,,,0,100,,2847,,,0,100,,2848,,,0,100,,2849,,,0,100,,2829,,,0
24900,'LA-H26-LA_GTFS-Semaine-50',710,,2851,,,0,28,,2852,,,0,73,,2853,,,0,98,,2854,,,0,24,,2855,,,0,105,,2856,,,0,100,,2857,,,0,100,,2858,,,0,100,,2859,,,0,100,,2860,,,0,105,,2861,,,0,82,,2862,,,0,33,,2863,,,0,93,,2864,,,0,72,,2865,,,0,36,,2866,,,0,84,,2867,,,0,100,,2868,,,0,100,,2869,,,0,100,,2870,,,0,100,,2850,,,0
24900,'LA-H26-LA_GTFS-Week-end-01',838,,2871,0,5,0,170,,2872,0,5,0,130,,2881,0,5,0,170,,2873,0,5,0,130,,2874,0,5,0,170,,2875,0,5,0,130,,2876,0,5,0,170,,2877,0,5,0,130,,2878,0,5,0,170,,2879,0,5,0,130,,2880,0,5,0
24900,'LA-H26-LA_GTFS-Week-end-50',838,,2882,0,5,0,170,,2883,0,5,0,130,,2892,0,5,0,170,,2884,0,5,0,130,,2885,0,5,0,170,,2886,0,5,0,130,,2887,0,5,0,170,,2888,0,5,0,130,,2889,0,5,0,170,,2890,0,5,0,130,,2891,0,5,0
25301,'LA-H26-LA_GTFS-Fête-2-02',516,,3557,,,0,95,,3560,,,0,26,,3561,,,0,77,,3558,,,0,20,,3559,,,0
25301,'LA-H26-LA_GTFS-Semaine-01',516,,3562,,,0,95,,3565,,,0,26,,3566,,,0,77,,3563,,,0,20,,3564,,,0
25301,'LA-H26-LA_GTFS-Semaine-50',516,,3567,,,0,95,,3570,,,0,26,,3571,,,0,77,,3568,,,0,20,,3569,,,0
