24601,'LA-H26-LA_GTFS-Fête-2-02',536,,2558,,,0,87,,2557,,,0,90,,2556,,,0,87,,2555,,,0,47,,2554,,,0,695,,2553,,,0,93,,2552,,,0,92,,2551,,,0,100,,2550,,,0,90,,2549,,,0
24601,'LA-H26-LA_GTFS-Semaine-01',537,,2568,,,0,87,,2567,,,0,92,,2566,,,0,88,,2565,,,0,51,,2564,,,0,697,,2563,,,0,90,,2562,,,0,93,,2561,,,0,92,,2560,,,0,90,,2559,,,0
24601,'LA-H26-LA_GTFS-Semaine-50',537,,2578,,,0,87,,2577,,,0,92,,2576,,,0,88,,2575,,,0,51,,2574,,,0,697,,2573,,,0,90,,2572,,,0,93,,2571,,,0,92,,2570,,,0,90,,2569,,,0
24700,'LA-H26-LA_GTFS-Fête-1-01',816,,2585,,,0,130,,2579,,,0,170,,2581,,,0,130,,2586,,,0,170,,2587,,,0,130,,2582,,,0,170,,2580,,,0,130,,2583,,,0,170,,2584,,,0
24700,'LA-H26-LA_GTFS-Fête-1-02',816,,2594,,,0,130,,2588,,,0,170,,2590,,,0,130,,2595,,,0,170,,2596,,,0,130,,2591,,,0,170,,2589,,,0,130,,2592,,,0,170,,2593,,,0
24700,'LA-H26-LA_GTFS-Fête-2-02',647,,2602,,,0,82,,2603,,,0,103,,2604,,,0,184,,2610,,,0,130,,2611,,,0,170,,2608,,,0,130,,2609,,,0,71,,2597,,,0,114,,2598,,,0,92,,2599,,,0,107,,2600,,,0,71,,2601,,,0,121,,2605,,,0,129,,2606,,,0,170,,2607,,,0
24700,'LA-H26-LA_GTFS-Semaine-01',647,,2620,,,0,82,,2621,,,0,103,,2622,,,0,184,,2628,,,0,130,,2629,,,0,170,,2626,,,0,130,,2627,,,0,71,,2612,,,0,114,,2613,,,0,28,,2614,,,0,64,,2615,,,0,87,,2616,,,0,20,,2617,,,0,71,,2618,,,0,99,,2619,,,0,22,,2623,,,0,129,,2624,,,0,170,,2625,,,0
24700,'LA-H26-LA_GTFS-Semaine-50',647,,2638,,,0,82,,2639,,,0,103,,2640,,,0,184,,2646,,,0,130,,2647,,,0,170,,2644,,,0,130,,2645,,,0,71,,2630,,,0,114,,2631,,,0,28,,2632,,,0,64,,2633,,,0,87,,2634,,,0,20,,2635,,,0,71,,2636,,,0,99,,2637,,,0,22,,2641,,,0,129,,2642,,,0,170,,2643,,,0
24700,'LA-H26-LA_GTFS-Week-end-01',816,,2654,,,0,130,,2648,,,0,170,,2650,,,0,130,,2655,,,0,170,,2656,,,0,130,,2651,,,0,170,,2649,,,0,130,,2652,,,0,170,,2653,,,0
24700,'LA-H26-LA_GTFS-Week-end-50',816,,2663,,,0,130,,2657,,,0,170,,2659,,,0,130,,2664,,,0,170,,2665,,,0,130,,2660,,,0,170,,2658,,,0,130,,2661,,,0,170,,2662,,,0
