23300,'Fête-1-02',921,,21641,700,,,0,200,,21643,700,,,0,200,,21639,700,,,0,204,,21644,700,,,0,200,,21642,700,,,0,197,,21640,700,,,0,200,,21637,700,,,0
23300,'Semaine-02',656,,18057,700,,,0,82,,18058,700,,,0,120,,18068,700,,,0,268,,18059,700,,,0,200,,18060,700,,,0,203,,18061,700,,,0,175,,18062,700,,,0,103,,18063,700,,,0,101,,18067,700,,,0,103,,18064,700,,,0,115,,18065,700,,,0
23300,'Semaine-03',656,,21645,700,,,0,82,,21646,700,,,0,120,,21656,700,,,0,268,,21647,700,,,0,200,,21648,700,,,0,203,,21649,700,,,0,175,,21650,700,,,0,103,,21651,700,,,0,101,,21655,700,,,0,103,,21652,700,,,0,115,,21653,700,,,0
23300,'Week-end-01',921,,18073,700,,,0,200,,18075,700,,,0,200,,18071,700,,,0,204,,18076,700,,,0,200,,18074,700,,,0,197,,18072,700,,,0,200,,18069,700,,,0
23400,'Fête-1-02',827,,21664,480,,,0,196,,21662,710,,,0,200,,21660,710,,,0,203,,21657,710,,,0,201,,21659,710,,,0,195,,21658,710,,,0,200,,21663,710,,,0,200,,21661,710,,,0
23400,'Semaine-02',553,,18110,480,,,0,65,,18109,480,,,0,97,,18099,710,,,0,107,,18112,710,,,0,103,,18100,710,,,0,100,,18101,710,,,0,200,,18102,710,,,0,200,,18103,710,,,0,204,,18104,710,,,0,108,,18105,710,,,0,101,,18106,710,,,0,95,,18111,710,,,0,91,,18107,710,,,0,200,,18108,710,,,0
23400,'Semaine-03',553,,21676,480,,,0,65,,21675,480,,,0,97,,21665,710,,,0,107,,21678,710,,,0,103,,21666,710,,,0,100,,21667,710,,,0,200,,21668,710,,,0,200,,21669,710,,,0,204,,21670,710,,,0,108,,21671,710,,,0,101,,21672,710,,,0,95,,21677,710,,,0,91,,21673,710,,,0,200,,21674,710,,,0
23400,'Week-end-01',827,,18120,480,,,0,196,,18118,710,,,0,200,,18116,710,,,0,203,,18113,710,,,0,201,,18115,710,,,0,195,,18114,710,,,0,200,,18119,710,,,0,200,,18117,710,,,0
23900,'Fête-1-02',827,,21876,370,,,0,85,,21861,560,,,0,103,,21869,560,,,0,106,,21870,560,,,0,104,,21871,560,,,0,100,,21872,560,,,0,100,,21873,560,,,0,100,,21874,560,,,0,100,,21867,560,,,0,96,,21863,560,,,0,98,,21862,560,,,0,96,,21864,560,,,0,96,,21865,560,,,0,100,,21866,560,,,0,100,,21868,560,,,0
23900,'Semaine-02',553,,18541,370,0,31 13,0,70,,18538,370,0,31 13,0,35,,18526,560,,,0,60,,18550,560,,,0,35,,18527,560,,,0,69,,18528,560,,,0,30,,18542,560,,,0,70,,18539,560,,,0,95,,18529,560,,,0,100,,18530,560,,,0,102,,18531,560,,,0,106,,18532,560,,,0,100,,18533,560,,,0,97,,18534,560,,,0,103,,18535,560,,,0,75,,18536,560,,,0,37,,18547,560,,,0,74,,18548,560,,,0,18,,18543,560,,,0,75,,18540,560,,,0,23,,18537,560,,,0,78,,18549,560,,,0,108,,18546,560,,,0,98,,18545,560,,,0
23900,'Semaine-03',553,,21892,370,0,31 13,0,70,,21889,370,0,31 13,0,35,,21877,560,,,0,60,,21901,560,,,0,35,,21878,560,,,0,69,,21879,560,,,0,30,,21893,560,,,0,70,,21890,560,,,0,95,,21880,560,,,0,100,,21881,560,,,0,102,,21882,560,,,0,106,,21883,560,,,0,100,,21884,560,,,0,97,,21885,560,,,0,103,,21886,560,,,0,75,,21887,560,,,0,37,,21898,560,,,0,74,,21899,560,,,0,18,,21894,560,,,0,75,,21891,560,,,0,23,,21888,560,,,0,78,,21900,560,,,0,108,,21897,560,,,0,98,,21896,560,,,0
23900,'Week-end-01',827,,18566,370,,,0,85,,18551,560,,,0,103,,18559,560,,,0,106,,18560,560,,,0,104,,18561,560,,,0,100,,18562,560,,,0,100,,18563,560,,,0,100,,18564,560,,,0,100,,18557,560,,,0,96,,18553,560,,,0,98,,18552,560,,,0,96,,18554,560,,,0,96,,18555,560,,,0,100,,18556,560,,,0,100,,18558,560,,,0
