40500,'Semaine-01',711,,5513,,,0,100,,5514,,,0,910,,5515,,,0
40500,'Semaine-50',711,,5516,,,0,100,,5517,,,0,910,,5518,,,0
60500,'Semaine-01',727,,6131,,,0,205,,6132,,,0
60500,'Semaine-50',727,,6133,,,0,205,,6134,,,0
70900,'Fête-1-01',631,,6843,,,0,25,,6844,,,0,55,,6845,,,0,30,,6846,,,0,70,,6847,,,0,30,,6848,,,0,70,,6849,,,0,30,,6850,,,0,70,,6851,,,0,30,,6852,,,0,70,,6853,,,0,30,,6854,,,0,70,,6855,,,0,30,,6856,,,0,70,,6857,,,0,30,,6858,,,0,70,,6859,,,0,30,,6860,,,0,70,,6861,,,0,30,,6862,,,0,70,,6863,,,0,30,,6864,,,0,70,,6865,,,0,30,,6866,,,0,70,,6867,,,0,30,,6868,,,0,70,,6869,,,0,30,,6870,,,0,70,,6871,,,0,30,,6872,,,0,70,,6873,,,0,30,,6874,,,0,70,,6875,,,0,20,,6876,,,0,70,,6877,,,0,30,,6878,,,0,70,,6879,,,0,30,,6880,,,0,109,,6881,,,0
70900,'Fête-1-02',631,,6882,,,0,25,,6883,,,0,55,,6884,,,0,30,,6885,,,0,70,,6886,,,0,30,,6887,,,0,70,,6888,,,0,30,,6889,,,0,70,,6890,,,0,30,,6891,,,0,70,,6892,,,0,30,,6893,,,0,70,,6894,,,0,30,,6895,,,0,70,,6896,,,0,30,,6897,,,0,70,,6898,,,0,30,,6899,,,0,70,,6900,,,0,30,,6901,,,0,70,,6902,,,0,30,,6903,,,0,70,,6904,,,0,30,,6905,,,0,70,,6906,,,0,30,,6907,,,0,70,,6908,,,0,30,,6909,,,0,70,,6910,,,0,30,,6911,,,0,70,,6912,,,0,30,,6913,,,0,70,,6914,,,0,20,,6915,,,0,70,,6916,,,0,30,,6917,,,0,70,,6918,,,0,30,,6919,,,0,109,,6920,,,0
70900,'Fête-2-02',544,,6922,0,11 12 13,0,78,,6923,0,11 12 13,0,20,,6924,0,11 12 13,0,7,,6925,0,11 12 13,0,59,,6926,0,11 12 13,0,19,,6927,0,11 12 13,0,19,,6928,0,11 12 13,0,13,,6929,0,11 12 13,0,52,,6930,0,11 12 13,0,28,,6931,0,11 12 13,0,19,,6972,0,11 12 13,0,55,,6932,0,11 12 13,0,25,,6971,0,11 12 13,0,68,,6933,0,11 12 13,0,15,,6934,0,11 12 13,0,29,,6935,0,11 12 13,0,55,,6936,0,11 12 13,0,15,,6937,0,11 12 13,0,23,,6938,0,11 12 13,0,70,,6939,0,11 12 13,0,15,,6967,0,11 12 13,0,15,,6970,0,11 12 13,0,15,,6969,0,11 12 13,0,70,,6968,0,11 12 13,0,85,,6966,0,11 12 13,0,15,,6940,0,11 12 13,0,21,,6941,0,11 12 13,0,83,,6942,,,0,13,,6943,,,0,13,,6944,,,0,60,,6964,,,0,17,,6965,,,0,11,,6958,,,0,56,,6963,,,0,13,,6959,,,0,13,,6960,,,0,9,,6961,,,0,11,,6962,,,0,53,,6957,,,0,28,,6945,,,0,14,,6946,,,0,12,,6947,,,0,52,,6948,,,0,27,,6956,,,0,19,,6949,,,0,69,,6950,,,0,22,,6974,,,0,70,,6951,,,0,15,,6952,,,0,97,,6953,,,0,29,,6954,,,0,84,,6973,,,0,99,,6955,,,0,108,,6921,,,0
70900,'Semaine-01',544,,6976,0,11 12 13,0,12,,7034,0,11 12 13,0,66,,6977,0,11 12 13,0,10,,6978,0,11 12 13,0,10,,6979,0,11 12 13,0,7,,6980,0,11 12 13,0,59,,6981,0,11 12 13,0,19,,6982,0,11 12 13,0,10,,6983,0,11 12 13,0,9,,6984,0,11 12 13,0,13,,6985,0,11 12 13,0,52,,6986,0,11 12 13,0,17,,6987,0,11 12 13,0,11,,6988,0,11 12 13,0,19,,7032,0,11 12 13,0,55,,6989,0,11 12 13,0,25,,7031,0,11 12 13,0,15,,6990,0,11 12 13,0,53,,6991,0,11 12 13,0,15,,6992,0,11 12 13,0,29,,6993,0,11 12 13,0,55,,6994,0,11 12 13,0,15,,6995,0,11 12 13,0,23,,6996,0,11 12 13,0,70,,6997,0,11 12 13,0,15,,7027,0,11 12 13,0,15,,7030,0,11 12 13,0,15,,7029,0,11 12 13,0,70,,7028,0,11 12 13,0,85,,7026,0,11 12 13,0,15,,6998,0,11 12 13,0,21,,6999,0,11 12 13,0,83,,7000,,,0,13,,7001,,,0,13,,7002,,,0,60,,7024,,,0,17,,7025,,,0,11,,7018,,,0,56,,7023,,,0,13,,7019,,,0,13,,7020,,,0,9,,7021,,,0,11,,7022,,,0,53,,7017,,,0,14,,7003,,,0,14,,7004,,,0,14,,7005,,,0,12,,7006,,,0,52,,7007,,,0,27,,7016,,,0,19,,7008,,,0,69,,7009,,,0,22,,7035,,,0,70,,7010,,,0,15,,7011,,,0,27,,7012,,,0,70,,7013,,,0,29,,7014,,,0,84,,7033,,,0,99,,7015,,,0,108,,6975,,,0
70900,'Semaine-50',544,,7037,0,11 12 13,0,12,,7095,0,11 12 13,0,66,,7038,0,11 12 13,0,10,,7039,0,11 12 13,0,10,,7040,0,11 12 13,0,7,,7041,0,11 12 13,0,59,,7042,0,11 12 13,0,19,,7043,0,11 12 13,0,10,,7044,0,11 12 13,0,9,,7045,0,11 12 13,0,13,,7046,0,11 12 13,0,52,,7047,0,11 12 13,0,17,,7048,0,11 12 13,0,11,,7049,0,11 12 13,0,19,,7093,0,11 12 13,0,55,,7050,0,11 12 13,0,25,,7092,0,11 12 13,0,15,,7051,0,11 12 13,0,53,,7052,0,11 12 13,0,15,,7053,0,11 12 13,0,29,,7054,0,11 12 13,0,55,,7055,0,11 12 13,0,15,,7056,0,11 12 13,0,23,,7057,0,11 12 13,0,70,,7058,0,11 12 13,0,15,,7088,0,11 12 13,0,15,,7091,0,11 12 13,0,15,,7090,0,11 12 13,0,70,,7089,0,11 12 13,0,85,,7087,0,11 12 13,0,15,,7059,0,11 12 13,0,21,,7060,0,11 12 13,0,83,,7061,,,0,13,,7062,,,0,13,,7063,,,0,60,,7085,,,0,17,,7086,,,0,11,,7079,,,0,56,,7084,,,0,13,,7080,,,0,13,,7081,,,0,9,,7082,,,0,11,,7083,,,0,53,,7078,,,0,14,,7064,,,0,14,,7065,,,0,14,,7066,,,0,12,,7067,,,0,52,,7068,,,0,27,,7077,,,0,19,,7069,,,0,69,,7070,,,0,22,,7096,,,0,70,,7071,,,0,15,,7072,,,0,27,,7073,,,0,70,,7074,,,0,29,,7075,,,0,84,,7094,,,0,99,,7076,,,0,108,,7036,,,0
70900,'Week-end-01',631,,7097,,,0,25,,7098,,,0,55,,7099,,,0,30,,7100,,,0,70,,7101,,,0,30,,7102,,,0,70,,7103,,,0,30,,7104,,,0,70,,7105,,,0,30,,7106,,,0,70,,7107,,,0,30,,7108,,,0,70,,7109,,,0,30,,7110,,,0,70,,7111,,,0,30,,7112,,,0,70,,7113,,,0,30,,7114,,,0,70,,7115,,,0,30,,7116,,,0,70,,7117,,,0,30,,7118,,,0,70,,7119,,,0,30,,7120,,,0,70,,7121,,,0,30,,7122,,,0,70,,7123,,,0,30,,7124,,,0,70,,7125,,,0,30,,7126,,,0,70,,7127,,,0,30,,7128,,,0,70,,7129,,,0,20,,7130,,,0,70,,7131,,,0,30,,7132,,,0,70,,7133,,,0,30,,7134,,,0,109,,7135,,,0
70900,'Week-end-50',631,,7136,,,0,25,,7137,,,0,55,,7138,,,0,30,,7139,,,0,70,,7140,,,0,30,,7141,,,0,70,,7142,,,0,30,,7143,,,0,70,,7144,,,0,30,,7145,,,0,70,,7146,,,0,30,,7147,,,0,70,,7148,,,0,30,,7149,,,0,70,,7150,,,0,30,,7151,,,0,70,,7152,,,0,30,,7153,,,0,70,,7154,,,0,30,,7155,,,0,70,,7156,,,0,30,,7157,,,0,70,,7158,,,0,30,,7159,,,0,70,,7160,,,0,30,,7161,,,0,70,,7162,,,0,30,,7163,,,0,70,,7164,,,0,30,,7165,,,0,70,,7166,,,0,30,,7167,,,0,70,,7168,,,0,20,,7169,,,0,70,,7170,,,0,30,,7171,,,0,70,,7172,,,0,30,,7173,,,0,109,,7174,,,0
