23001,'Fête-1-01',813,,17812,160,,,0,101,,17824,160,,,0,100,,17813,160,,,0,101,,17818,160,,,0,102,,17825,160,,,0,100,,17819,160,,,0,100,,17820,160,,,0,99,,17821,160,,,0,100,,17823,160,,,0,99,,17816,160,,,0,100,,17817,160,,,0,98,,17822,160,,,0,99,,17815,160,,,0,100,,17814,160,,,0,100,,17811,160,,,0
23001,'Semaine-01',614,,17834,160,,,0,32,,17827,160,,,0,70,,17828,160,,,0,31,,17829,160,,,0,70,,17830,160,,,0,30,,17831,160,,,0,70,,17832,160,,,0,100,,17833,160,,,0,105,,17842,160,,,0,107,,17843,160,,,0,115,,17844,160,,,0,115,,17845,160,,,0,155,,17847,160,,,0,40,,17839,160,,,0,73,,17840,160,,,0,75,,17841,160,,,0,30,,17838,160,,,0,69,,17846,160,,,0,29,,17837,160,,,0,100,,17836,160,,,0,100,,17835,160,,,0,99,,17826,160,,,0
23001,'Semaine-02',614,,17856,160,,,0,32,,17849,160,,,0,70,,17850,160,,,0,31,,17851,160,,,0,70,,17852,160,,,0,30,,17853,160,,,0,70,,17854,160,,,0,100,,17855,160,,,0,105,,17864,160,,,0,107,,17865,160,,,0,115,,17866,160,,,0,115,,17867,160,,,0,155,,17869,160,,,0,40,,17861,160,,,0,73,,17862,160,,,0,75,,17863,160,,,0,30,,17860,160,,,0,69,,17868,160,,,0,29,,17859,160,,,0,100,,17858,160,,,0,100,,17857,160,,,0,99,,17848,160,,,0
23001,'Week-end-01',813,,17871,160,,,0,101,,17883,160,,,0,100,,17872,160,,,0,101,,17877,160,,,0,102,,17884,160,,,0,100,,17878,160,,,0,100,,17879,160,,,0,99,,17880,160,,,0,100,,17882,160,,,0,99,,17875,160,,,0,100,,17876,160,,,0,98,,17881,160,,,0,99,,17874,160,,,0,100,,17873,160,,,0,100,,17870,160,,,0
23701,'Fête-1-01',906,,18349,50,,,0,98,,18340,50,,,0,101,,18346,50,,,0,100,,18348,50,,,0,100,,18337,50,,,0,100,,18339,50,,,0,100,,18338,50,,,0,100,,18345,50,,,0,100,,18341,50,,,0,100,,18343,50,,,0,100,,18344,50,,,0,101,,18347,50,,,0,99,,18342,50,,,0,100,,18350,50,,,0
23701,'Semaine-01',557,,18369,50,,,0,76,,18352,50,,,0,20,,18370,50,,,0,84,,18365,50,,,0,90,,18353,50,,,0,108,,18367,50,,,0,103,,18366,50,,,0,100,,18354,50,,,0,100,,18355,50,,,0,100,,18356,50,,,0,100,,18357,50,,,0,97,,18358,50,,,0,169,,18362,50,,,0,37,,18359,50,,,0,116,,18363,50,,,0,145,,18360,50,,,0,100,,18364,50,,,0,108,,18361,50,,,0
23701,'Semaine-02',557,,18388,50,,,0,76,,18371,50,,,0,20,,18389,50,,,0,84,,18384,50,,,0,90,,18372,50,,,0,108,,18386,50,,,0,103,,18385,50,,,0,100,,18373,50,,,0,100,,18374,50,,,0,100,,18375,50,,,0,100,,18376,50,,,0,97,,18377,50,,,0,169,,18381,50,,,0,37,,18378,50,,,0,116,,18382,50,,,0,145,,18379,50,,,0,100,,18383,50,,,0,108,,18380,50,,,0
23701,'Week-end-01',906,,18402,50,,,0,98,,18393,50,,,0,101,,18399,50,,,0,100,,18401,50,,,0,100,,18390,50,,,0,100,,18392,50,,,0,100,,18391,50,,,0,100,,18398,50,,,0,100,,18394,50,,,0,100,,18396,50,,,0,100,,18397,50,,,0,101,,18400,50,,,0,99,,18395,50,,,0,100,,18403,50,,,0
70901,'Fête-1-01',554,,21049,50,,,0,70,,21050,50,,,0,29,,21051,50,,,0,70,,21052,50,,,0,30,,21053,50,,,0,55,,21054,50,,,0,30,,21055,50,,,0,70,,21056,50,,,0,30,,21057,50,,,0,70,,21058,50,,,0,30,,21059,50,,,0,70,,21060,50,,,0,30,,21061,50,,,0,70,,21062,50,,,0,30,,21063,50,,,0,70,,21064,50,,,0,30,,21065,50,,,0,70,,21066,50,,,0,30,,21067,50,,,0,70,,21068,50,,,0,30,,21069,50,,,0,70,,21070,50,,,0,30,,21071,50,,,0,70,,21072,50,,,0,30,,21073,50,,,0,70,,21074,50,,,0,31,,21075,50,,,0,70,,21076,50,,,0,30,,21077,50,,,0,71,,21078,50,,,0,30,,21079,50,,,0,70,,21080,50,,,0,30,,21081,50,,,0,71,,21082,50,,,0,30,,21083,50,,,0,70,,21084,50,,,0,111,,21085,50,,,0
70901,'Semaine-01',423,,21089,50,,,0,30,,21131,50,,,0,60,,21087,50,,,0,10,,21086,50,,,0,20,,21088,50,,,0,60,,21090,50,,,0,20,,21091,50,,,0,25,,21092,50,,,0,10,,21093,50,,,0,60,,21094,50,,,0,10,,21095,50,,,0,10,,21096,50,,,0,20,,21097,50,,,0,50,,21098,50,,,0,15,,21099,50,,,0,15,,21101,50,,,0,15,,21137,50,,,0,55,,21100,50,,,0,30,,21102,50,,,0,15,,21103,50,,,0,63,,21104,80,,,0,30,,21105,80,,,0,55,,21106,80,,,0,15,,21107,80,,,0,15,,21108,80,,,0,15,,21140,80,,,0,55,,21109,80,,,0,15,,21141,80,,,0,30,,21110,80,,,0,55,,21111,80,,,0,15,,21112,80,,,0,30,,21132,80,,,0,70,,21133,80,,,0,30,,21134,80,,,0,55,,21135,80,,,0,15,,21136,80,,,0,85,,21114,80,,,0,15,,21113,80,,,0,30,,21115,80,,,0,55,,21116,80,,,0,25,,21117,80,,,0,15,,21138,80,,,0,15,,21139,80,,,0,55,,21118,80,,,0,20,,21119,80,,,0,15,,21120,80,,,0,55,,21121,80,,,0,22,,21122,50,,,0,30,,21123,50,,,0,55,,21124,50,,,0,30,,21125,50,,,0,70,,21126,50,,,0,30,,21127,50,,,0,85,,21128,50,,,0,100,,21129,50,,,0,108,,21130,50,,,0
70901,'Semaine-02',423,,21145,50,,,0,30,,21187,50,,,0,60,,21143,50,,,0,10,,21142,50,,,0,20,,21144,50,,,0,60,,21146,50,,,0,20,,21147,50,,,0,25,,21148,50,,,0,10,,21149,50,,,0,60,,21150,50,,,0,10,,21151,50,,,0,10,,21152,50,,,0,20,,21153,50,,,0,50,,21154,50,,,0,15,,21155,50,,,0,15,,21157,50,,,0,15,,21193,50,,,0,55,,21156,50,,,0,30,,21158,50,,,0,15,,21159,50,,,0,63,,21160,80,,,0,30,,21161,80,,,0,55,,21162,80,,,0,15,,21163,80,,,0,15,,21164,80,,,0,15,,21196,80,,,0,55,,21165,80,,,0,15,,21197,80,,,0,30,,21166,80,,,0,55,,21167,80,,,0,15,,21168,80,,,0,30,,21188,80,,,0,70,,21189,80,,,0,30,,21190,80,,,0,55,,21191,80,,,0,15,,21192,80,,,0,85,,21170,80,,,0,15,,21169,80,,,0,30,,21171,80,,,0,55,,21172,80,,,0,25,,21173,80,,,0,15,,21194,80,,,0,15,,21195,80,,,0,55,,21174,80,,,0,20,,21175,80,,,0,15,,21176,80,,,0,55,,21177,80,,,0,22,,21178,50,,,0,30,,21179,50,,,0,55,,21180,50,,,0,30,,21181,50,,,0,70,,21182,50,,,0,30,,21183,50,,,0,85,,21184,50,,,0,100,,21185,50,,,0,108,,21186,50,,,0
70901,'Week-end-01',554,,21198,50,,,0,70,,21199,50,,,0,29,,21200,50,,,0,70,,21201,50,,,0,30,,21202,50,,,0,55,,21203,50,,,0,30,,21204,50,,,0,70,,21205,50,,,0,30,,21206,50,,,0,70,,21207,50,,,0,30,,21208,50,,,0,70,,21209,50,,,0,30,,21210,50,,,0,70,,21211,50,,,0,30,,21212,50,,,0,70,,21213,50,,,0,30,,21214,50,,,0,70,,21215,50,,,0,30,,21216,50,,,0,70,,21217,50,,,0,30,,21218,50,,,0,70,,21219,50,,,0,30,,21220,50,,,0,70,,21221,50,,,0,30,,21222,50,,,0,70,,21223,50,,,0,31,,21224,50,,,0,70,,21225,50,,,0,30,,21226,50,,,0,71,,21227,50,,,0,30,,21228,50,,,0,70,,21229,50,,,0,30,,21230,50,,,0,71,,21231,50,,,0,30,,21232,50,,,0,70,,21233,50,,,0,111,,21234,50,,,0
