23001,'Fête-1-01',812,,17812,140,,,0,100,,17824,140,,,0,100,,17813,140,,,0,101,,17818,140,,,0,102,,17825,140,,,0,100,,17819,140,,,0,100,,17820,140,,,0,99,,17821,140,,,0,100,,17823,140,,,0,99,,17816,140,,,0,100,,17817,140,,,0,99,,17822,140,,,0,99,,17815,140,,,0,100,,17814,140,,,0,100,,17811,140,,,0
23001,'Semaine-01',612,,17834,140,,,0,32,,17827,140,,,0,70,,17828,140,,,0,31,,17829,140,,,0,70,,17830,140,,,0,30,,17831,140,,,0,70,,17832,140,,,0,100,,17833,140,,,0,105,,17842,140,,,0,107,,17843,140,,,0,115,,17844,140,,,0,115,,17845,140,,,0,155,,17847,140,,,0,40,,17839,140,,,0,73,,17840,140,,,0,75,,17841,140,,,0,30,,17838,140,,,0,29,,17846,140,,,0,69,,17837,140,,,0,100,,17836,140,,,0,100,,17835,140,,,0,99,,17826,140,,,0
23001,'Semaine-02',612,,17856,140,,,0,32,,17849,140,,,0,70,,17850,140,,,0,31,,17851,140,,,0,70,,17852,140,,,0,30,,17853,140,,,0,70,,17854,140,,,0,100,,17855,140,,,0,105,,17864,140,,,0,107,,17865,140,,,0,115,,17866,140,,,0,115,,17867,140,,,0,155,,17869,140,,,0,40,,17861,140,,,0,73,,17862,140,,,0,75,,17863,140,,,0,30,,17860,140,,,0,29,,17868,140,,,0,69,,17859,140,,,0,100,,17858,140,,,0,100,,17857,140,,,0,99,,17848,140,,,0
23001,'Week-end-01',812,,17871,140,,,0,100,,17883,140,,,0,100,,17872,140,,,0,101,,17877,140,,,0,102,,17884,140,,,0,100,,17878,140,,,0,100,,17879,140,,,0,99,,17880,140,,,0,100,,17882,140,,,0,99,,17875,140,,,0,100,,17876,140,,,0,99,,17881,140,,,0,99,,17874,140,,,0,100,,17873,140,,,0,100,,17870,140,,,0
23701,'Fête-1-01',905,,18349,30,,,0,98,,18340,30,,,0,100,,18346,30,,,0,100,,18348,30,,,0,100,,18337,30,,,0,100,,18339,30,,,0,100,,18338,30,,,0,100,,18345,30,,,0,100,,18341,30,,,0,100,,18343,30,,,0,100,,18344,30,,,0,101,,18347,30,,,0,100,,18342,30,,,0,100,,18350,30,,,0
23701,'Semaine-01',556,,18369,30,,,0,76,,18352,30,,,0,20,,18370,30,,,0,84,,18365,30,,,0,90,,18353,30,,,0,107,,18367,30,,,0,103,,18366,30,,,0,100,,18354,30,,,0,100,,18355,30,,,0,100,,18356,30,,,0,100,,18357,30,,,0,97,,18358,30,,,0,169,,18362,30,,,0,37,,18359,30,,,0,117,,18363,30,,,0,145,,18360,30,,,0,100,,18364,30,,,0,108,,18361,30,,,0
23701,'Semaine-02',556,,18388,30,,,0,76,,18371,30,,,0,20,,18389,30,,,0,84,,18384,30,,,0,90,,18372,30,,,0,107,,18386,30,,,0,103,,18385,30,,,0,100,,18373,30,,,0,100,,18374,30,,,0,100,,18375,30,,,0,100,,18376,30,,,0,97,,18377,30,,,0,169,,18381,30,,,0,37,,18378,30,,,0,117,,18382,30,,,0,145,,18379,30,,,0,100,,18383,30,,,0,108,,18380,30,,,0
23701,'Week-end-01',905,,18402,30,,,0,98,,18393,30,,,0,100,,18399,30,,,0,100,,18401,30,,,0,100,,18390,30,,,0,100,,18392,30,,,0,100,,18391,30,,,0,100,,18398,30,,,0,100,,18394,30,,,0,100,,18396,30,,,0,100,,18397,30,,,0,101,,18400,30,,,0,100,,18395,30,,,0,100,,18403,30,,,0
70901,'Fête-1-01',552,,21049,30,,,0,70,,21050,30,,,0,29,,21051,30,,,0,70,,21052,30,,,0,30,,21053,30,,,0,55,,21054,30,,,0,30,,21055,30,,,0,70,,21056,30,,,0,30,,21057,30,,,0,70,,21058,30,,,0,30,,21059,30,,,0,70,,21060,30,,,0,30,,21061,30,,,0,70,,21062,30,,,0,30,,21063,30,,,0,70,,21064,30,,,0,30,,21065,30,,,0,70,,21066,30,,,0,30,,21067,30,,,0,70,,21068,30,,,0,30,,21069,30,,,0,70,,21070,30,,,0,30,,21071,30,,,0,70,,21072,30,,,0,30,,21073,30,,,0,70,,21074,30,,,0,31,,21075,30,,,0,70,,21076,30,,,0,30,,21077,30,,,0,71,,21078,30,,,0,30,,21079,30,,,0,70,,21080,30,,,0,30,,21081,30,,,0,71,,21082,30,,,0,30,,21083,30,,,0,70,,21084,30,,,0,111,,21085,30,,,0
70901,'Semaine-01',421,,21089,30,,,0,30,,21131,30,,,0,60,,21087,30,,,0,10,,21086,30,,,0,20,,21088,30,,,0,60,,21090,30,,,0,20,,21091,30,,,0,25,,21092,30,,,0,10,,21093,30,,,0,60,,21094,30,,,0,10,,21095,30,,,0,10,,21096,30,,,0,20,,21097,30,,,0,50,,21098,30,,,0,15,,21099,30,,,0,15,,21101,30,,,0,15,,21137,30,,,0,55,,21100,30,,,0,30,,21102,30,,,0,15,,21103,30,,,0,63,,21104,60,,,0,30,,21105,60,,,0,15,,21106,60,,,0,55,,21107,60,,,0,15,,21108,60,,,0,15,,21140,60,,,0,15,,21109,60,,,0,55,,21141,60,,,0,30,,21110,60,,,0,15,,21111,60,,,0,55,,21112,60,,,0,30,,21132,60,,,0,70,,21133,60,,,0,30,,21134,60,,,0,15,,21135,60,,,0,55,,21136,60,,,0,45,,21114,60,,,0,55,,21113,60,,,0,30,,21115,60,,,0,15,,21116,60,,,0,65,,21117,60,,,0,15,,21138,60,,,0,15,,21139,60,,,0,55,,21118,60,,,0,20,,21119,60,,,0,15,,21120,60,,,0,15,,21121,60,,,0,62,,21122,30,,,0,30,,21123,30,,,0,55,,21124,30,,,0,30,,21125,30,,,0,70,,21126,30,,,0,30,,21127,30,,,0,85,,21128,30,,,0,100,,21129,30,,,0,108,,21130,30,,,0
70901,'Semaine-02',421,,21145,30,,,0,30,,21187,30,,,0,60,,21143,30,,,0,10,,21142,30,,,0,20,,21144,30,,,0,60,,21146,30,,,0,20,,21147,30,,,0,25,,21148,30,,,0,10,,21149,30,,,0,60,,21150,30,,,0,10,,21151,30,,,0,10,,21152,30,,,0,20,,21153,30,,,0,50,,21154,30,,,0,15,,21155,30,,,0,15,,21157,30,,,0,15,,21193,30,,,0,55,,21156,30,,,0,30,,21158,30,,,0,15,,21159,30,,,0,63,,21160,60,,,0,30,,21161,60,,,0,15,,21162,60,,,0,55,,21163,60,,,0,15,,21164,60,,,0,15,,21196,60,,,0,15,,21165,60,,,0,55,,21197,60,,,0,30,,21166,60,,,0,15,,21167,60,,,0,55,,21168,60,,,0,30,,21188,60,,,0,70,,21189,60,,,0,30,,21190,60,,,0,15,,21191,60,,,0,55,,21192,60,,,0,45,,21170,60,,,0,55,,21169,60,,,0,30,,21171,60,,,0,15,,21172,60,,,0,65,,21173,60,,,0,15,,21194,60,,,0,15,,21195,60,,,0,55,,21174,60,,,0,20,,21175,60,,,0,15,,21176,60,,,0,15,,21177,60,,,0,62,,21178,30,,,0,30,,21179,30,,,0,55,,21180,30,,,0,30,,21181,30,,,0,70,,21182,30,,,0,30,,21183,30,,,0,85,,21184,30,,,0,100,,21185,30,,,0,108,,21186,30,,,0
70901,'Week-end-01',552,,21198,30,,,0,70,,21199,30,,,0,29,,21200,30,,,0,70,,21201,30,,,0,30,,21202,30,,,0,55,,21203,30,,,0,30,,21204,30,,,0,70,,21205,30,,,0,30,,21206,30,,,0,70,,21207,30,,,0,30,,21208,30,,,0,70,,21209,30,,,0,30,,21210,30,,,0,70,,21211,30,,,0,30,,21212,30,,,0,70,,21213,30,,,0,30,,21214,30,,,0,70,,21215,30,,,0,30,,21216,30,,,0,70,,21217,30,,,0,30,,21218,30,,,0,70,,21219,30,,,0,30,,21220,30,,,0,70,,21221,30,,,0,30,,21222,30,,,0,70,,21223,30,,,0,31,,21224,30,,,0,70,,21225,30,,,0,30,,21226,30,,,0,71,,21227,30,,,0,30,,21228,30,,,0,70,,21229,30,,,0,30,,21230,30,,,0,71,,21231,30,,,0,30,,21232,30,,,0,70,,21233,30,,,0,111,,21234,30,,,0
