25001,'Semaine-03',539,,16114,130,,,0,64,,16115,130,,,0,29,,16116,130,,,0,21,,16117,130,,,0,85,,16118,130,,,0,62,,16119,130,,,0,34,,16120,130,,,0,72,,16121,130,,,0,37,,16122,130,,,0,59,,16123,130,,,0,100,,16124,130,,,0,103,,16125,130,,,0,100,,16126,130,,,0,102,,16127,130,,,0,115,,16128,130,,,0,24,,16129,130,,,0,75,,16130,130,,,0,26,,16131,130,,,0,70,,16132,130,,,0,28,,16133,130,,,0,82,,16134,130,,,0,88,,16135,130,,,0,107,,16136,130,,,0,94,,16137,130,,,0,101,,16138,130,,,0
25001,'Semaine-53',539,,13032,130,,,0,64,,13033,130,,,0,29,,13034,130,,,0,21,,13035,130,,,0,85,,13036,130,,,0,62,,13037,130,,,0,34,,13038,130,,,0,72,,13039,130,,,0,37,,13040,130,,,0,59,,13041,130,,,0,100,,13042,130,,,0,103,,13043,130,,,0,100,,13044,130,,,0,102,,13045,130,,,0,115,,13046,130,,,0,24,,13047,130,,,0,75,,13048,130,,,0,26,,13049,130,,,0,70,,13050,130,,,0,28,,13051,130,,,0,82,,13052,130,,,0,88,,13053,130,,,0,107,,13054,130,,,0,94,,13055,130,,,0,101,,13056,130,,,0
25001,'Week-end-03',714,,16157,130,,,0,99,,16141,130,,,0,30,,16144,130,,,0,99,,16151,130,,,0,70,,16152,130,,,0,101,,16143,130,,,0,30,,16146,130,,,0,100,,16154,130,,,0,70,,16155,130,,,0,100,,16142,130,,,0,29,,16153,130,,,0,100,,16145,130,,,0,71,,16150,130,,,0,101,,16156,130,,,0,30,,16147,130,,,0,100,,16148,130,,,0,70,,16140,130,,,0,101,,16149,130,,,0,30,,16158,130,,,0,101,,16139,130,,,0,70,,16159,130,,,0
25001,'Week-end-53',714,,13075,130,,,0,99,,13059,130,,,0,30,,13062,130,,,0,99,,13069,130,,,0,70,,13070,130,,,0,101,,13061,130,,,0,30,,13064,130,,,0,100,,13072,130,,,0,70,,13073,130,,,0,100,,13060,130,,,0,29,,13071,130,,,0,100,,13063,130,,,0,71,,13068,130,,,0,101,,13074,130,,,0,30,,13065,130,,,0,100,,13066,130,,,0,70,,13058,130,,,0,101,,13067,130,,,0,30,,13076,130,,,0,101,,13057,130,,,0,70,,13077,130,,,0
31700,'Semaine-03',652,,16711,90,0,11 23,0,70,,16712,90,0,11 23,0,110,,16713,90,0,11 23,0,290,,16714,90,0,11 23,0,300,,16715,90,0,11 23,0
31700,'Semaine-53',652,,13842,90,0,11 23,0,70,,13843,90,0,11 23,0,110,,13844,90,0,11 23,0,290,,13845,90,0,11 23,0,300,,13846,90,0,11 23,0
31701,'Semaine-03',1233,,16718,100,,,0,270,,16723,100,,,0,100,,16719,100,,,0,130,,16720,100,,,0,100,,16721,100,,,0,475,,16722,100,,,0
31701,'Semaine-53',1233,,13850,100,,,0,270,,13855,100,,,0,100,,13851,100,,,0,130,,13852,100,,,0,100,,13853,100,,,0,475,,13854,100,,,0
51401,'Semaine-03',529,,16742,130,,,0,95,,16743,130,,,0,34,,16744,130,,,0
51401,'Semaine-53',529,,14194,130,,,0,95,,14195,130,,,0,34,,14196,130,,,0
