70700,'Semaine-03',1500,,16934,10,0,25 26,0,37,,16936,10,0,25 26,0,74,,16934,490,4,,0,11,,16938,10,0,25 26,0,30,,16936,490,4,,0,54,,16935,10,0,25 26,0,38,,16938,490,4,,0,10,,16939,10,0,8 27 28 1 29 27 30,0,67,,16935,490,4,,0,9,,16937,10,0,8 27 28 1 29 27 30,0
70700,'Semaine-53',1500,,14452,10,0,25 26,0,37,,14454,10,0,25 26,0,74,,14452,490,4,,0,11,,14456,10,0,25 26,0,30,,14454,490,4,,0,54,,14453,10,0,25 26,0,38,,14456,490,4,,0,10,,14457,10,0,8 27 28 1 29 27 30,0,67,,14453,490,4,,0,9,,14455,10,0,8 27 28 1 29 27 30,0
70701,'Semaine-03',544,,16943,370,4,,0,6,,16941,10,0,25 26,0,73,,16940,370,4,,0,17,,16945,10,0,25 26,0,9,,16941,440,4,,0,74,,16944,10,0,25 26,0,6,,16942,370,4,,0,30,,16945,440,4,,0,74,,16944,440,4,,0
70701,'Semaine-53',544,,14461,370,4,,0,6,,14459,10,0,25 26,0,73,,14458,370,4,,0,17,,14463,10,0,25 26,0,9,,14459,440,4,,0,74,,14462,10,0,25 26,0,6,,14460,370,4,,0,30,,14463,440,4,,0,74,,14462,440,4,,0
70800,'Semaine-03',531,,16946,10,,,0,70,,16947,10,,,0,30,,16948,10,,,0,70,,16949,10,,,0,30,,16950,10,,,0,15,,16951,10,,,0,57,,16952,10,,,0,30,,16953,10,,,0,22,,16954,10,,,0,69,,16955,10,,,0,30,,16956,10,,,0,70,,16957,10,,,0,30,,16958,10,,,0,70,,16959,10,,,0,30,,16960,10,,,0,70,,16961,10,,,0,30,,16962,10,,,0,70,,16963,10,,,0,30,,16964,10,,,0,70,,16965,10,,,0,30,,16966,10,,,0,62,,16967,10,,,0,15,,16968,10,,,0,15,,16969,10,,,0,55,,16970,10,,,0,15,,16971,10,,,0,15,,16972,10,,,0,15,,16973,10,,,0,55,,16974,10,,,0,15,,16975,10,,,0,15,,16976,10,,,0,15,,16977,10,,,0,55,,16978,10,,,0,19,,16979,10,,,0,30,,16980,10,,,0,70,,16981,10,,,0,30,,16982,10,,,0,70,,16983,10,,,0,30,,16984,10,,,0,60,,16985,10,,,0,30,,16986,10,,,0,89,,16987,10,,,0,100,,16988,10,,,0,100,,16989,10,,,0,100,,16990,10,,,0
70800,'Semaine-53',531,,14483,10,,,0,70,,14484,10,,,0,30,,14485,10,,,0,70,,14486,10,,,0,30,,14487,10,,,0,15,,14488,10,,,0,57,,14489,10,,,0,30,,14490,10,,,0,22,,14491,10,,,0,69,,14492,10,,,0,30,,14493,10,,,0,70,,14494,10,,,0,30,,14495,10,,,0,70,,14496,10,,,0,30,,14497,10,,,0,70,,14498,10,,,0,30,,14499,10,,,0,70,,14500,10,,,0,30,,14501,10,,,0,70,,14502,10,,,0,30,,14503,10,,,0,62,,14504,10,,,0,15,,14505,10,,,0,15,,14506,10,,,0,55,,14507,10,,,0,15,,14508,10,,,0,15,,14509,10,,,0,15,,14510,10,,,0,55,,14511,10,,,0,15,,14512,10,,,0,15,,14513,10,,,0,15,,14514,10,,,0,55,,14515,10,,,0,19,,14516,10,,,0,30,,14517,10,,,0,70,,14518,10,,,0,30,,14519,10,,,0,70,,14520,10,,,0,30,,14521,10,,,0,60,,14522,10,,,0,30,,14523,10,,,0,89,,14524,10,,,0,100,,14525,10,,,0,100,,14526,10,,,0,100,,14527,10,,,0
70800,'Week-end-03',709,,16993,10,,,0,102,,16994,10,,,0,89,,16995,10,,,0,100,,16996,10,,,0,100,,16997,10,,,0,57,,16998,10,,,0,100,,16999,10,,,0,98,,17000,10,,,0,101,,17001,10,,,0,100,,17002,10,,,0,102,,17003,10,,,0,100,,17004,10,,,0,142,,17005,10,,,0,104,,17006,10,,,0,103,,17007,10,,,0,40,,17008,10,,,0,83,,17009,10,,,0,80,,16991,10,,,0,118,,16992,10,,,0
70800,'Week-end-53',709,,14530,10,,,0,102,,14531,10,,,0,89,,14532,10,,,0,100,,14533,10,,,0,100,,14534,10,,,0,57,,14535,10,,,0,100,,14536,10,,,0,98,,14537,10,,,0,101,,14538,10,,,0,100,,14539,10,,,0,102,,14540,10,,,0,100,,14541,10,,,0,142,,14542,10,,,0,104,,14543,10,,,0,103,,14544,10,,,0,40,,14545,10,,,0,83,,14546,10,,,0,80,,14528,10,,,0,118,,14529,10,,,0
3000000100,'Semaine-03',555,,17275,10,,,0,80,,17276,10,,,0,65,,17277,10,,,0,15,,17278,10,,,0,15,,17279,10,,,0,10,,17281,10,,,0,60,,17280,10,,,0
3000000100,'Semaine-53',555,,15144,10,,,0,80,,15145,10,,,0,65,,15146,10,,,0,15,,15147,10,,,0,15,,15148,10,,,0,10,,15150,10,,,0,60,,15149,10,,,0
3000000101,'Semaine-03',1613,,17282,190,4,,0,10,,17288,190,4,,0,10,,17283,190,4,,0,70,,17284,190,4,,0,30,,17285,190,4,,0,70,,17287,190,4,,0,30,,17286,190,4,,0
3000000101,'Semaine-53',1613,,15151,190,4,,0,10,,15157,190,4,,0,10,,15152,190,4,,0,70,,15153,190,4,,0,30,,15154,190,4,,0,70,,15156,190,4,,0,30,,15155,190,4,,0
