22001,'Semaine-03',541,,15158,460,0,6 7,0,70,,15159,460,0,6 7,0,27,,15160,790,,,0,70,,15161,790,,,0,31,,15162,790,,,0,71,,15163,790,,,0,31,,15164,790,,,0,69,,15165,790,,,0,99,,15166,790,,,0,100,,15167,790,,,0,100,,15168,790,,,0,100,,15169,790,,,0,100,,15170,790,,,0,101,,15171,790,,,0,100,,15172,790,,,0,102,,15173,790,,,0,30,,15174,790,,,0,69,,15175,790,,,0,30,,15176,790,,,0,68,,15177,790,,,0,27,,15178,790,,,0,70,,15179,790,,,0,100,,15180,790,,,0,99,,15181,790,,,0,100,,15182,790,,,0
22001,'Week-end-03',832,,15191,790,,,0,200,,15188,790,,,0,199,,15186,790,,,0,200,,15187,790,,,0,200,,15185,790,,,0,201,,15190,790,,,0,200,,15189,790,,,0
22100,'Semaine-03',555,,15193,410,0,6 7,0,70,,15194,410,0,6 7,0,31,,15195,790,,,0,70,,15192,790,,,0,31,,15196,790,,,0,70,,15197,790,,,0,30,,15198,790,,,0,85,,15199,790,,,0,100,,15200,790,,,0,100,,15201,790,,,0,100,,15202,790,,,0,100,,15203,790,,,0,100,,15204,790,,,0,100,,15205,790,,,0,100,,15206,790,,,0,85,,15207,790,,,0,30,,15208,790,,,0,70,,15209,790,,,0,29,,15210,790,,,0,67,,15211,790,,,0,30,,15212,790,,,0,85,,15213,790,,,0,99,,15214,790,,,0,100,,15215,790,,,0
22100,'Week-end-03',933,,15216,790,,,0,200,,15220,790,,,0,200,,15221,790,,,0,200,,15222,790,,,0,198,,15217,790,,,0,200,,15219,790,,,0,200,,15218,790,,,0
22201,'Semaine-03',608,,15243,510,0,6 7,0,23,,15240,1000,,,0,80,,15223,1000,,,0,30,,15241,1000,,,0,82,,15224,1000,,,0,80,,15225,1000,,,0,108,,15226,1000,,,0,100,,15227,1000,,,0,100,,15228,1000,,,0,100,,15229,1000,,,0,100,,15230,1000,,,0,100,,15231,1000,,,0,100,,15232,1000,,,0,102,,15233,1000,,,0,40,,15242,1000,,,0,75,,15234,1000,,,0,80,,15235,1000,,,0,103,,15236,1000,,,0,100,,15237,1000,,,0,100,,15238,1000,,,0
22201,'Week-end-03',842,,15258,1000,,,0,100,,15246,1000,,,0,100,,15245,1000,,,0,100,,15244,1000,,,0,100,,15247,1000,,,0,100,,15248,1000,,,0,100,,15249,1000,,,0,100,,15250,1000,,,0,100,,15251,1000,,,0,100,,15252,1000,,,0,100,,15253,1000,,,0,100,,15254,1000,,,0,100,,15255,1000,,,0,100,,15256,1000,,,0
22501,'Semaine-03',557,,15259,360,0,6 7,0,83,,15260,650,,,0,70,,15261,650,,,0,32,,15262,650,,,0,70,,15263,650,,,0,30,,15264,650,,,0,100,,15265,650,,,0,96,,15266,650,,,0,103,,15267,650,,,0,100,,15268,650,,,0,99,,15269,650,,,0,102,,15270,650,,,0,100,,15271,650,,,0,100,,15272,650,,,0,85,,15273,650,,,0,30,,15274,650,,,0,70,,15275,650,,,0,26,,15276,650,,,0,69,,15277,650,,,0,30,,15278,650,,,0,85,,15279,650,,,0,100,,15280,650,,,0,98,,15281,650,,,0
22501,'Week-end-03',935,,15282,650,,,0,204,,15283,650,,,0,201,,15284,650,,,0,200,,15285,650,,,0,197,,15286,650,,,0,197,,15287,650,,,0,198,,15288,650,,,0
40501,'Semaine-03',1639,,16729,130,,,0,170,,16730,130,,,0
60001,'Semaine-03',541,,16814,430,,,0,70,,16815,430,,,0,30,,16816,430,,,0,70,,16817,720,,,0,24,,16789,850,,,0,73,,16790,850,,,0,32,,16791,850,,,0,100,,16792,850,,,0,98,,16793,850,,,0,98,,16794,850,,,0,100,,16795,850,,,0,70,,16796,850,,,0,100,,16797,850,,,0,30,,16798,850,,,0,70,,16799,850,,,0,30,,16800,850,,,0,75,,16801,850,,,0,30,,16802,850,,,0,70,,16803,850,,,0,30,,16804,850,,,0,70,,16805,850,,,0,30,,16806,850,,,0,70,,16807,850,,,0,30,,16808,850,,,0,93,,16809,850,,,0,100,,16810,850,,,0,100,,16811,850,,,0,100,,16812,850,,,0,100,,16813,850,,,0
60001,'Week-end-03',842,,16833,850,,,0,100,,16832,850,,,0,100,,16830,850,,,0,100,,16831,850,,,0,100,,16828,850,,,0,100,,16829,850,,,0,100,,16825,850,,,0,100,,16826,850,,,0,100,,16827,850,,,0,100,,16824,850,,,0,100,,16821,850,,,0,100,,16822,850,,,0,100,,16823,850,,,0,100,,16819,850,,,0,89,,16820,850,,,0,185,,16818,850,,,0
