24001,'Fête-2-02',620,,2191,,,0,25,,2192,,,0,75,,2193,,,0,20,,2194,,,0,101,,2195,,,0,108,,2196,,,0,99,,2197,,,0,100,,2198,,,0,100,,2199,,,0,100,,2200,,,0,100,,2201,,,0,107,,2202,,,0,153,,2203,,,0,98,,2204,,,0,28,,2205,,,0,71,,2206,,,0,32,,2207,,,0,97,,2208,,,0,70,,2209,,,0,99,,2210,,,0,97,,2211,,,0,57,,2212,,,0
24001,'Semaine-01',621,,2213,,,0,24,,2214,,,0,75,,2215,,,0,25,,2216,,,0,77,,2217,,,0,25,,2218,,,0,73,,2219,,,0,29,,2220,,,0,99,,2221,,,0,100,,2222,,,0,100,,2223,,,0,100,,2224,,,0,100,,2225,,,0,87,,2227,,,0,20,,2226,,,0,80,,2228,,,0,73,,2229,,,0,28,,2230,,,0,70,,2231,,,0,28,,2232,,,0,71,,2233,,,0,33,,2234,,,0,66,,2235,,,0,31,,2236,,,0,69,,2237,,,0,99,,2238,,,0,97,,2239,,,0,57,,2240,,,0
24001,'Semaine-50',621,,2241,,,0,24,,2242,,,0,75,,2243,,,0,25,,2244,,,0,77,,2245,,,0,25,,2246,,,0,73,,2247,,,0,29,,2248,,,0,99,,2249,,,0,100,,2250,,,0,100,,2251,,,0,100,,2252,,,0,100,,2253,,,0,87,,2255,,,0,20,,2254,,,0,80,,2256,,,0,73,,2257,,,0,28,,2258,,,0,70,,2259,,,0,28,,2260,,,0,71,,2261,,,0,33,,2262,,,0,66,,2263,,,0,31,,2264,,,0,69,,2265,,,0,99,,2266,,,0,97,,2267,,,0,57,,2268,,,0
60000,'Fête-1-01',730,,5813,,,0,100,,5812,,,0,100,,5811,,,0,100,,5810,,,0,100,,5809,,,0,100,,5808,,,0,100,,5807,,,0,100,,5806,,,0,100,,5805,,,0,100,,5804,,,0,100,,5803,,,0,100,,5802,,,0,100,,5801,,,0,100,,5800,,,0,100,,5799,,,0,100,,5797,,,0,88,,5798,,,0
60000,'Fête-1-02',730,,5830,,,0,100,,5829,,,0,100,,5828,,,0,100,,5827,,,0,100,,5826,,,0,100,,5825,,,0,100,,5824,,,0,100,,5823,,,0,100,,5822,,,0,100,,5821,,,0,100,,5820,,,0,100,,5819,,,0,100,,5818,,,0,100,,5817,,,0,100,,5816,,,0,100,,5814,,,0,88,,5815,,,0
60000,'Fête-2-02',611,,5836,,,0,89,,5838,,,0,36,,5840,,,0,70,,5842,,,0,30,,5844,,,0,70,,5846,,,0,30,,5847,,,0,94,,5848,,,0,100,,5849,,,0,100,,5850,,,0,100,,5851,,,0,100,,5852,,,0,100,,5853,,,0,101,,5835,,,0,70,,5834,,,0,30,,5833,,,0,70,,5831,,,0,30,,5832,,,0,99,,5845,,,0,100,,5843,,,0,100,,5841,,,0,96,,5839,,,0,104,,5837,,,0
60000,'Semaine-01',611,,5860,,,0,19,,5861,,,0,70,,5863,,,0,36,,5865,,,0,70,,5867,,,0,30,,5869,,,0,70,,5871,,,0,30,,5872,,,0,94,,5873,,,0,100,,5874,,,0,100,,5875,,,0,70,,5876,,,0,30,,5877,,,0,70,,5878,,,0,100,,5879,,,0,30,,5880,,,0,70,,5859,,,0,31,,5858,,,0,70,,5857,,,0,30,,5856,,,0,70,,5854,,,0,30,,5855,,,0,99,,5870,,,0,100,,5868,,,0,100,,5866,,,0,96,,5864,,,0,104,,5862,,,0
60000,'Semaine-50',611,,5887,,,0,19,,5888,,,0,70,,5890,,,0,36,,5892,,,0,70,,5894,,,0,30,,5896,,,0,70,,5898,,,0,30,,5899,,,0,94,,5900,,,0,100,,5901,,,0,100,,5902,,,0,70,,5903,,,0,30,,5904,,,0,70,,5905,,,0,100,,5906,,,0,30,,5907,,,0,70,,5886,,,0,31,,5885,,,0,70,,5884,,,0,30,,5883,,,0,70,,5881,,,0,30,,5882,,,0,99,,5897,,,0,100,,5895,,,0,100,,5893,,,0,96,,5891,,,0,104,,5889,,,0
60000,'Week-end-01',730,,5924,,,0,100,,5923,,,0,100,,5922,,,0,100,,5921,,,0,100,,5920,,,0,100,,5919,,,0,100,,5918,,,0,100,,5917,,,0,100,,5916,,,0,100,,5915,,,0,100,,5914,,,0,100,,5913,,,0,100,,5912,,,0,100,,5911,,,0,100,,5910,,,0,100,,5908,,,0,88,,5909,,,0
60000,'Week-end-50',730,,5941,,,0,100,,5940,,,0,100,,5939,,,0,100,,5938,,,0,100,,5937,,,0,100,,5936,,,0,100,,5935,,,0,100,,5934,,,0,100,,5933,,,0,100,,5932,,,0,100,,5931,,,0,100,,5930,,,0,100,,5929,,,0,100,,5928,,,0,100,,5927,,,0,100,,5925,,,0,88,,5926,,,0
