24201,'Fête-1-01',754,,18655,580,,,0,100,,18656,580,,,0,100,,18657,580,,,0,100,,18658,580,,,0,100,,18659,580,,,0,100,,18660,580,,,0,100,,18661,580,,,0,100,,18662,580,,,0,100,,18663,580,,,0,100,,18664,580,,,0,100,,18665,580,,,0,100,,18666,580,,,0,100,,18667,580,,,0,100,,18668,580,,,0,100,,18669,580,,,0,100,,18670,580,,,0
24201,'Semaine-01',645,,18671,580,,,0,75,,18672,580,,,0,35,,18673,580,,,0,79,,18674,580,,,0,76,,18675,580,,,0,38,,18676,580,,,0,103,,18677,580,,,0,100,,18678,580,,,0,100,,18679,580,,,0,100,,18680,580,,,0,100,,18681,580,,,0,107,,18682,580,,,0,88,,18683,580,,,0,82,,18684,580,,,0,90,,18685,580,,,0,32,,18686,580,,,0,68,,18687,580,,,0,83,,18688,580,,,0,100,,18689,580,,,0,100,,18690,580,,,0,100,,18691,580,,,0
24201,'Semaine-02',645,,18692,580,,,0,75,,18693,580,,,0,35,,18694,580,,,0,79,,18695,580,,,0,76,,18696,580,,,0,38,,18697,580,,,0,103,,18698,580,,,0,100,,18699,580,,,0,100,,18700,580,,,0,100,,18701,580,,,0,100,,18702,580,,,0,107,,18703,580,,,0,88,,18704,580,,,0,82,,18705,580,,,0,90,,18706,580,,,0,32,,18707,580,,,0,68,,18708,580,,,0,83,,18709,580,,,0,100,,18710,580,,,0,100,,18711,580,,,0,100,,18712,580,,,0
24201,'Week-end-01',754,,18713,580,,,0,100,,18714,580,,,0,100,,18715,580,,,0,100,,18716,580,,,0,100,,18717,580,,,0,100,,18718,580,,,0,100,,18719,580,,,0,100,,18720,580,,,0,100,,18721,580,,,0,100,,18722,580,,,0,100,,18723,580,,,0,100,,18724,580,,,0,100,,18725,580,,,0,100,,18726,580,,,0,100,,18727,580,,,0,100,,18728,580,,,0
60001,'Fête-1-01',802,,20404,120,,,0,100,,20403,120,,,0,100,,20401,120,,,0,100,,20402,120,,,0,100,,20399,120,,,0,100,,20400,120,,,0,100,,20396,120,,,0,100,,20397,120,,,0,100,,20398,120,,,0,100,,20395,120,,,0,100,,20392,120,,,0,100,,20393,120,,,0,100,,20394,120,,,0,100,,20390,120,,,0,49,,20391,120,,,0,185,,20389,120,,,0
60001,'Semaine-01',722,,20405,120,,,0,32,,20406,120,,,0,100,,20407,120,,,0,100,,20408,120,,,0,98,,20409,120,,,0,170,,20410,120,,,0,100,,20411,120,,,0,30,,20412,120,,,0,100,,20413,120,,,0,100,,20414,120,,,0,100,,20415,120,,,0,70,,20416,120,,,0,30,,20417,120,,,0,100,,20418,120,,,0,100,,20419,120,,,0,100,,20420,120,,,0,100,,20421,120,,,0,100,,20422,120,,,0,100,,20423,120,,,0
60001,'Semaine-02',722,,20428,120,,,0,32,,20429,120,,,0,100,,20430,120,,,0,100,,20431,120,,,0,98,,20432,120,,,0,170,,20433,120,,,0,100,,20434,120,,,0,30,,20435,120,,,0,100,,20436,120,,,0,100,,20437,120,,,0,100,,20438,120,,,0,70,,20439,120,,,0,30,,20440,120,,,0,100,,20441,120,,,0,100,,20442,120,,,0,100,,20443,120,,,0,100,,20444,120,,,0,100,,20445,120,,,0,100,,20446,120,,,0
60001,'Week-end-01',802,,20466,120,,,0,100,,20465,120,,,0,100,,20463,120,,,0,100,,20464,120,,,0,100,,20461,120,,,0,100,,20462,120,,,0,100,,20458,120,,,0,100,,20459,120,,,0,100,,20460,120,,,0,100,,20457,120,,,0,100,,20454,120,,,0,100,,20455,120,,,0,100,,20456,120,,,0,100,,20452,120,,,0,49,,20453,120,,,0,185,,20451,120,,,0
61001,'Fête-1-01',759,,20563,650,,,0,100,,20564,650,,,0,70,,20565,650,,,0,101,,20566,650,,,0,100,,20567,650,,,0,100,,20568,650,,,0,100,,20569,650,,,0,100,,20570,650,,,0,100,,20571,650,,,0,100,,20572,650,,,0,100,,20573,650,,,0,98,,20574,650,,,0,100,,20575,650,,,0,100,,20576,650,,,0,100,,20577,650,,,0,100,,20578,650,,,0,100,,20579,650,,,0
61001,'Semaine-01',606,,20580,650,,,0,30,,20581,650,,,0,102,,20582,650,,,0,96,,20583,650,,,0,98,,20584,650,,,0,100,,20585,650,,,0,99,,20586,650,,,0,100,,20587,650,,,0,100,,20588,650,,,0,100,,20589,650,,,0,102,,20590,650,,,0,104,,20591,650,,,0,103,,20592,650,,,0,98,,20593,650,,,0,91,,20594,650,,,0,100,,20595,650,,,0,100,,20596,650,,,0,100,,20597,650,,,0,100,,20598,650,,,0
61001,'Semaine-02',606,,20599,650,,,0,30,,20600,650,,,0,102,,20601,650,,,0,96,,20602,650,,,0,98,,20603,650,,,0,100,,20604,650,,,0,99,,20605,650,,,0,100,,20606,650,,,0,100,,20607,650,,,0,100,,20608,650,,,0,102,,20609,650,,,0,104,,20610,650,,,0,103,,20611,650,,,0,98,,20612,650,,,0,91,,20613,650,,,0,100,,20614,650,,,0,100,,20615,650,,,0,100,,20616,650,,,0,100,,20617,650,,,0
61001,'Week-end-01',759,,20618,650,,,0,100,,20619,650,,,0,70,,20620,650,,,0,101,,20621,650,,,0,100,,20622,650,,,0,100,,20623,650,,,0,100,,20624,650,,,0,100,,20625,650,,,0,100,,20626,650,,,0,100,,20627,650,,,0,100,,20628,650,,,0,98,,20629,650,,,0,100,,20630,650,,,0,100,,20631,650,,,0,100,,20632,650,,,0,100,,20633,650,,,0,100,,20634,650,,,0
