25000,'LA-H26-LA_GTFS-Fête-1-01',856,,3001,4,,0,100,,2999,4,,0,70,,3002,4,,0,100,,3003,4,,0,30,,3004,4,,0,100,,3000,4,,0,70,,3017,4,,0,100,,3012,4,,0,30,,3015,4,,0,100,,3018,4,,0,70,,3009,4,,0,100,,3008,4,,0,30,,3010,4,,0,100,,3011,4,,0,70,,3016,4,,0,100,,3006,4,,0,30,,3019,4,,0,100,,3013,4,,0,70,,3005,4,,0,100,,3014,4,,0,30,,3007,4,,0
25000,'LA-H26-LA_GTFS-Fête-1-02',856,,3022,4,,0,100,,3020,4,,0,70,,3023,4,,0,100,,3024,4,,0,30,,3025,4,,0,100,,3021,4,,0,70,,3038,4,,0,100,,3033,4,,0,30,,3036,4,,0,100,,3039,4,,0,70,,3030,4,,0,100,,3029,4,,0,30,,3031,4,,0,100,,3032,4,,0,70,,3037,4,,0,100,,3027,4,,0,30,,3040,4,,0,100,,3034,4,,0,70,,3026,4,,0,100,,3035,4,,0,30,,3028,4,,0
25000,'LA-H26-LA_GTFS-Fête-2-02',729,,3041,4,,0,23,,3042,4,,0,72,,3043,4,,0,25,,3044,4,,0,81,,3045,4,,0,121,,3046,4,,0,100,,3047,4,,0,104,,3048,4,,0,100,,3049,4,,0,100,,3050,4,,0,153,,3051,4,,0,40,,3052,4,,0,77,,3053,4,,0,95,,3054,4,,0,22,,3055,4,,0,72,,3056,4,,0,31,,3057,4,,0,60,,3058,4,,0,100,,3059,4,,0,100,,3060,4,,0,100,,3061,4,,0,96,,3062,4,,0
25000,'LA-H26-LA_GTFS-Semaine-01',729,,3063,4,,0,23,,3064,4,,0,72,,3065,4,,0,25,,3066,4,,0,81,,3067,4,,0,21,,3068,4,,0,100,,3069,4,,0,100,,3070,4,,0,104,,3071,4,,0,100,,3072,4,,0,100,,3073,4,,0,153,,3074,4,,0,40,,3075,4,,0,77,,3076,4,,0,27,,3078,4,,0,68,,3077,4,,0,22,,3079,4,,0,72,,3080,4,,0,31,,3081,4,,0,60,,3082,4,,0,100,,3083,4,,0,100,,3084,4,,0,100,,3085,4,,0,96,,3086,4,,0
25000,'LA-H26-LA_GTFS-Semaine-50',729,,3087,4,,0,23,,3088,4,,0,72,,3089,4,,0,25,,3090,4,,0,81,,3091,4,,0,21,,3092,4,,0,100,,3093,4,,0,100,,3094,4,,0,104,,3095,4,,0,100,,3096,4,,0,100,,3097,4,,0,153,,3098,4,,0,40,,3099,4,,0,77,,3100,4,,0,27,,3102,4,,0,68,,3101,4,,0,22,,3103,4,,0,72,,3104,4,,0,31,,3105,4,,0,60,,3106,4,,0,100,,3107,4,,0,100,,3108,4,,0,100,,3109,4,,0,96,,3110,4,,0
25000,'LA-H26-LA_GTFS-Week-end-01',856,,3113,4,,0,100,,3111,4,,0,70,,3114,4,,0,100,,3115,4,,0,30,,3116,4,,0,100,,3112,4,,0,70,,3129,4,,0,100,,3124,4,,0,30,,3127,4,,0,100,,3130,4,,0,70,,3121,4,,0,100,,3120,4,,0,30,,3122,4,,0,100,,3123,4,,0,70,,3128,4,,0,100,,3118,4,,0,30,,3131,4,,0,100,,3125,4,,0,70,,3117,4,,0,100,,3126,4,,0,30,,3119,4,,0
25000,'LA-H26-LA_GTFS-Week-end-50',856,,3134,4,,0,100,,3132,4,,0,70,,3135,4,,0,100,,3136,4,,0,30,,3137,4,,0,100,,3133,4,,0,70,,3150,4,,0,100,,3145,4,,0,30,,3148,4,,0,100,,3151,4,,0,70,,3142,4,,0,100,,3141,4,,0,30,,3143,4,,0,100,,3144,4,,0,70,,3149,4,,0,100,,3139,4,,0,30,,3152,4,,0,100,,3146,4,,0,70,,3138,4,,0,100,,3147,4,,0,30,,3140,4,,0
51400,'LA-H26-LA_GTFS-Fête-2-02',1734,,5778,4,,0,80,,5779,4,,0,39,,5776,4,,0,90,,5777,4,,0
51400,'LA-H26-LA_GTFS-Semaine-01',1734,,5782,4,,0,80,,5783,4,,0,39,,5780,4,,0,90,,5781,4,,0
51400,'LA-H26-LA_GTFS-Semaine-50',1734,,5786,4,,0,80,,5787,4,,0,39,,5784,4,,0,90,,5785,4,,0
