22701,'Fête-1-01',930,,17613,590,,,0,200,,17614,590,,,0,200,,17615,590,,,0,200,,17616,590,,,0,200,,17617,590,,,0,200,,17618,590,,,0,200,,17619,590,,,0
22701,'Semaine-01',539,,17620,290,0,6 7,0,70,,17621,290,0,6 7,0,21,,17622,590,,,0,70,,17623,590,,,0,35,,17624,590,,,0,80,,17625,590,,,0,40,,17626,590,,,0,76,,17627,590,,,0,100,,17628,590,,,0,100,,17629,590,,,0,100,,17630,590,,,0,100,,17631,590,,,0,100,,17632,590,,,0,100,,17633,590,,,0,104,,17634,590,,,0,90,,17635,590,,,0,80,,17636,590,,,0,40,,17637,590,,,0,70,,17638,590,,,0,30,,17639,590,,,0,85,,17640,590,,,0,100,,17641,590,,,0,100,,17642,590,,,0
22701,'Semaine-02',539,,17644,290,0,6 7,0,70,,17645,290,0,6 7,0,21,,17646,590,,,0,70,,17647,590,,,0,35,,17648,590,,,0,80,,17649,590,,,0,40,,17650,590,,,0,76,,17651,590,,,0,100,,17652,590,,,0,100,,17653,590,,,0,100,,17654,590,,,0,100,,17655,590,,,0,100,,17656,590,,,0,100,,17657,590,,,0,104,,17658,590,,,0,90,,17659,590,,,0,80,,17660,590,,,0,40,,17661,590,,,0,70,,17662,590,,,0,30,,17663,590,,,0,85,,17664,590,,,0,100,,17665,590,,,0,100,,17666,590,,,0
22701,'Week-end-01',930,,17668,590,,,0,200,,17669,590,,,0,200,,17670,590,,,0,200,,17671,590,,,0,200,,17672,590,,,0,200,,17673,590,,,0,200,,17674,590,,,0
22800,'Fête-1-01',833,,17682,600,,,0,200,,17679,600,,,0,200,,17680,600,,,0,200,,17675,600,,,0,200,,17677,600,,,0,200,,17681,600,,,0,200,,17678,600,,,0
22800,'Semaine-01',554,,17683,300,0,6 7,0,70,,17706,300,0,6 7,0,24,,17684,600,,,0,77,,17685,600,,,0,75,,17686,600,,,0,40,,17687,600,,,0,80,,17688,600,,,0,83,,17689,600,,,0,100,,17690,600,,,0,100,,17691,600,,,0,100,,17692,600,,,0,100,,17693,600,,,0,100,,17694,600,,,0,100,,17695,600,,,0,107,,17696,600,,,0,40,,17697,600,,,0,80,,17698,600,,,0,80,,17699,600,,,0,23,,17700,600,,,0,70,,17701,600,,,0,100,,17702,600,,,0,100,,17703,600,,,0,100,,17704,600,,,0
22800,'Semaine-02',554,,17707,300,0,6 7,0,70,,17730,300,0,6 7,0,24,,17708,600,,,0,77,,17709,600,,,0,75,,17710,600,,,0,40,,17711,600,,,0,80,,17712,600,,,0,83,,17713,600,,,0,100,,17714,600,,,0,100,,17715,600,,,0,100,,17716,600,,,0,100,,17717,600,,,0,100,,17718,600,,,0,100,,17719,600,,,0,107,,17720,600,,,0,40,,17721,600,,,0,80,,17722,600,,,0,80,,17723,600,,,0,23,,17724,600,,,0,70,,17725,600,,,0,100,,17726,600,,,0,100,,17727,600,,,0,100,,17728,600,,,0
22800,'Week-end-01',833,,17738,600,,,0,200,,17735,600,,,0,200,,17736,600,,,0,200,,17731,600,,,0,200,,17733,600,,,0,200,,17737,600,,,0,200,,17734,600,,,0
70800,'Fête-1-01',743,,20661,360,,,0,104,,20662,360,,,0,89,,20663,360,,,0,100,,20664,360,,,0,102,,20665,360,,,0,99,,20666,360,,,0,100,,20667,360,,,0,100,,20668,360,,,0,100,,20669,360,,,0,100,,20670,360,,,0,100,,20671,360,,,0,100,,20672,360,,,0,100,,20673,360,,,0,96,,20674,360,,,0,103,,20675,360,,,0,80,,20676,360,,,0,43,,20677,360,,,0,80,,20659,360,,,0,117,,20660,360,,,0
70800,'Semaine-01',604,,20678,360,,,0,30,,20679,360,,,0,71,,20680,360,,,0,30,,20681,360,,,0,70,,20682,360,,,0,15,,20683,360,,,0,17,,20684,360,,,0,67,,20685,360,,,0,32,,20686,360,,,0,99,,20687,360,,,0,100,,20688,360,,,0,100,,20689,360,,,0,100,,20690,360,,,0,100,,20691,360,,,0,99,,20692,360,,,0,77,,20693,360,,,0,21,,20694,360,,,0,12,,20695,360,,,0,61,,20696,360,,,0,9,,20697,360,,,0,21,,20698,360,,,0,9,,20699,360,,,0,60,,20700,360,,,0,9,,20701,360,,,0,11,,20702,360,,,0,15,,20703,360,,,0,65,,20704,360,,,0,30,,20705,360,,,0,100,,20706,360,,,0,90,,20707,360,,,0,90,,20708,360,,,0,94,,20709,360,,,0,98,,20710,360,,,0,100,,20711,360,,,0,100,,20712,360,,,0
70800,'Semaine-02',604,,20713,360,,,0,30,,20714,360,,,0,71,,20715,360,,,0,30,,20716,360,,,0,74,,20717,360,,,0,11,,20718,360,,,0,17,,20719,360,,,0,67,,20720,360,,,0,32,,20721,360,,,0,99,,20722,360,,,0,100,,20723,360,,,0,100,,20724,360,,,0,100,,20725,360,,,0,100,,20726,360,,,0,99,,20727,360,,,0,77,,20728,360,,,0,21,,20729,360,,,0,12,,20730,360,,,0,61,,20731,360,,,0,9,,20732,360,,,0,21,,20733,360,,,0,9,,20734,360,,,0,60,,20735,360,,,0,9,,20736,360,,,0,11,,20737,360,,,0,15,,20738,360,,,0,65,,20739,360,,,0,30,,20740,360,,,0,100,,20741,360,,,0,90,,20742,360,,,0,90,,20743,360,,,0,94,,20744,360,,,0,98,,20745,360,,,0,100,,20746,360,,,0,100,,20747,360,,,0
70800,'Week-end-01',743,,20750,360,,,0,104,,20751,360,,,0,89,,20752,360,,,0,100,,20753,360,,,0,102,,20754,360,,,0,99,,20755,360,,,0,100,,20756,360,,,0,100,,20757,360,,,0,100,,20758,360,,,0,100,,20759,360,,,0,100,,20760,360,,,0,100,,20761,360,,,0,100,,20762,360,,,0,96,,20763,360,,,0,103,,20764,360,,,0,80,,20765,360,,,0,43,,20766,360,,,0,80,,20748,360,,,0,117,,20749,360,,,0
