23000,'Fête-1-02',851,,21490,230,,,0,100,,21491,230,,,0,102,,21495,230,,,0,101,,21496,230,,,0,100,,21497,230,,,0,100,,21498,230,,,0,100,,21499,230,,,0,99,,21501,230,,,0,100,,21489,230,,,0,98,,21488,230,,,0,99,,21500,230,,,0,100,,21494,230,,,0,100,,21493,230,,,0,100,,21492,230,,,0,100,,21502,230,,,0
23000,'Semaine-02',624,,17779,230,,,0,30,,17780,230,,,0,72,,17781,230,,,0,30,,17782,230,,,0,70,,17783,230,,,0,29,,17784,230,,,0,100,,17785,230,,,0,146,,17790,230,,,0,105,,17791,230,,,0,110,,17792,230,,,0,117,,17793,230,,,0,115,,17794,230,,,0,75,,17777,230,,,0,79,,17776,230,,,0,39,,17775,230,0,8 27 75,0,70,,17778,230,,,0,29,,17795,230,,,0,70,,17789,230,,,0,99,,17788,230,,,0,99,,17787,230,,,0,100,,17786,230,,,0
23000,'Semaine-03',624,,21507,230,,,0,30,,21508,230,,,0,72,,21509,230,,,0,30,,21510,230,,,0,70,,21511,230,,,0,29,,21512,230,,,0,100,,21513,230,,,0,146,,21518,230,,,0,105,,21519,230,,,0,110,,21520,230,,,0,117,,21521,230,,,0,115,,21522,230,,,0,75,,21505,230,,,0,79,,21504,230,,,0,39,,21503,230,0,8 27 75,0,70,,21506,230,,,0,29,,21523,230,,,0,70,,21517,230,,,0,99,,21516,230,,,0,99,,21515,230,,,0,100,,21514,230,,,0
23000,'Week-end-01',851,,17798,230,,,0,100,,17799,230,,,0,102,,17803,230,,,0,101,,17804,230,,,0,100,,17805,230,,,0,100,,17806,230,,,0,100,,17807,230,,,0,99,,17809,230,,,0,100,,17797,230,,,0,98,,17796,230,,,0,99,,17808,230,,,0,100,,17802,230,,,0,100,,17801,230,,,0,100,,17800,230,,,0,100,,17810,230,,,0
23101,'Fête-1-02',854,,21568,280,,,0,100,,21567,280,,,0,100,,21569,280,,,0,100,,21565,280,,,0,100,,21570,280,,,0,100,,21564,280,,,0,100,,21571,280,,,0,100,,21563,280,,,0,100,,21572,280,,,0,100,,21566,280,,,0,100,,21573,280,,,0,100,,21562,280,,,0,100,,21574,280,,,0,100,,21561,280,,,0
23101,'Semaine-02',628,,17923,280,,,0,24,,17924,280,,,0,77,,17925,280,,,0,27,,17926,280,,,0,74,,17927,280,,,0,96,,17928,280,,,0,100,,17929,280,,,0,100,,17930,280,,,0,100,,17931,280,,,0,100,,17932,280,,,0,100,,17933,280,,,0,100,,17934,280,,,0,88,,17935,280,,,0,32,,17936,280,,,0,68,,17937,280,,,0,27,,17938,280,,,0,72,,17939,280,,,0,27,,17940,280,,,0,85,,17941,280,,,0,100,,17942,280,,,0,103,,17943,280,,,0,100,,17944,280,,,0
23101,'Semaine-03',628,,21576,280,,,0,24,,21577,280,,,0,77,,21578,280,,,0,27,,21579,280,,,0,74,,21580,280,,,0,96,,21581,280,,,0,100,,21582,280,,,0,100,,21583,280,,,0,100,,21584,280,,,0,100,,21585,280,,,0,100,,21586,280,,,0,100,,21587,280,,,0,88,,21588,280,,,0,32,,21589,280,,,0,68,,21590,280,,,0,27,,21591,280,,,0,72,,21592,280,,,0,27,,21593,280,,,0,85,,21594,280,,,0,100,,21595,280,,,0,103,,21596,280,,,0,100,,21597,280,,,0
23101,'Week-end-01',854,,17953,280,,,0,100,,17952,280,,,0,100,,17954,280,,,0,100,,17950,280,,,0,100,,17955,280,,,0,100,,17949,280,,,0,100,,17956,280,,,0,100,,17948,280,,,0,100,,17957,280,,,0,100,,17951,280,,,0,100,,17958,280,,,0,100,,17947,280,,,0,100,,17959,280,,,0,100,,17946,280,,,0
23500,'Fête-1-02',855,,21687,330,,,0,100,,21683,330,,,0,100,,21688,330,,,0,100,,21689,330,,,0,100,,21692,330,,,0,100,,21690,330,,,0,100,,21691,330,,,0,99,,21685,330,,,0,100,,21686,330,,,0,100,,21684,330,,,0,100,,21679,330,,,0,100,,21681,330,,,0,100,,21682,330,,,0,100,,21680,330,,,0,100,,21693,330,,,0
23500,'Semaine-02',625,,18159,330,,,0,20,,18158,330,,,0,81,,18161,330,,,0,25,,18160,330,,,0,75,,18163,330,,,0,30,,18162,330,,,0,101,,18164,330,,,0,100,,18165,330,,,0,100,,18166,330,,,0,100,,18167,330,,,0,100,,18168,330,,,0,101,,18169,330,,,0,154,,18170,330,,,0,40,,18172,330,,,0,73,,18171,330,,,0,75,,18173,330,,,0,30,,18175,330,,,0,72,,18174,330,,,0,98,,18176,330,,,0,100,,18177,330,,,0,59,,18178,330,,,0,141,,18179,330,,,0
23500,'Semaine-03',625,,21695,330,,,0,20,,21694,330,,,0,81,,21697,330,,,0,25,,21696,330,,,0,75,,21699,330,,,0,30,,21698,330,,,0,101,,21700,330,,,0,100,,21701,330,,,0,100,,21702,330,,,0,100,,21703,330,,,0,100,,21704,330,,,0,101,,21705,330,,,0,154,,21706,330,,,0,40,,21708,330,,,0,73,,21707,330,,,0,75,,21709,330,,,0,30,,21711,330,,,0,72,,21710,330,,,0,98,,21712,330,,,0,100,,21713,330,,,0,59,,21714,330,,,0,141,,21715,330,,,0
23500,'Week-end-01',855,,18188,330,,,0,100,,18184,330,,,0,100,,18189,330,,,0,100,,18190,330,,,0,100,,18193,330,,,0,100,,18191,330,,,0,100,,18192,330,,,0,99,,18186,330,,,0,100,,18187,330,,,0,100,,18185,330,,,0,100,,18180,330,,,0,100,,18182,330,,,0,100,,18183,330,,,0,100,,18181,330,,,0,100,,18194,330,,,0
