24001,'Semaine-02',537,,18589,50,,,0,64,,18590,50,,,0,34,,18591,50,,,0,23,,18592,50,,,0,143,,18593,50,,,0,102,,18594,50,,,0,100,,18595,50,,,0,100,,18596,50,,,0,100,,18597,50,,,0,100,,18598,50,,,0,100,,18599,50,,,0,107,,18600,50,,,0,112,,18601,50,,,0,99,,18602,50,,,0,28,,18603,50,,,0,71,,18604,50,,,0,33,,18605,50,,,0,97,,18606,50,,,0,68,,18607,50,,,0,99,,18608,50,,,0,98,,18609,50,,,0,97,,18610,50,,,0
24001,'Semaine-03',537,,21902,50,,,0,64,,21903,50,,,0,34,,21904,50,,,0,23,,21905,50,,,0,143,,21906,50,,,0,102,,21907,50,,,0,100,,21908,50,,,0,100,,21909,50,,,0,100,,21910,50,,,0,100,,21911,50,,,0,100,,21912,50,,,0,107,,21913,50,,,0,112,,21914,50,,,0,99,,21915,50,,,0,28,,21916,50,,,0,71,,21917,50,,,0,33,,21918,50,,,0,97,,21919,50,,,0,68,,21920,50,,,0,99,,21921,50,,,0,98,,21922,50,,,0,97,,21923,50,,,0
24300,'Semaine-02',628,,18757,50,,,0,22,,18758,50,,,0,88,,18759,50,,,0,18,,18760,50,,,0,88,,18761,50,,,0,14,,18762,50,,,0,145,,18763,50,,,0,100,,18764,50,,,0,100,,18765,50,,,0,100,,18766,50,,,0,100,,18767,50,,,0,110,,18768,50,,,0,40,,18769,50,,,0,75,,18770,50,,,0,85,,18771,50,,,0,30,,18772,50,,,0,77,,18773,50,,,0,35,,18774,50,,,0,73,,18775,50,,,0,84,,18776,50,,,0,102,,18777,50,,,0,100,,18778,50,,,0,100,,18754,50,0,8 9 1 10,0
24300,'Semaine-03',628,,21986,50,,,0,22,,21987,50,,,0,88,,21988,50,,,0,18,,21989,50,,,0,88,,21990,50,,,0,14,,21991,50,,,0,145,,21992,50,,,0,100,,21993,50,,,0,100,,21994,50,,,0,100,,21995,50,,,0,100,,21996,50,,,0,110,,21997,50,,,0,40,,21998,50,,,0,75,,21999,50,,,0,85,,22000,50,,,0,30,,22001,50,,,0,77,,22002,50,,,0,35,,22003,50,,,0,73,,22004,50,,,0,84,,22005,50,,,0,102,,22006,50,,,0,100,,22007,50,,,0,100,,21983,50,0,8 9 1 10,0
24601,'Semaine-02',602,,18798,480,,,0,47,,18797,480,,,0,89,,18796,480,,,0,93,,18795,480,,,0,89,,18794,480,,,0,699,,18793,480,,,0,92,,18792,480,,,0,93,,18791,480,,,0,52,,18790,480,,,0,87,,18789,480,,,0
24601,'Semaine-03',602,,22017,480,,,0,47,,22016,480,,,0,89,,22015,480,,,0,93,,22014,480,,,0,89,,22013,480,,,0,699,,22012,480,,,0,92,,22011,480,,,0,93,,22010,480,,,0,52,,22009,480,,,0,87,,22008,480,,,0
24700,'Fête-1-02',808,,22024,50,,,0,130,,22018,50,,,0,170,,22020,50,,,0,130,,22025,50,,,0,170,,22026,50,,,0,130,,22021,50,,,0,170,,22019,50,,,0,130,,22022,50,,,0,170,,22023,50,,,0
24700,'Semaine-02',637,,18828,50,,,0,82,,18829,50,,,0,103,,18830,50,,,0,186,,18836,50,,,0,130,,18837,50,,,0,170,,18834,50,,,0,130,,18835,50,,,0,71,,18823,50,,,0,112,,18824,50,,,0,92,,18825,50,,,0,107,,18826,50,,,0,33,,18827,50,,,0,161,,18831,50,,,0,129,,18832,50,,,0,170,,18833,50,,,0
24700,'Semaine-03',637,,22032,50,,,0,82,,22033,50,,,0,103,,22034,50,,,0,186,,22040,50,,,0,130,,22041,50,,,0,170,,22038,50,,,0,130,,22039,50,,,0,71,,22027,50,,,0,112,,22028,50,,,0,92,,22029,50,,,0,107,,22030,50,,,0,33,,22031,50,,,0,161,,22035,50,,,0,129,,22036,50,,,0,170,,22037,50,,,0
24700,'Week-end-01',808,,18844,50,,,0,130,,18838,50,,,0,170,,18840,50,,,0,130,,18845,50,,,0,170,,18846,50,,,0,130,,18841,50,,,0,170,,18839,50,,,0,130,,18842,50,,,0,170,,18843,50,,,0
24701,'Fête-1-02',755,,22042,490,,,0,170,,22043,490,,,0,130,,22044,490,,,0,170,,22045,490,,,0,130,,22046,490,,,0,170,,22047,490,,,0,130,,22048,490,,,0,170,,22049,490,,,0,130,,22050,490,,,0
24701,'Semaine-02',554,,18876,490,,,0,70,,18877,490,,,0,122,,18878,490,,,0,60,,18879,490,,,0,42,,18880,490,,,0,106,,18881,490,,,0,171,,18882,490,,,0,130,,18883,490,,,0,170,,18884,490,,,0,183,,18885,490,,,0,24,,18886,490,,,0,116,,18872,490,,,0,92,,18887,490,,,0,162,,18873,490,,,0,129,,18874,490,,,0,169,,18875,490,,,0
24701,'Semaine-03',554,,22055,490,,,0,70,,22056,490,,,0,122,,22057,490,,,0,60,,22058,490,,,0,42,,22059,490,,,0,106,,22060,490,,,0,171,,22061,490,,,0,130,,22062,490,,,0,170,,22063,490,,,0,183,,22064,490,,,0,24,,22065,490,,,0,116,,22051,490,,,0,92,,22066,490,,,0,162,,22052,490,,,0,129,,22053,490,,,0,169,,22054,490,,,0
24701,'Week-end-01',755,,18888,490,,,0,170,,18889,490,,,0,130,,18890,490,,,0,170,,18891,490,,,0,130,,18892,490,,,0,170,,18893,490,,,0,130,,18894,490,,,0,170,,18895,490,,,0,130,,18896,490,,,0
24900,'Fête-1-02',807,,22078,50,0,5,0,130,,22079,50,0,5,0,170,,22088,50,0,5,0,130,,22080,50,0,5,0,170,,22081,50,0,5,0,130,,22082,50,0,5,0,170,,22083,50,0,5,0,130,,22084,50,0,5,0,170,,22085,50,0,5,0,130,,22086,50,0,5,0,170,,22087,50,0,5,0
24900,'Semaine-02',638,,18951,50,,,0,65,,18952,50,,,0,34,,18953,50,,,0,97,,18954,50,,,0,174,,18955,50,,,0,100,,18956,50,,,0,101,,18957,50,,,0,100,,18958,50,,,0,100,,18959,50,,,0,106,,18960,50,,,0,35,,18961,50,,,0,73,,18962,50,,,0,92,,18963,50,,,0,32,,18964,50,,,0,75,,18965,50,,,0,91,,18966,50,,,0,100,,18967,50,,,0,100,,18968,50,,,0,100,,18969,50,,,0,100,,18950,50,,,0
24900,'Semaine-03',638,,22090,50,,,0,65,,22091,50,,,0,34,,22092,50,,,0,97,,22093,50,,,0,174,,22094,50,,,0,100,,22095,50,,,0,101,,22096,50,,,0,100,,22097,50,,,0,100,,22098,50,,,0,106,,22099,50,,,0,35,,22100,50,,,0,73,,22101,50,,,0,92,,22102,50,,,0,32,,22103,50,,,0,75,,22104,50,,,0,91,,22105,50,,,0,100,,22106,50,,,0,100,,22107,50,,,0,100,,22108,50,,,0,100,,22089,50,,,0
24900,'Week-end-01',807,,18970,50,0,5,0,130,,18971,50,0,5,0,170,,18980,50,0,5,0,130,,18972,50,0,5,0,170,,18973,50,0,5,0,130,,18974,50,0,5,0,170,,18975,50,0,5,0,130,,18976,50,0,5,0,170,,18977,50,0,5,0,130,,18978,50,0,5,0,170,,18979,50,0,5,0
24901,'Fête-1-02',756,,22109,600,,,0,168,,22110,600,,,0,130,,22111,600,,,0,170,,22112,600,,,0,130,,22113,600,,,0,170,,22114,600,,,0,130,,22115,600,,,0,170,,22116,600,,,0,130,,22117,600,,,0,170,,22118,600,,,0,130,,22119,600,,,0
24901,'Semaine-02',623,,19012,600,,,0,23,,19013,600,0,8 27 75,0,78,,19014,600,,,0,97,,19015,600,,,0,25,,19016,600,,,0,100,,19017,600,,,0,95,,19018,600,,,0,100,,19019,600,,,0,100,,19020,600,,,0,100,,19021,600,,,0,100,,19022,600,,,0,161,,19023,600,,,0,54,,19024,600,,,0,75,,19025,600,,,0,78,,19026,600,,,0,49,,19027,600,,,0,99,,19028,600,,,0,101,,19029,600,,,0,143,,19030,600,,,0,57,,19031,600,,,0
24901,'Semaine-03',623,,22120,600,,,0,23,,22121,600,0,8 27 75,0,78,,22122,600,,,0,97,,22123,600,,,0,25,,22124,600,,,0,100,,22125,600,,,0,95,,22126,600,,,0,100,,22127,600,,,0,100,,22128,600,,,0,100,,22129,600,,,0,100,,22130,600,,,0,161,,22131,600,,,0,54,,22132,600,,,0,75,,22133,600,,,0,78,,22134,600,,,0,49,,22135,600,,,0,99,,22136,600,,,0,101,,22137,600,,,0,143,,22138,600,,,0,57,,22139,600,,,0
24901,'Week-end-01',756,,19032,600,,,0,168,,19033,600,,,0,130,,19034,600,,,0,170,,19035,600,,,0,130,,19036,600,,,0,170,,19037,600,,,0,130,,19038,600,,,0,170,,19039,600,,,0,130,,19040,600,,,0,170,,19041,600,,,0,130,,19042,600,,,0
25001,'Fête-1-02',751,,22201,570,,,0,100,,22185,570,,,0,70,,22188,570,,,0,100,,22195,570,,,0,30,,22196,570,,,0,100,,22187,570,,,0,70,,22190,570,,,0,100,,22198,570,,,0,30,,22199,570,,,0,100,,22186,570,,,0,70,,22197,570,,,0,100,,22189,570,,,0,31,,22194,570,,,0,100,,22200,570,,,0,70,,22191,570,,,0,100,,22192,570,,,0,30,,22184,570,,,0,100,,22193,570,,,0,70,,22202,570,,,0,100,,22183,570,,,0,30,,22203,570,,,0
25001,'Semaine-02',620,,19172,570,,,0,25,,19173,570,,,0,72,,19174,570,0,8 27 75,0,22,,19175,570,,,0,85,,19176,570,,,0,94,,19177,570,,,0,28,,19178,570,,,0,95,,19179,570,,,0,100,,19180,570,,,0,103,,19181,570,,,0,100,,19182,570,,,0,102,,19183,570,,,0,155,,19184,570,,,0,102,,19185,570,,,0,26,,19186,570,,,0,30,,19187,570,,,0,68,,19188,570,,,0,81,,19189,570,,,0,47,,19190,570,,,0,147,,19191,570,,,0,55,,19192,570,,,0,99,,19193,570,,,0
25001,'Semaine-03',620,,22204,570,,,0,25,,22205,570,,,0,72,,22206,570,0,8 27 75,0,22,,22207,570,,,0,85,,22208,570,,,0,94,,22209,570,,,0,28,,22210,570,,,0,95,,22211,570,,,0,100,,22212,570,,,0,103,,22213,570,,,0,100,,22214,570,,,0,102,,22215,570,,,0,155,,22216,570,,,0,102,,22217,570,,,0,26,,22218,570,,,0,30,,22219,570,,,0,68,,22220,570,,,0,81,,22221,570,,,0,47,,22222,570,,,0,147,,22223,570,,,0,55,,22224,570,,,0,99,,22225,570,,,0
25001,'Week-end-01',751,,19212,570,,,0,100,,19196,570,,,0,70,,19199,570,,,0,100,,19206,570,,,0,30,,19207,570,,,0,100,,19198,570,,,0,70,,19201,570,,,0,100,,19209,570,,,0,30,,19210,570,,,0,100,,19197,570,,,0,70,,19208,570,,,0,100,,19200,570,,,0,31,,19205,570,,,0,100,,19211,570,,,0,70,,19202,570,,,0,100,,19203,570,,,0,30,,19195,570,,,0,100,,19204,570,,,0,70,,19213,570,,,0,100,,19194,570,,,0,30,,19214,570,,,0
25100,'Fête-1-02',754,,22226,310,0,31 32,0,93,,22241,650,,,0,100,,22239,650,,,0,100,,22242,650,,,0,100,,22238,650,,,0,100,,22237,650,,,0,100,,22240,650,,,0,100,,22233,650,,,0,100,,22236,650,,,0,100,,22232,650,,,0,100,,22234,650,,,0,100,,22230,650,,,0,99,,22235,650,,,0,100,,22227,650,,,0,100,,22228,650,,,0,100,,22229,650,,,0
25100,'Semaine-02',944,,19243,650,,,0,100,,19242,650,,,0,100,,19251,650,,,0,100,,19247,650,,,0,100,,19250,650,,,0,100,,19245,650,,,0,615,,19248,650,,,0,97,,19246,650,,,0,98,,19244,650,,,0
25100,'Semaine-03',944,,22244,650,,,0,100,,22243,650,,,0,100,,22252,650,,,0,100,,22248,650,,,0,100,,22251,650,,,0,100,,22246,650,,,0,615,,22249,650,,,0,97,,22247,650,,,0,98,,22245,650,,,0
25100,'Week-end-01',754,,19252,310,0,31 32,0,93,,19267,650,,,0,100,,19265,650,,,0,100,,19268,650,,,0,100,,19264,650,,,0,100,,19263,650,,,0,100,,19266,650,,,0,100,,19259,650,,,0,100,,19262,650,,,0,100,,19258,650,,,0,100,,19260,650,,,0,100,,19256,650,,,0,99,,19261,650,,,0,100,,19253,650,,,0,100,,19254,650,,,0,100,,19255,650,,,0
25201,'Semaine-02',625,,19292,280,,,0,78,,19284,280,,,0,36,,19298,280,,,0,76,,19296,280,,,0,33,,19293,280,,,0,679,,19294,280,,,0,79,,19290,280,,,0,33,,19287,280,,,0,71,,19289,280,,,0,31,,19295,280,,,0,69,,19285,280,,,0,29,,19297,280,,,0,71,,19291,280,,,0,28,,19288,280,,,0,68,,19286,280,,,0
25201,'Semaine-03',625,,22261,280,,,0,78,,22253,280,,,0,36,,22267,280,,,0,76,,22265,280,,,0,33,,22262,280,,,0,679,,22263,280,,,0,79,,22259,280,,,0,33,,22256,280,,,0,71,,22258,280,,,0,31,,22264,280,,,0,69,,22254,280,,,0,29,,22266,280,,,0,71,,22260,280,,,0,28,,22257,280,,,0,68,,22255,280,,,0
70901,'Fête-1-02',625,,23143,490,,,0,30,,23144,490,,,0,70,,23145,490,,,0,30,,23146,490,,,0,70,,23147,490,,,0,15,,23148,490,,,0,71,,23149,490,,,0,30,,23150,490,,,0,70,,23151,490,,,0,31,,23152,490,,,0,71,,23153,490,,,0,30,,23154,490,,,0,70,,23155,490,,,0,30,,23156,490,,,0,70,,23157,490,,,0,30,,23158,490,,,0,70,,23159,490,,,0,30,,23160,490,,,0,70,,23161,490,,,0,30,,23162,490,,,0,70,,23163,490,,,0,30,,23164,490,,,0,70,,23165,490,,,0,30,,23166,490,,,0,70,,23167,490,,,0,30,,23168,490,,,0,70,,23169,490,,,0,30,,23170,490,,,0,70,,23171,490,,,0,30,,23172,490,,,0,70,,23173,490,,,0,30,,23174,490,,,0,70,,23175,490,,,0,31,,23176,490,,,0,70,,23177,490,,,0,30,,23178,490,,,0,111,,23179,490,,,0
70901,'Semaine-02',456,,21145,490,,,0,70,,21187,490,,,0,20,,21143,490,,,0,10,,21142,490,,,0,63,,21144,490,,,0,20,,21146,490,,,0,20,,21147,490,,,0,67,,21148,490,,,0,12,,21149,490,,,0,21,,21150,490,,,0,50,,21151,490,,,0,10,,21152,490,,,0,20,,21153,490,,,0,10,,21154,490,,,0,54,,21155,490,,,0,13,,21157,490,,,0,15,,21193,490,,,0,15,,21156,490,,,0,70,,21158,490,,,0,15,,21159,490,,,0,22,,21160,520,,,0,70,,21161,520,,,0,15,,21162,520,,,0,15,,21163,520,,,0,55,,21164,520,,,0,15,,21196,520,,,0,15,,21165,520,,,0,15,,21197,520,,,0,70,,21166,520,,,0,15,,21167,520,,,0,15,,21168,520,,,0,70,,21188,520,,,0,30,,21189,520,,,0,70,,21190,520,,,0,16,,21191,520,,,0,16,,21192,520,,,0,89,,21170,520,,,0,15,,21169,520,,,0,68,,21171,520,,,0,15,,21172,520,,,0,62,,21173,520,,,0,15,,21194,520,,,0,13,,21195,520,,,0,14,,21174,520,,,0,59,,21175,520,,,0,14,,21176,520,,,0,15,,21177,520,,,0,22,,21178,490,,,0,70,,21179,490,,,0,15,,21180,490,,,0,68,,21181,490,,,0,30,,21182,490,,,0,69,,21183,490,,,0,44,,21184,490,,,0,99,,21185,490,,,0,108,,21186,490,,,0
70901,'Semaine-03',456,,23183,490,,,0,70,,23225,490,,,0,20,,23181,490,,,0,10,,23180,490,,,0,63,,23182,490,,,0,20,,23184,490,,,0,20,,23185,490,,,0,67,,23186,490,,,0,12,,23187,490,,,0,21,,23188,490,,,0,50,,23189,490,,,0,10,,23190,490,,,0,20,,23191,490,,,0,10,,23192,490,,,0,54,,23193,490,,,0,13,,23195,490,,,0,15,,23231,490,,,0,15,,23194,490,,,0,70,,23196,490,,,0,15,,23197,490,,,0,22,,23198,520,,,0,70,,23199,520,,,0,15,,23200,520,,,0,15,,23201,520,,,0,55,,23202,520,,,0,15,,23234,520,,,0,15,,23203,520,,,0,15,,23235,520,,,0,70,,23204,520,,,0,15,,23205,520,,,0,15,,23206,520,,,0,70,,23226,520,,,0,30,,23227,520,,,0,70,,23228,520,,,0,16,,23229,520,,,0,16,,23230,520,,,0,89,,23208,520,,,0,15,,23207,520,,,0,68,,23209,520,,,0,15,,23210,520,,,0,62,,23211,520,,,0,15,,23232,520,,,0,13,,23233,520,,,0,14,,23212,520,,,0,59,,23213,520,,,0,14,,23214,520,,,0,15,,23215,520,,,0,22,,23216,490,,,0,70,,23217,490,,,0,15,,23218,490,,,0,68,,23219,490,,,0,30,,23220,490,,,0,69,,23221,490,,,0,44,,23222,490,,,0,99,,23223,490,,,0,108,,23224,490,,,0
70901,'Week-end-01',625,,21198,490,,,0,30,,21199,490,,,0,70,,21200,490,,,0,30,,21201,490,,,0,70,,21202,490,,,0,15,,21203,490,,,0,71,,21204,490,,,0,30,,21205,490,,,0,70,,21206,490,,,0,31,,21207,490,,,0,71,,21208,490,,,0,30,,21209,490,,,0,70,,21210,490,,,0,30,,21211,490,,,0,70,,21212,490,,,0,30,,21213,490,,,0,70,,21214,490,,,0,30,,21215,490,,,0,70,,21216,490,,,0,30,,21217,490,,,0,70,,21218,490,,,0,30,,21219,490,,,0,70,,21220,490,,,0,30,,21221,490,,,0,70,,21222,490,,,0,30,,21223,490,,,0,70,,21224,490,,,0,30,,21225,490,,,0,70,,21226,490,,,0,30,,21227,490,,,0,70,,21228,490,,,0,30,,21229,490,,,0,70,,21230,490,,,0,31,,21231,490,,,0,70,,21232,490,,,0,30,,21233,490,,,0,111,,21234,490,,,0
