24100,'Semaine-03',623,,15840,620,,,0,23,,15841,620,,,0,76,,15842,620,,,0,24,,15843,620,,,0,75,,15844,620,,,0,27,,15845,620,,,0,74,,15846,620,,,0,26,,15847,620,,,0,100,,15848,620,,,0,100,,15849,620,,,0,100,,15850,620,,,0,100,,15851,620,,,0,100,,15852,620,,,0,88,,15854,250,,,0,19,,15853,620,,,0,81,,15855,620,,,0,70,,15856,620,,,0,30,,15857,620,,,0,71,,15858,620,,,0,28,,15859,620,,,0,71,,15860,620,,,0,32,,15861,620,,,0,67,,15862,620,,,0,30,,15863,620,,,0,69,,15864,620,,,0,98,,15865,620,,,0,98,,15866,620,,,0,58,,15867,620,,,0
24300,'Semaine-03',617,,15906,360,0,31 32,0,22,,15907,360,0,31 32,0,83,,15908,610,,,0,22,,15909,610,,,0,87,,15910,610,,,0,18,,15911,610,,,0,85,,15912,610,,,0,14,,15913,610,,,0,106,,15914,610,,,0,100,,15915,610,,,0,100,,15916,610,,,0,100,,15917,610,,,0,100,,15918,610,,,0,156,,15919,610,,,0,40,,15920,610,,,0,72,,15921,610,,,0,84,,15922,610,,,0,30,,15923,610,,,0,78,,15924,610,,,0,32,,15925,610,,,0,72,,15926,610,,,0,84,,15927,610,,,0,100,,15928,610,,,0,100,,15929,610,,,0
24601,'Semaine-03',603,,15939,490,,,0,47,,15938,490,,,0,90,,15937,490,,,0,93,,15936,490,,,0,89,,15935,490,,,0,698,,15934,490,,,0,92,,15933,490,,,0,91,,15932,490,,,0,53,,15931,490,,,0,86,,15930,490,,,0
24701,'Semaine-03',555,,15972,510,,,0,70,,15973,510,,,0,82,,15974,510,,,0,40,,15975,510,,,0,60,,15976,510,,,0,42,,15977,510,,,0,106,,15978,510,,,0,171,,15979,510,,,0,130,,15980,510,,,0,170,,15981,510,,,0,183,,15982,510,,,0,24,,15983,510,,,0,116,,15967,510,,,0,72,,15984,510,,,0,19,,15968,510,,,0,163,,15969,510,,,0,129,,15970,510,,,0,169,,15971,510,,,0
24701,'Week-end-03',756,,15985,510,,,0,170,,15986,510,,,0,130,,15987,510,,,0,170,,15988,510,,,0,130,,15989,510,,,0,170,,15990,510,,,0,130,,15991,510,,,0,170,,15992,510,,,0,130,,15993,510,,,0
24901,'Semaine-03',624,,16037,620,,,0,23,,16038,620,,,0,78,,16039,620,,,0,98,,16040,620,,,0,24,,16041,620,,,0,100,,16042,620,,,0,95,,16043,620,,,0,100,,16044,620,,,0,100,,16045,620,,,0,100,,16046,620,,,0,100,,16047,620,,,0,99,,16048,620,,,0,62,,16049,620,,,0,54,,16050,620,,,0,79,,16051,620,,,0,72,,16052,620,,,0,92,,16053,620,,,0,58,,16054,620,,,0,101,,16055,620,,,0,143,,16056,620,,,0,57,,16057,620,,,0
24901,'Week-end-03',757,,16058,620,,,0,168,,16059,620,,,0,130,,16060,620,,,0,170,,16061,620,,,0,130,,16062,620,,,0,170,,16063,620,,,0,130,,16064,620,,,0,170,,16065,620,,,0,130,,16066,620,,,0,170,,16067,620,,,0,130,,16068,620,,,0
25001,'Semaine-03',621,,16114,580,,,0,24,,16115,580,,,0,73,,16116,580,,,0,22,,16117,580,,,0,85,,16118,580,,,0,22,,16119,580,,,0,72,,16120,580,,,0,28,,16121,580,,,0,76,,16122,580,,,0,19,,16123,580,,,0,100,,16124,580,,,0,103,,16125,580,,,0,100,,16126,580,,,0,102,,16127,580,,,0,155,,16128,580,,,0,26,,16129,580,,,0,76,,16130,580,,,0,26,,16131,580,,,0,70,,16132,580,,,0,28,,16133,580,,,0,80,,16134,580,,,0,48,,16135,580,,,0,146,,16136,580,,,0,56,,16137,580,,,0,99,,16138,580,,,0
25001,'Week-end-03',752,,16157,580,,,0,100,,16141,580,,,0,70,,16144,580,,,0,100,,16151,580,,,0,30,,16152,580,,,0,100,,16143,580,,,0,70,,16146,580,,,0,100,,16154,580,,,0,30,,16155,580,,,0,100,,16142,580,,,0,70,,16153,580,,,0,100,,16145,580,,,0,31,,16150,580,,,0,100,,16156,580,,,0,70,,16147,580,,,0,100,,16148,580,,,0,30,,16140,580,,,0,100,,16149,580,,,0,70,,16158,580,,,0,100,,16139,580,,,0,30,,16159,580,,,0
25101,'Semaine-03',950,,16186,330,,,0,100,,16187,330,,,0,100,,16190,330,,,0,100,,16191,330,,,0,100,,16192,330,,,0,100,,16188,330,,,0,654,,16189,330,,,0,98,,16193,330,,,0,100,,16194,330,,,0
25101,'Week-end-03',755,,16205,330,,,0,100,,16210,330,,,0,100,,16209,330,,,0,100,,16204,330,,,0,100,,16207,330,,,0,100,,16208,330,,,0,100,,16206,330,,,0,100,,16201,330,,,0,100,,16199,330,,,0,100,,16200,330,,,0,100,,16202,330,,,0,100,,16196,330,,,0,100,,16197,330,,,0,100,,16198,330,,,0,100,,16195,330,,,0,100,,16203,330,,,0
25201,'Semaine-03',625,,16219,300,,,0,78,,16211,300,,,0,36,,16225,300,,,0,76,,16223,300,,,0,33,,16220,300,,,0,679,,16221,300,,,0,79,,16217,300,,,0,31,,16214,300,,,0,71,,16216,300,,,0,30,,16222,300,,,0,69,,16212,300,,,0,29,,16224,300,,,0,70,,16218,300,,,0,29,,16215,300,,,0,71,,16213,300,,,0
40501,'Semaine-03',1606,,16729,40,,,0,130,,16730,40,,,0
60501,'Semaine-03',1601,,16850,40,,,0,212,,16851,40,,,0
70901,'Semaine-03',456,,17177,510,,,0,70,,17226,510,,,0,20,,17174,510,,,0,10,,17173,510,,,0,52,,17175,510,,,0,11,,17176,510,,,0,10,,17178,510,,,0,10,,17179,510,,,0,10,,17180,510,,,0,10,,17181,510,,,0,57,,17182,510,,,0,11,,17183,510,,,0,12,,17184,510,,,0,11,,17185,510,,,0,50,,17186,510,,,0,10,,17187,510,,,0,10,,17188,510,,,0,10,,17189,510,,,0,10,,17190,510,,,0,10,,17191,510,,,0,54,,17192,510,,,0,13,,17194,510,,,0,15,,17233,510,,,0,15,,17193,510,,,0,70,,17195,510,,,0,15,,17196,510,,,0,22,,17197,540,,,0,70,,17198,540,,,0,15,,17199,540,,,0,15,,17200,540,,,0,55,,17201,540,,,0,15,,17236,540,,,0,15,,17202,540,,,0,15,,17237,540,,,0,70,,17203,540,,,0,15,,17204,540,,,0,15,,17205,540,,,0,70,,17228,540,,,0,30,,17229,540,,,0,70,,17230,540,,,0,16,,17231,540,,,0,16,,17232,540,,,0,74,,17227,540,,,0,15,,17207,540,,,0,55,,17206,540,,,0,15,,17208,540,,,0,13,,17209,540,,,0,15,,17210,540,,,0,9,,17211,540,,,0,53,,17212,540,,,0,15,,17234,540,,,0,13,,17235,540,,,0,14,,17213,540,,,0,59,,17214,540,,,0,14,,17215,540,,,0,15,,17216,540,,,0,22,,17217,510,,,0,70,,17218,510,,,0,15,,17219,510,,,0,67,,17220,510,,,0,30,,17221,510,,,0,69,,17222,510,,,0,44,,17223,510,,,0,99,,17224,510,,,0,108,,17225,510,,,0
70901,'Week-end-03',625,,17238,510,,,0,30,,17239,510,,,0,70,,17240,510,,,0,30,,17241,510,,,0,70,,17242,510,,,0,16,,17243,510,,,0,71,,17244,510,,,0,30,,17245,510,,,0,70,,17246,510,,,0,31,,17247,510,,,0,71,,17248,510,,,0,30,,17249,510,,,0,70,,17250,510,,,0,30,,17251,510,,,0,70,,17252,510,,,0,30,,17253,510,,,0,70,,17254,510,,,0,30,,17255,510,,,0,70,,17256,510,,,0,30,,17257,510,,,0,70,,17258,510,,,0,30,,17259,510,,,0,70,,17260,510,,,0,30,,17261,510,,,0,70,,17262,510,,,0,30,,17263,510,,,0,70,,17264,510,,,0,30,,17265,510,,,0,70,,17266,510,,,0,30,,17267,510,,,0,70,,17268,510,,,0,30,,17269,510,,,0,70,,17270,510,,,0,30,,17271,510,,,0,70,,17272,510,,,0,30,,17273,510,,,0,111,,17274,510,,,0
