25000,'Fête-1-01',834,,19045,290,,,0,100,,19043,290,,,0,70,,19046,290,,,0,100,,19047,290,,,0,30,,19048,290,,,0,100,,19044,290,,,0,70,,19061,290,,,0,101,,19056,290,,,0,30,,19059,290,,,0,100,,19062,290,,,0,71,,19053,290,,,0,100,,19052,290,,,0,31,,19054,290,,,0,99,,19055,290,,,0,70,,19060,290,,,0,100,,19050,290,,,0,30,,19063,290,,,0,98,,19057,290,,,0,70,,19049,290,,,0,100,,19058,290,,,0,30,,19051,290,,,0
25000,'Semaine-01',704,,19064,290,,,0,23,,19065,290,,,0,75,,19066,290,,,0,25,,19067,290,,,0,81,,19068,290,,,0,123,,19069,290,,,0,102,,19070,290,,,0,100,,19071,290,,,0,101,,19072,290,,,0,101,,19073,290,,,0,111,,19074,290,,,0,90,,19075,290,,,0,65,,19076,290,,,0,52,,19077,290,,,0,66,,19078,290,,,0,31,,19079,290,,,0,73,,19080,290,,,0,28,,19081,290,,,0,90,,19082,290,,,0,104,,19083,290,,,0,96,,19084,290,,,0,98,,19085,290,,,0
25000,'Semaine-02',704,,19086,290,,,0,23,,19087,290,,,0,75,,19088,290,,,0,25,,19089,290,,,0,81,,19090,290,,,0,123,,19091,290,,,0,102,,19092,290,,,0,100,,19093,290,,,0,101,,19094,290,,,0,101,,19095,290,,,0,111,,19096,290,,,0,90,,19097,290,,,0,65,,19098,290,,,0,52,,19099,290,,,0,66,,19100,290,,,0,31,,19101,290,,,0,73,,19102,290,,,0,28,,19103,290,,,0,90,,19104,290,,,0,104,,19105,290,,,0,96,,19106,290,,,0,98,,19107,290,,,0
25000,'Week-end-01',834,,19110,290,,,0,100,,19108,290,,,0,70,,19111,290,,,0,100,,19112,290,,,0,30,,19113,290,,,0,100,,19109,290,,,0,70,,19126,290,,,0,101,,19121,290,,,0,30,,19124,290,,,0,100,,19127,290,,,0,71,,19118,290,,,0,100,,19117,290,,,0,31,,19119,290,,,0,99,,19120,290,,,0,70,,19125,290,,,0,100,,19115,290,,,0,30,,19128,290,,,0,98,,19122,290,,,0,70,,19114,290,,,0,100,,19123,290,,,0,30,,19116,290,,,0
31701,'Fête-1-01',1310,,20283,10,0,63 64,0
31701,'Semaine-01-1010100',1250,,20290,10,0,63 64,0
31701,'Semaine-02-1010100',1250,,20297,10,0,63 64,0
31701,'Week-end-01',1310,,20298,10,0,63 64,0
51400,'Semaine-01',1715,,20301,280,,,0,40,,20302,280,,,0,79,,20299,280,,,0,90,,20300,280,,,0
51400,'Semaine-02',1715,,20305,280,,,0,40,,20306,280,,,0,79,,20303,280,,,0,90,,20304,280,,,0
