23200,'Fête-1-01',909,,1146,,,0,100,,1141,,,0,100,,1147,,,0,100,,1140,,,0,100,,1148,,,0,100,,1139,,,0,100,,1149,,,0,100,,1144,,,0,100,,1150,,,0,100,,1143,,,0,100,,1151,,,0,100,,1138,,,0,100,,1152,,,0,100,,1145,,,0
23200,'Fête-1-02',909,,1161,,,0,100,,1156,,,0,100,,1162,,,0,100,,1155,,,0,100,,1163,,,0,100,,1154,,,0,100,,1164,,,0,100,,1159,,,0,100,,1165,,,0,100,,1158,,,0,100,,1166,,,0,100,,1153,,,0,100,,1167,,,0,100,,1160,,,0
23200,'Fête-2-02',612,,1168,,,0,30,,1169,,,0,70,,1170,,,0,30,,1171,,,0,70,,1172,,,0,33,,1173,,,0,100,,1174,,,0,100,,1175,,,0,100,,1176,,,0,100,,1177,,,0,100,,1178,,,0,100,,1179,,,0,102,,1180,,,0,75,,1181,,,0,30,,1182,,,0,70,,1183,,,0,28,,1184,,,0,70,,1185,,,0,30,,1186,,,0,95,,1187,,,0,100,,1188,,,0,100,,1189,,,0
23200,'Semaine-01',612,,1192,,,0,30,,1193,,,0,70,,1194,,,0,30,,1195,,,0,70,,1196,,,0,33,,1197,,,0,100,,1198,,,0,100,,1199,,,0,100,,1200,,,0,100,,1201,,,0,100,,1202,,,0,100,,1203,,,0,102,,1204,,,0,75,,1205,,,0,33,,1206,,,0,67,,1207,,,0,31,,1208,,,0,67,,1209,,,0,31,,1210,,,0,94,,1211,,,0,100,,1212,,,0,100,,1213,,,0
23200,'Semaine-50',612,,1216,,,0,30,,1217,,,0,70,,1218,,,0,30,,1219,,,0,70,,1220,,,0,33,,1221,,,0,100,,1222,,,0,100,,1223,,,0,100,,1224,,,0,100,,1225,,,0,100,,1226,,,0,100,,1227,,,0,102,,1228,,,0,75,,1229,,,0,33,,1230,,,0,67,,1231,,,0,31,,1232,,,0,67,,1233,,,0,31,,1234,,,0,94,,1235,,,0,100,,1236,,,0,100,,1237,,,0
23200,'Week-end-01',909,,1248,,,0,100,,1243,,,0,100,,1249,,,0,100,,1242,,,0,100,,1250,,,0,100,,1241,,,0,100,,1251,,,0,100,,1246,,,0,100,,1252,,,0,100,,1245,,,0,100,,1253,,,0,100,,1240,,,0,100,,1254,,,0,100,,1247,,,0
23200,'Week-end-50',909,,1263,,,0,100,,1258,,,0,100,,1264,,,0,100,,1257,,,0,100,,1265,,,0,100,,1256,,,0,100,,1266,,,0,100,,1261,,,0,100,,1267,,,0,100,,1260,,,0,100,,1268,,,0,100,,1255,,,0,100,,1269,,,0,100,,1262,,,0
23900,'Fête-1-01',839,,2052,,,0,102,,2060,,,0,102,,2061,,,0,103,,2062,,,0,100,,2063,,,0,100,,2064,,,0,100,,2065,,,0,100,,2058,,,0,97,,2054,,,0,100,,2053,,,0,99,,2055,,,0,98,,2056,,,0,100,,2057,,,0,100,,2059,,,0,100,,2066,0,8 35 1 36,0
23900,'Fête-1-02',839,,2068,,,0,102,,2076,,,0,102,,2077,,,0,103,,2078,,,0,100,,2079,,,0,100,,2080,,,0,100,,2081,,,0,100,,2074,,,0,97,,2070,,,0,100,,2069,,,0,99,,2071,,,0,98,,2072,,,0,100,,2073,,,0,100,,2075,,,0,100,,2082,0,8 35 1 36,0
23900,'Fête-2-02',625,,2084,,,0,20,,2085,,,0,75,,2086,,,0,29,,2087,,,0,73,,2101,,,0,27,,2098,,,0,98,,2088,,,0,100,,2089,,,0,100,,2090,,,0,103,,2091,,,0,100,,2092,,,0,100,,2093,,,0,100,,2094,,,0,75,,2095,,,0,25,,2106,,,0,79,,2107,,,0,22,,2102,,,0,82,,2099,,,0,19,,2096,,,0,94,,2108,,,0,99,,2105,,,0,100,,2104,,,0,99,,2103,0,8 35 1 36,0
23900,'Semaine-01',627,,2109,,,0,18,,2110,,,0,75,,2111,,,0,29,,2112,,,0,73,,2126,,,0,27,,2123,,,0,98,,2113,,,0,100,,2114,,,0,100,,2115,,,0,103,,2116,,,0,100,,2117,,,0,100,,2118,,,0,100,,2119,,,0,75,,2120,,,0,25,,2131,,,0,79,,2132,,,0,22,,2127,,,0,82,,2124,,,0,21,,2121,,,0,92,,2133,,,0,99,,2130,,,0,100,,2129,,,0,106,,2128,0,8 35 1 36,0
23900,'Semaine-50',627,,2134,,,0,18,,2135,,,0,75,,2136,,,0,29,,2137,,,0,73,,2151,,,0,27,,2148,,,0,98,,2138,,,0,100,,2139,,,0,100,,2140,,,0,103,,2141,,,0,100,,2142,,,0,100,,2143,,,0,100,,2144,,,0,75,,2145,,,0,25,,2156,,,0,79,,2157,,,0,22,,2152,,,0,82,,2149,,,0,21,,2146,,,0,92,,2158,,,0,99,,2155,,,0,100,,2154,,,0,106,,2153,0,8 35 1 36,0
23900,'Week-end-01',839,,2159,,,0,102,,2167,,,0,102,,2168,,,0,103,,2169,,,0,100,,2170,,,0,100,,2171,,,0,100,,2172,,,0,100,,2165,,,0,97,,2161,,,0,100,,2160,,,0,99,,2162,,,0,98,,2163,,,0,100,,2164,,,0,100,,2166,,,0,100,,2173,0,8 35 1 36,0
23900,'Week-end-50',839,,2175,,,0,102,,2183,,,0,102,,2184,,,0,103,,2185,,,0,100,,2186,,,0,100,,2187,,,0,100,,2188,,,0,100,,2181,,,0,97,,2177,,,0,100,,2176,,,0,99,,2178,,,0,98,,2179,,,0,100,,2180,,,0,100,,2182,,,0,100,,2189,0,8 35 1 36,0
