22701,'Semaine-03',552,,15324,60,,,0,70,,15325,60,,,0,30,,15326,60,,,0,70,,15327,60,,,0,30,,15328,60,,,0,100,,15329,60,,,0,100,,15330,60,,,0,100,,15331,60,,,0,100,,15332,60,,,0,100,,15333,60,,,0,100,,15334,60,,,0,100,,15335,60,,,0,100,,15336,60,,,0,85,,15337,60,,,0,70,,15338,60,,,0,30,,15339,60,,,0,70,,15340,60,,,0,30,,15341,60,,,0,70,,15342,60,,,0,45,,15343,60,,,0,100,,15344,60,,,0,100,,15345,60,,,0,100,,15346,60,0,8 14 1 15 16 17,0
22701,'Semaine-53',552,,11968,60,,,0,70,,11969,60,,,0,31,,11970,60,,,0,70,,11971,60,,,0,30,,11972,60,,,0,99,,11973,60,,,0,100,,11974,60,,,0,100,,11975,60,,,0,100,,11976,60,,,0,100,,11977,60,,,0,100,,11978,60,,,0,100,,11979,60,,,0,101,,11980,60,,,0,85,,11981,60,,,0,70,,11982,60,,,0,30,,11983,60,,,0,69,,11984,60,,,0,30,,11985,60,,,0,70,,11986,60,,,0,45,,11987,60,,,0,100,,11988,60,,,0,100,,11989,60,,,0,100,,11990,60,0,8 14 1 15 16 17,0
22701,'Week-end-03',852,,15347,60,,,0,200,,15348,60,,,0,200,,15349,60,,,0,200,,15350,60,,,0,200,,15351,60,,,0,200,,15352,60,,,0,200,,15353,60,,,0
22701,'Week-end-53',852,,11991,60,,,0,200,,11992,60,,,0,200,,11993,60,,,0,200,,11994,60,,,0,200,,11995,60,,,0,200,,11996,60,,,0,200,,11997,60,,,0
22800,'Semaine-03',607,,15355,60,,,0,30,,15356,60,,,0,70,,15357,60,,,0,30,,15358,60,,,0,85,,15359,60,,,0,100,,15360,60,,,0,100,,15361,60,,,0,100,,15362,60,,,0,100,,15363,60,,,0,100,,15364,60,,,0,100,,15365,60,,,0,100,,15366,60,,,0,100,,15367,60,,,0,30,,15368,60,,,0,70,,15369,60,,,0,30,,15370,60,,,0,70,,15371,60,,,0,30,,15372,60,,,0,70,,15373,60,,,0,100,,15374,60,,,0,100,,15375,60,,,0,100,,15376,60,,,0,100,,15377,60,0,8 14 1 18 19,0
22800,'Semaine-53',607,,12007,60,,,0,30,,12008,60,,,0,70,,12009,60,,,0,30,,12010,60,,,0,85,,12011,60,,,0,100,,12012,60,,,0,100,,12013,60,,,0,100,,12014,60,,,0,100,,12015,60,,,0,100,,12016,60,,,0,100,,12017,60,,,0,100,,12018,60,,,0,100,,12019,60,,,0,30,,12020,60,,,0,70,,12021,60,,,0,30,,12022,60,,,0,70,,12023,60,,,0,30,,12024,60,,,0,70,,12025,60,,,0,100,,12026,60,,,0,100,,12027,60,,,0,100,,12028,60,,,0,100,,12029,60,0,8 14 1 18 19,0
22800,'Week-end-03',752,,15386,60,,,0,200,,15383,60,,,0,200,,15384,60,,,0,200,,15379,60,,,0,200,,15381,60,,,0,200,,15385,60,,,0,200,,15382,60,,,0,200,,15380,60,0,8 14 1 18 19,0
22800,'Week-end-53',752,,12038,60,,,0,200,,12035,60,,,0,200,,12036,60,,,0,200,,12031,60,,,0,200,,12033,60,,,0,200,,12037,60,,,0,200,,12034,60,,,0,200,,12032,60,0,8 14 1 18 19,0
60500,'Semaine-03',642,,16848,60,,,0,205,,16849,60,,,0
60500,'Semaine-53',642,,14333,60,,,0,205,,14334,60,,,0
70801,'Semaine-03',438,,17010,60,,,0,69,,17011,60,,,0,45,,17012,60,,,0,70,,17013,60,,,0,25,,17053,60,,,0,5,,17014,60,,,0,70,,17015,60,,,0,30,,17016,60,,,0,70,,17017,60,,,0,30,,17018,60,,,0,70,,17019,60,,,0,30,,17020,60,,,0,70,,17021,60,,,0,30,,17022,60,,,0,70,,17023,60,,,0,30,,17024,60,,,0,70,,17025,60,,,0,30,,17026,60,,,0,70,,17027,60,,,0,30,,17028,60,,,0,70,,17029,60,,,0,30,,17030,60,,,0,70,,17031,60,,,0,30,,17032,60,,,0,70,,17033,60,,,0,30,,17034,60,,,0,70,,17035,60,,,0,30,,17036,60,,,0,70,,17037,60,,,0,30,,17038,60,,,0,70,,17039,60,,,0,30,,17040,60,,,0,70,,17041,60,,,0,30,,17042,60,,,0,100,,17043,60,,,0,100,,17044,60,,,0,96,,17045,60,,,0,100,,17052,60,,,0
70801,'Semaine-53',438,,14566,60,,,0,69,,14567,60,,,0,45,,14568,60,,,0,70,,14569,60,,,0,25,,14609,60,,,0,5,,14570,60,,,0,70,,14571,60,,,0,30,,14572,60,,,0,70,,14573,60,,,0,30,,14574,60,,,0,70,,14575,60,,,0,30,,14576,60,,,0,70,,14577,60,,,0,30,,14578,60,,,0,70,,14579,60,,,0,30,,14580,60,,,0,70,,14581,60,,,0,30,,14582,60,,,0,70,,14583,60,,,0,30,,14584,60,,,0,70,,14585,60,,,0,30,,14586,60,,,0,70,,14587,60,,,0,30,,14588,60,,,0,70,,14589,60,,,0,30,,14590,60,,,0,70,,14591,60,,,0,30,,14592,60,,,0,70,,14593,60,,,0,30,,14594,60,,,0,70,,14595,60,,,0,30,,14596,60,,,0,70,,14597,60,,,0,30,,14598,60,,,0,100,,14599,60,,,0,100,,14600,60,,,0,96,,14601,60,,,0,100,,14608,60,,,0
70801,'Week-end-03',628,,17056,60,,,0,99,,17072,60,,,0,74,,17057,60,,,0,100,,17058,60,,,0,51,,17059,60,,,0,100,,17060,60,,,0,100,,17061,60,,,0,100,,17062,60,,,0,100,,17063,60,,,0,100,,17064,60,,,0,100,,17065,60,,,0,100,,17066,60,,,0,100,,17067,60,,,0,100,,17068,60,,,0,101,,17069,60,,,0,100,,17070,60,,,0,100,,17071,60,,,0,80,,17054,60,,,0,118,,17055,60,,,0
70801,'Week-end-53',628,,14612,60,,,0,99,,14628,60,,,0,74,,14613,60,,,0,100,,14614,60,,,0,51,,14615,60,,,0,100,,14616,60,,,0,100,,14617,60,,,0,100,,14618,60,,,0,100,,14619,60,,,0,100,,14620,60,,,0,100,,14621,60,,,0,100,,14622,60,,,0,100,,14623,60,,,0,100,,14624,60,,,0,101,,14625,60,,,0,100,,14626,60,,,0,100,,14627,60,,,0,80,,14610,60,,,0,118,,14611,60,,,0
