23001,'LA-H26-LA_GTFS-Fête-1-01',816,,878,,,0,100,,890,,,0,100,,879,,,0,100,,884,,,0,100,,891,,,0,100,,885,,,0,100,,886,,,0,100,,887,,,0,100,,889,,,0,100,,882,,,0,100,,883,,,0,100,,888,,,0,100,,881,,,0,100,,880,,,0,100,,877,,,0
23001,'LA-H26-LA_GTFS-Fête-1-02',816,,893,,,0,100,,905,,,0,100,,894,,,0,100,,899,,,0,100,,906,,,0,100,,900,,,0,100,,901,,,0,100,,902,,,0,100,,904,,,0,100,,897,,,0,100,,898,,,0,100,,903,,,0,100,,896,,,0,100,,895,,,0,100,,892,,,0
23001,'LA-H26-LA_GTFS-Fête-2-02',620,,915,,,0,33,,908,,,0,70,,909,,,0,30,,910,,,0,70,,911,,,0,28,,912,,,0,70,,913,,,0,100,,914,,,0,100,,924,,,0,100,,925,,,0,100,,926,,,0,100,,927,,,0,100,,928,,,0,102,,930,,,0,30,,920,,,0,70,,921,,,0,30,,922,,,0,70,,923,,,0,27,,919,,,0,70,,929,,,0,30,,918,,,0,100,,917,,,0,100,,916,,,0,100,,907,,,0
23001,'LA-H26-LA_GTFS-Semaine-01',620,,939,,,0,33,,932,,,0,70,,933,,,0,30,,934,,,0,70,,935,,,0,28,,936,,,0,70,,937,,,0,100,,938,,,0,100,,948,,,0,100,,949,,,0,100,,950,,,0,100,,951,,,0,100,,952,,,0,102,,954,,,0,30,,944,,,0,70,,945,,,0,30,,946,,,0,70,,947,,,0,27,,943,,,0,70,,953,,,0,30,,942,,,0,100,,941,,,0,100,,940,,,0,100,,931,,,0
23001,'LA-H26-LA_GTFS-Semaine-50',620,,963,,,0,33,,956,,,0,70,,957,,,0,30,,958,,,0,70,,959,,,0,28,,960,,,0,70,,961,,,0,100,,962,,,0,100,,972,,,0,100,,973,,,0,100,,974,,,0,100,,975,,,0,100,,976,,,0,102,,978,,,0,30,,968,,,0,70,,969,,,0,30,,970,,,0,70,,971,,,0,27,,967,,,0,70,,977,,,0,30,,966,,,0,100,,965,,,0,100,,964,,,0,100,,955,,,0
23001,'LA-H26-LA_GTFS-Week-end-01',816,,980,,,0,100,,992,,,0,100,,981,,,0,100,,986,,,0,100,,993,,,0,100,,987,,,0,100,,988,,,0,100,,989,,,0,100,,991,,,0,100,,984,,,0,100,,985,,,0,100,,990,,,0,100,,983,,,0,100,,982,,,0,100,,979,,,0
23001,'LA-H26-LA_GTFS-Week-end-50',816,,995,,,0,100,,1007,,,0,100,,996,,,0,100,,1001,,,0,100,,1008,,,0,100,,1002,,,0,100,,1003,,,0,100,,1004,,,0,100,,1006,,,0,100,,999,,,0,100,,1000,,,0,100,,1005,,,0,100,,998,,,0,100,,997,,,0,100,,994,,,0
23200,'LA-H26-LA_GTFS-Fête-1-01',904,,1146,,,0,100,,1141,,,0,100,,1147,,,0,100,,1140,,,0,100,,1148,,,0,100,,1139,,,0,100,,1149,,,0,100,,1144,,,0,100,,1150,,,0,100,,1143,,,0,100,,1151,,,0,100,,1138,,,0,100,,1152,,,0,100,,1145,,,0
23200,'LA-H26-LA_GTFS-Fête-1-02',904,,1161,,,0,100,,1156,,,0,100,,1162,,,0,100,,1155,,,0,100,,1163,,,0,100,,1154,,,0,100,,1164,,,0,100,,1159,,,0,100,,1165,,,0,100,,1158,,,0,100,,1166,,,0,100,,1153,,,0,100,,1167,,,0,100,,1160,,,0
23200,'LA-H26-LA_GTFS-Fête-2-02',605,,1168,,,0,30,,1169,,,0,70,,1170,,,0,30,,1171,,,0,70,,1172,,,0,35,,1173,,,0,100,,1174,,,0,100,,1175,,,0,100,,1176,,,0,100,,1177,,,0,100,,1178,,,0,100,,1179,,,0,100,,1180,,,0,75,,1181,,,0,30,,1182,,,0,70,,1183,,,0,30,,1184,,,0,70,,1185,,,0,30,,1186,,,0,95,,1187,,,0,100,,1188,,,0,100,,1189,,,0
23200,'LA-H26-LA_GTFS-Semaine-01',605,,1192,,,0,30,,1193,,,0,70,,1194,,,0,30,,1195,,,0,70,,1196,,,0,35,,1197,,,0,100,,1198,,,0,100,,1199,,,0,100,,1200,,,0,100,,1201,,,0,100,,1202,,,0,100,,1203,,,0,100,,1204,,,0,75,,1205,,,0,33,,1206,,,0,67,,1207,,,0,33,,1208,,,0,67,,1209,,,0,31,,1210,,,0,94,,1211,,,0,100,,1212,,,0,100,,1213,,,0
23200,'LA-H26-LA_GTFS-Semaine-50',605,,1216,,,0,30,,1217,,,0,70,,1218,,,0,30,,1219,,,0,70,,1220,,,0,35,,1221,,,0,100,,1222,,,0,100,,1223,,,0,100,,1224,,,0,100,,1225,,,0,100,,1226,,,0,100,,1227,,,0,100,,1228,,,0,75,,1229,,,0,33,,1230,,,0,67,,1231,,,0,33,,1232,,,0,67,,1233,,,0,31,,1234,,,0,94,,1235,,,0,100,,1236,,,0,100,,1237,,,0
23200,'LA-H26-LA_GTFS-Week-end-01',904,,1248,,,0,100,,1243,,,0,100,,1249,,,0,100,,1242,,,0,100,,1250,,,0,100,,1241,,,0,100,,1251,,,0,100,,1246,,,0,100,,1252,,,0,100,,1245,,,0,100,,1253,,,0,100,,1240,,,0,100,,1254,,,0,100,,1247,,,0
23200,'LA-H26-LA_GTFS-Week-end-50',904,,1263,,,0,100,,1258,,,0,100,,1264,,,0,100,,1257,,,0,100,,1265,,,0,100,,1256,,,0,100,,1266,,,0,100,,1261,,,0,100,,1267,,,0,100,,1260,,,0,100,,1268,,,0,100,,1255,,,0,100,,1269,,,0,100,,1262,,,0
