23600,'Fête-1-01',835,,1684,,,0,99,,1675,,,0,100,,1685,,,0,100,,1673,,,0,100,,1681,,,0,100,,1677,,,0,100,,1683,,,0,100,,1674,,,0,100,,1687,,,0,100,,1676,,,0,100,,1682,,,0,100,,1678,,,0,100,,1680,,,0,103,,1679,,,0,106,,1686,0,8 27 37 1 38 19,0
23600,'Fête-1-02',835,,1699,,,0,99,,1690,,,0,100,,1700,,,0,100,,1688,,,0,100,,1696,,,0,100,,1692,,,0,100,,1698,,,0,100,,1689,,,0,100,,1702,,,0,100,,1691,,,0,100,,1697,,,0,100,,1693,,,0,100,,1695,,,0,103,,1694,,,0,106,,1701,0,8 27 37 1 38 19,0
23600,'Fête-2-02',619,,1703,,,0,111,,1704,,,0,73,,1722,,,0,33,,1705,,,0,76,,1706,,,0,100,,1707,,,0,100,,1708,,,0,100,,1709,,,0,100,,1710,,,0,100,,1711,,,0,100,,1712,,,0,101,,1713,,,0,16,,1714,,,0,74,,1715,,,0,36,,1716,,,0,79,,1717,,,0,125,,1718,,,0,100,,1719,,,0,100,,1720,,,0,105,,1721,0,8 27 37 1 38 19,0
23600,'Semaine-01',619,,1723,,,0,111,,1724,,,0,73,,1742,,,0,33,,1725,,,0,76,,1726,,,0,100,,1727,,,0,100,,1728,,,0,100,,1729,,,0,100,,1730,,,0,100,,1731,,,0,100,,1732,,,0,101,,1733,,,0,16,,1734,,,0,74,,1735,,,0,36,,1736,,,0,80,,1737,,,0,124,,1738,,,0,100,,1739,,,0,100,,1740,,,0,112,,1741,0,8 27 37 1 38 19,0
23600,'Semaine-50',619,,1743,,,0,111,,1744,,,0,73,,1762,,,0,33,,1745,,,0,76,,1746,,,0,100,,1747,,,0,100,,1748,,,0,100,,1749,,,0,100,,1750,,,0,100,,1751,,,0,100,,1752,,,0,101,,1753,,,0,16,,1754,,,0,74,,1755,,,0,36,,1756,,,0,80,,1757,,,0,124,,1758,,,0,100,,1759,,,0,100,,1760,,,0,112,,1761,0,8 27 37 1 38 19,0
23600,'Week-end-01',835,,1774,,,0,99,,1765,,,0,100,,1775,,,0,100,,1763,,,0,100,,1771,,,0,100,,1767,,,0,100,,1773,,,0,100,,1764,,,0,100,,1777,,,0,100,,1766,,,0,100,,1772,,,0,100,,1768,,,0,100,,1770,,,0,103,,1769,,,0,106,,1776,0,8 27 37 1 38 19,0
23600,'Week-end-50',835,,1789,,,0,99,,1780,,,0,100,,1790,,,0,100,,1778,,,0,100,,1786,,,0,100,,1782,,,0,100,,1788,,,0,100,,1779,,,0,100,,1792,,,0,100,,1781,,,0,100,,1787,,,0,100,,1783,,,0,100,,1785,,,0,103,,1784,,,0,106,,1791,0,8 27 37 1 38 19,0
23701,'Fête-1-01',903,,1805,,,0,100,,1796,,,0,100,,1802,,,0,100,,1804,,,0,102,,1793,,,0,100,,1795,,,0,100,,1794,,,0,100,,1801,,,0,100,,1797,,,0,100,,1799,,,0,100,,1800,,,0,98,,1803,,,0,100,,1798,,,0,100,,1806,,,0
23701,'Fête-1-02',903,,1820,,,0,100,,1811,,,0,100,,1817,,,0,100,,1819,,,0,102,,1808,,,0,100,,1810,,,0,100,,1809,,,0,100,,1816,,,0,100,,1812,,,0,100,,1814,,,0,100,,1815,,,0,98,,1818,,,0,100,,1813,,,0,100,,1821,,,0
23701,'Fête-2-02',603,,1842,,,0,33,,1823,,,0,73,,1843,,,0,33,,1837,,,0,64,,1838,,,0,33,,1824,,,0,100,,1840,,,0,98,,1839,,,0,100,,1825,,,0,100,,1826,,,0,100,,1827,,,0,100,,1828,,,0,105,,1829,,,0,100,,1830,,,0,73,,1834,,,0,33,,1831,,,0,109,,1835,,,0,150,,1832,,,0,100,,1836,,,0,100,,1833,,,0
23701,'Semaine-01',603,,1863,,,0,33,,1844,,,0,73,,1864,,,0,33,,1858,,,0,64,,1859,,,0,33,,1845,,,0,100,,1861,,,0,98,,1860,,,0,100,,1846,,,0,100,,1847,,,0,100,,1848,,,0,100,,1849,,,0,105,,1850,,,0,100,,1851,,,0,73,,1855,,,0,33,,1852,,,0,109,,1856,,,0,150,,1853,,,0,100,,1857,,,0,100,,1854,,,0
23701,'Semaine-50',603,,1884,,,0,33,,1865,,,0,73,,1885,,,0,33,,1879,,,0,64,,1880,,,0,33,,1866,,,0,100,,1882,,,0,98,,1881,,,0,100,,1867,,,0,100,,1868,,,0,100,,1869,,,0,100,,1870,,,0,105,,1871,,,0,100,,1872,,,0,73,,1876,,,0,33,,1873,,,0,109,,1877,,,0,150,,1874,,,0,100,,1878,,,0,100,,1875,,,0
23701,'Week-end-01',903,,1898,,,0,100,,1889,,,0,100,,1895,,,0,100,,1897,,,0,102,,1886,,,0,100,,1888,,,0,100,,1887,,,0,100,,1894,,,0,100,,1890,,,0,100,,1892,,,0,100,,1893,,,0,98,,1896,,,0,100,,1891,,,0,100,,1899,,,0
23701,'Week-end-50',903,,1913,,,0,100,,1904,,,0,100,,1910,,,0,100,,1912,,,0,102,,1901,,,0,100,,1903,,,0,100,,1902,,,0,100,,1909,,,0,100,,1905,,,0,100,,1907,,,0,100,,1908,,,0,98,,1911,,,0,100,,1906,,,0,100,,1914,,,0
