24700,'Fête-1-02',808,,22024,40,,,0,130,,22018,40,,,0,170,,22020,40,,,0,130,,22025,40,,,0,170,,22026,40,,,0,130,,22021,40,,,0,170,,22019,40,,,0,130,,22022,40,,,0,170,,22023,40,,,0
24700,'Semaine-02',637,,18828,40,,,0,82,,18829,40,,,0,103,,18830,40,,,0,186,,18836,40,,,0,130,,18837,40,,,0,170,,18834,40,,,0,130,,18835,40,,,0,71,,18823,40,,,0,112,,18824,40,,,0,92,,18825,40,,,0,107,,18826,40,,,0,33,,18827,40,,,0,161,,18831,40,,,0,129,,18832,40,,,0,170,,18833,40,,,0
24700,'Semaine-03',637,,22032,40,,,0,82,,22033,40,,,0,103,,22034,40,,,0,186,,22040,40,,,0,130,,22041,40,,,0,170,,22038,40,,,0,130,,22039,40,,,0,71,,22027,40,,,0,112,,22028,40,,,0,92,,22029,40,,,0,107,,22030,40,,,0,33,,22031,40,,,0,161,,22035,40,,,0,129,,22036,40,,,0,170,,22037,40,,,0
24700,'Week-end-01',808,,18844,40,,,0,130,,18838,40,,,0,170,,18840,40,,,0,130,,18845,40,,,0,170,,18846,40,,,0,130,,18841,40,,,0,170,,18839,40,,,0,130,,18842,40,,,0,170,,18843,40,,,0
24900,'Fête-1-02',807,,22078,40,0,5,0,130,,22079,40,0,5,0,170,,22088,40,0,5,0,130,,22080,40,0,5,0,170,,22081,40,0,5,0,130,,22082,40,0,5,0,170,,22083,40,0,5,0,130,,22084,40,0,5,0,170,,22085,40,0,5,0,130,,22086,40,0,5,0,170,,22087,40,0,5,0
24900,'Semaine-02',638,,18951,40,,,0,65,,18952,40,,,0,34,,18953,40,,,0,97,,18954,40,,,0,174,,18955,40,,,0,100,,18956,40,,,0,101,,18957,40,,,0,100,,18958,40,,,0,100,,18959,40,,,0,106,,18960,40,,,0,35,,18961,40,,,0,73,,18962,40,,,0,92,,18963,40,,,0,32,,18964,40,,,0,75,,18965,40,,,0,91,,18966,40,,,0,100,,18967,40,,,0,100,,18968,40,,,0,100,,18969,40,,,0,100,,18950,40,,,0
24900,'Semaine-03',638,,22090,40,,,0,65,,22091,40,,,0,34,,22092,40,,,0,97,,22093,40,,,0,174,,22094,40,,,0,100,,22095,40,,,0,101,,22096,40,,,0,100,,22097,40,,,0,100,,22098,40,,,0,106,,22099,40,,,0,35,,22100,40,,,0,73,,22101,40,,,0,92,,22102,40,,,0,32,,22103,40,,,0,75,,22104,40,,,0,91,,22105,40,,,0,100,,22106,40,,,0,100,,22107,40,,,0,100,,22108,40,,,0,100,,22089,40,,,0
24900,'Week-end-01',807,,18970,40,0,5,0,130,,18971,40,0,5,0,170,,18980,40,0,5,0,130,,18972,40,0,5,0,170,,18973,40,0,5,0,130,,18974,40,0,5,0,170,,18975,40,0,5,0,130,,18976,40,0,5,0,170,,18977,40,0,5,0,130,,18978,40,0,5,0,170,,18979,40,0,5,0
25100,'Fête-1-02',808,,22241,40,,,0,100,,22239,40,,,0,100,,22242,40,,,0,100,,22238,40,,,0,100,,22237,40,,,0,100,,22240,40,,,0,100,,22233,40,,,0,100,,22236,40,,,0,100,,22232,40,,,0,100,,22234,40,,,0,100,,22230,40,,,0,100,,22235,40,,,0,100,,22227,40,,,0,100,,22228,40,,,0,100,,22229,40,,,0,100,,22231,40,0,8 27 75,0
25100,'Semaine-02',903,,19243,40,,,0,100,,19242,40,,,0,100,,19251,40,,,0,100,,19247,40,,,0,100,,19250,40,,,0,100,,19245,40,,,0,615,,19248,40,,,0,97,,19246,40,,,0,98,,19244,40,,,0,100,,19249,40,0,8 27 75,0
25100,'Semaine-03',903,,22244,40,,,0,100,,22243,40,,,0,100,,22252,40,,,0,100,,22248,40,,,0,100,,22251,40,,,0,100,,22246,40,,,0,615,,22249,40,,,0,97,,22247,40,,,0,98,,22245,40,,,0,100,,22250,40,0,8 27 75,0
25100,'Week-end-01',808,,19267,40,,,0,100,,19265,40,,,0,100,,19268,40,,,0,100,,19264,40,,,0,100,,19263,40,,,0,100,,19266,40,,,0,100,,19259,40,,,0,100,,19262,40,,,0,100,,19258,40,,,0,100,,19260,40,,,0,100,,19256,40,,,0,100,,19261,40,,,0,100,,19253,40,,,0,100,,19254,40,,,0,100,,19255,40,,,0,100,,19257,40,0,8 27 75,0
