24201,'Fête-1-02',755,,21946,590,,,0,100,,21947,590,,,0,100,,21948,590,,,0,100,,21949,590,,,0,100,,21950,590,,,0,100,,21951,590,,,0,100,,21952,590,,,0,100,,21953,590,,,0,100,,21954,590,,,0,100,,21955,590,,,0,100,,21956,590,,,0,100,,21957,590,,,0,100,,21958,590,,,0,100,,21959,590,,,0,100,,21960,590,,,0,100,,21961,590,,,0
24201,'Semaine-02',646,,18692,590,,,0,75,,18693,590,,,0,35,,18694,590,,,0,79,,18695,590,,,0,76,,18696,590,,,0,38,,18697,590,,,0,103,,18698,590,,,0,100,,18699,590,,,0,100,,18700,590,,,0,100,,18701,590,,,0,100,,18702,590,,,0,107,,18703,590,,,0,88,,18704,590,,,0,82,,18705,590,,,0,90,,18706,590,,,0,32,,18707,590,,,0,68,,18708,590,,,0,83,,18709,590,,,0,100,,18710,590,,,0,100,,18711,590,,,0,100,,18712,590,,,0
24201,'Semaine-03',646,,21962,590,,,0,75,,21963,590,,,0,35,,21964,590,,,0,79,,21965,590,,,0,76,,21966,590,,,0,38,,21967,590,,,0,103,,21968,590,,,0,100,,21969,590,,,0,100,,21970,590,,,0,100,,21971,590,,,0,100,,21972,590,,,0,107,,21973,590,,,0,88,,21974,590,,,0,82,,21975,590,,,0,90,,21976,590,,,0,32,,21977,590,,,0,68,,21978,590,,,0,83,,21979,590,,,0,100,,21980,590,,,0,100,,21981,590,,,0,100,,21982,590,,,0
24201,'Week-end-01',755,,18713,590,,,0,100,,18714,590,,,0,100,,18715,590,,,0,100,,18716,590,,,0,100,,18717,590,,,0,100,,18718,590,,,0,100,,18719,590,,,0,100,,18720,590,,,0,100,,18721,590,,,0,100,,18722,590,,,0,100,,18723,590,,,0,100,,18724,590,,,0,100,,18725,590,,,0,100,,18726,590,,,0,100,,18727,590,,,0,100,,18728,590,,,0
60001,'Fête-1-02',803,,22828,130,,,0,100,,22827,130,,,0,100,,22825,130,,,0,100,,22826,130,,,0,100,,22823,130,,,0,100,,22824,130,,,0,100,,22820,130,,,0,100,,22821,130,,,0,100,,22822,130,,,0,100,,22819,130,,,0,100,,22816,130,,,0,100,,22817,130,,,0,100,,22818,130,,,0,100,,22814,130,,,0,49,,22815,130,,,0,185,,22813,130,,,0
60001,'Semaine-02',723,,20428,130,,,0,32,,20429,130,,,0,100,,20430,130,,,0,100,,20431,130,,,0,98,,20432,130,,,0,170,,20433,130,,,0,100,,20434,130,,,0,30,,20435,130,,,0,100,,20436,130,,,0,100,,20437,130,,,0,100,,20438,130,,,0,70,,20439,130,,,0,30,,20440,130,,,0,100,,20441,130,,,0,100,,20442,130,,,0,100,,20443,130,,,0,100,,20444,130,,,0,100,,20445,130,,,0,100,,20446,130,,,0
60001,'Semaine-03',723,,22829,130,,,0,32,,22830,130,,,0,100,,22831,130,,,0,100,,22832,130,,,0,98,,22833,130,,,0,170,,22834,130,,,0,100,,22835,130,,,0,30,,22836,130,,,0,100,,22837,130,,,0,100,,22838,130,,,0,100,,22839,130,,,0,70,,22840,130,,,0,30,,22841,130,,,0,100,,22842,130,,,0,100,,22843,130,,,0,100,,22844,130,,,0,100,,22845,130,,,0,100,,22846,130,,,0,100,,22847,130,,,0
60001,'Week-end-01',803,,20466,130,,,0,100,,20465,130,,,0,100,,20463,130,,,0,100,,20464,130,,,0,100,,20461,130,,,0,100,,20462,130,,,0,100,,20458,130,,,0,100,,20459,130,,,0,100,,20460,130,,,0,100,,20457,130,,,0,100,,20454,130,,,0,100,,20455,130,,,0,100,,20456,130,,,0,100,,20452,130,,,0,49,,20453,130,,,0,185,,20451,130,,,0
61001,'Fête-1-02',800,,22900,660,,,0,100,,22901,660,,,0,30,,22902,660,,,0,101,,22903,660,,,0,100,,22904,660,,,0,100,,22905,660,,,0,100,,22906,660,,,0,100,,22907,660,,,0,100,,22908,660,,,0,100,,22909,660,,,0,100,,22910,660,,,0,98,,22911,660,,,0,100,,22912,660,,,0,100,,22913,660,,,0,100,,22914,660,,,0,100,,22915,660,,,0,100,,22916,660,,,0
61001,'Semaine-02',607,,20599,660,,,0,30,,20600,660,,,0,102,,20601,660,,,0,96,,20602,660,,,0,98,,20603,660,,,0,100,,20604,660,,,0,99,,20605,660,,,0,100,,20606,660,,,0,100,,20607,660,,,0,100,,20608,660,,,0,102,,20609,660,,,0,105,,20610,660,,,0,102,,20611,660,,,0,98,,20612,660,,,0,91,,20613,660,,,0,100,,20614,660,,,0,100,,20615,660,,,0,100,,20616,660,,,0,100,,20617,660,,,0
61001,'Semaine-03',607,,22917,660,,,0,30,,22918,660,,,0,102,,22919,660,,,0,96,,22920,660,,,0,98,,22921,660,,,0,100,,22922,660,,,0,99,,22923,660,,,0,100,,22924,660,,,0,100,,22925,660,,,0,100,,22926,660,,,0,102,,22927,660,,,0,105,,22928,660,,,0,102,,22929,660,,,0,98,,22930,660,,,0,91,,22931,660,,,0,100,,22932,660,,,0,100,,22933,660,,,0,100,,22934,660,,,0,100,,22935,660,,,0
61001,'Week-end-01',800,,20618,660,,,0,100,,20619,660,,,0,30,,20620,660,,,0,101,,20621,660,,,0,100,,20622,660,,,0,100,,20623,660,,,0,100,,20624,660,,,0,100,,20625,660,,,0,100,,20626,660,,,0,100,,20627,660,,,0,100,,20628,660,,,0,98,,20629,660,,,0,100,,20630,660,,,0,100,,20631,660,,,0,100,,20632,660,,,0,100,,20633,660,,,0,100,,20634,660,,,0
