31000,'Fête-1-01',834,,19819,10,,,0,100,,19820,10,,,0,100,,19821,10,,,0,100,,19822,10,,,0,100,,19823,10,,,0,100,,19824,10,,,0,100,,19825,10,,,0,100,,19826,10,,,0,100,,19827,10,,,0,100,,19828,10,,,0,100,,19829,10,,,0,100,,19830,10,,,0,100,,19831,10,,,0,100,,19832,10,,,0,100,,19833,10,,,0
31000,'Semaine-01',604,,19834,10,,,0,30,,19835,10,,,0,70,,19836,10,,,0,30,,19837,10,,,0,70,,19838,10,,,0,30,,19839,10,,,0,100,,19840,10,,,0,100,,19841,10,,,0,100,,19842,10,,,0,100,,19843,10,,,0,100,,19844,10,,,0,100,,19845,10,,,0,100,,19846,10,,,0,70,,19847,10,,,0,30,,19848,10,,,0,70,,19849,10,,,0,30,,19850,10,,,0,70,,19851,10,,,0,30,,19852,10,,,0,100,,19853,10,,,0,100,,19854,10,,,0,100,,19855,10,,,0,100,,19856,10,,,0
31000,'Semaine-02',604,,19857,10,,,0,30,,19858,10,,,0,70,,19859,10,,,0,30,,19860,10,,,0,70,,19861,10,,,0,30,,19862,10,,,0,100,,19863,10,,,0,100,,19864,10,,,0,100,,19865,10,,,0,100,,19866,10,,,0,100,,19867,10,,,0,100,,19868,10,,,0,100,,19869,10,,,0,70,,19870,10,,,0,30,,19871,10,,,0,70,,19872,10,,,0,30,,19873,10,,,0,70,,19874,10,,,0,30,,19875,10,,,0,100,,19876,10,,,0,100,,19877,10,,,0,100,,19878,10,,,0,100,,19879,10,,,0
31000,'Week-end-01',834,,19880,10,,,0,100,,19881,10,,,0,100,,19882,10,,,0,100,,19883,10,,,0,100,,19884,10,,,0,100,,19885,10,,,0,100,,19886,10,,,0,100,,19887,10,,,0,100,,19888,10,,,0,100,,19889,10,,,0,100,,19890,10,,,0,100,,19891,10,,,0,100,,19892,10,,,0,100,,19893,10,,,0,100,,19894,10,,,0
31001,'Fête-1-01',825,,19895,180,4,,0,100,,19896,180,4,,0,100,,19897,180,4,,0,100,,19898,180,4,,0,101,,19899,180,4,,0,100,,19900,180,4,,0,100,,19901,180,4,,0,100,,19902,180,4,,0,100,,19903,180,4,,0,100,,19904,180,4,,0,100,,19905,180,4,,0,99,,19906,180,4,,0,100,,19907,180,4,,0,100,,19908,180,4,,0,100,,19909,180,4,,0
31001,'Semaine-01',557,,19910,180,4,,0,100,,19911,180,4,,0,70,,19912,180,4,,0,32,,19913,180,4,,0,70,,19914,180,4,,0,98,,19915,180,4,,0,100,,19916,180,4,,0,100,,19917,180,4,,0,100,,19918,180,4,,0,100,,19919,180,4,,0,100,,19920,180,4,,0,101,,19921,180,4,,0,30,,19922,180,4,,0,70,,19923,180,4,,0,30,,19924,180,4,,0,70,,19925,180,4,,0,30,,19926,180,4,,0,70,,19927,180,4,,0,98,,19931,180,4,,0,100,,19928,180,4,,0,99,,19929,180,4,,0,100,,19930,180,4,,0
31001,'Semaine-02',557,,19932,180,4,,0,100,,19933,180,4,,0,70,,19934,180,4,,0,32,,19935,180,4,,0,70,,19936,180,4,,0,98,,19937,180,4,,0,100,,19938,180,4,,0,100,,19939,180,4,,0,100,,19940,180,4,,0,100,,19941,180,4,,0,100,,19942,180,4,,0,101,,19943,180,4,,0,30,,19944,180,4,,0,70,,19945,180,4,,0,30,,19946,180,4,,0,70,,19947,180,4,,0,30,,19948,180,4,,0,70,,19949,180,4,,0,98,,19953,180,4,,0,100,,19950,180,4,,0,99,,19951,180,4,,0,100,,19952,180,4,,0
31001,'Week-end-01',825,,19954,180,4,,0,100,,19955,180,4,,0,100,,19956,180,4,,0,100,,19957,180,4,,0,101,,19958,180,4,,0,100,,19959,180,4,,0,100,,19960,180,4,,0,100,,19961,180,4,,0,100,,19962,180,4,,0,100,,19963,180,4,,0,100,,19964,180,4,,0,99,,19965,180,4,,0,100,,19966,180,4,,0,100,,19967,180,4,,0,100,,19968,180,4,,0
31100,'Fête-1-01',836,,19969,10,,,0,100,,19970,10,,,0,100,,19971,10,,,0,100,,19972,10,,,0,100,,19973,10,,,0,100,,19974,10,,,0,100,,19975,10,,,0,100,,19976,10,,,0,100,,19977,10,,,0,100,,19978,10,,,0,100,,19979,10,,,0,100,,19980,10,,,0,100,,19981,10,,,0,100,,19982,10,,,0,100,,19983,10,,,0
31100,'Semaine-01',606,,19984,10,,,0,30,,19985,10,,,0,70,,19986,10,,,0,30,,19987,10,,,0,70,,19988,10,,,0,30,,19989,10,,,0,100,,19990,10,,,0,100,,19991,10,,,0,100,,19992,10,,,0,100,,19993,10,,,0,100,,19994,10,,,0,100,,19995,10,,,0,100,,19996,10,,,0,70,,19997,10,,,0,30,,19998,10,,,0,70,,19999,10,,,0,30,,20000,10,,,0,70,,20001,10,,,0,30,,20002,10,,,0,100,,20003,10,,,0,100,,20004,10,,,0,100,,20005,10,,,0,100,,20006,10,,,0
31100,'Semaine-02',606,,20007,10,,,0,30,,20008,10,,,0,70,,20009,10,,,0,30,,20010,10,,,0,70,,20011,10,,,0,30,,20012,10,,,0,100,,20013,10,,,0,100,,20014,10,,,0,100,,20015,10,,,0,100,,20016,10,,,0,100,,20017,10,,,0,100,,20018,10,,,0,100,,20019,10,,,0,70,,20020,10,,,0,30,,20021,10,,,0,70,,20022,10,,,0,30,,20023,10,,,0,70,,20024,10,,,0,30,,20025,10,,,0,100,,20026,10,,,0,100,,20027,10,,,0,100,,20028,10,,,0,100,,20029,10,,,0
31100,'Week-end-01',836,,20030,10,,,0,100,,20031,10,,,0,100,,20032,10,,,0,100,,20033,10,,,0,100,,20034,10,,,0,100,,20035,10,,,0,100,,20036,10,,,0,100,,20037,10,,,0,100,,20038,10,,,0,100,,20039,10,,,0,100,,20040,10,,,0,100,,20041,10,,,0,100,,20042,10,,,0,100,,20043,10,,,0,100,,20044,10,,,0
31101,'Fête-1-01',827,,20045,210,4,,0,100,,20046,210,4,,0,100,,20047,210,4,,0,100,,20048,210,4,,0,101,,20049,210,4,,0,100,,20050,210,4,,0,100,,20051,210,4,,0,100,,20052,210,4,,0,100,,20053,210,4,,0,100,,20054,210,4,,0,100,,20055,210,4,,0,99,,20056,210,4,,0,100,,20057,210,4,,0,100,,20058,210,4,,0,100,,20059,210,4,,0
31101,'Semaine-01',558,,20060,210,4,,0,101,,20061,210,4,,0,70,,20062,210,4,,0,72,,20063,210,4,,0,30,,20064,210,4,,0,98,,20065,210,4,,0,100,,20066,210,4,,0,100,,20067,210,4,,0,100,,20068,210,4,,0,100,,20069,210,4,,0,100,,20070,210,4,,0,101,,20071,210,4,,0,70,,20072,210,4,,0,30,,20073,210,4,,0,70,,20074,210,4,,0,30,,20075,210,4,,0,70,,20076,210,4,,0,30,,20077,210,4,,0,98,,20081,210,4,,0,100,,20078,210,4,,0,99,,20079,210,4,,0,100,,20080,210,4,,0
31101,'Semaine-02',558,,20082,210,4,,0,101,,20083,210,4,,0,70,,20084,210,4,,0,72,,20085,210,4,,0,30,,20086,210,4,,0,98,,20087,210,4,,0,100,,20088,210,4,,0,100,,20089,210,4,,0,100,,20090,210,4,,0,100,,20091,210,4,,0,100,,20092,210,4,,0,101,,20093,210,4,,0,70,,20094,210,4,,0,30,,20095,210,4,,0,70,,20096,210,4,,0,30,,20097,210,4,,0,70,,20098,210,4,,0,30,,20099,210,4,,0,98,,20103,210,4,,0,100,,20100,210,4,,0,99,,20101,210,4,,0,100,,20102,210,4,,0
31101,'Week-end-01',827,,20104,210,4,,0,100,,20105,210,4,,0,100,,20106,210,4,,0,100,,20107,210,4,,0,101,,20108,210,4,,0,100,,20109,210,4,,0,100,,20110,210,4,,0,100,,20111,210,4,,0,100,,20112,210,4,,0,100,,20113,210,4,,0,100,,20114,210,4,,0,99,,20115,210,4,,0,100,,20116,210,4,,0,100,,20117,210,4,,0,100,,20118,210,4,,0
