22001,'LA-H26-LA_GTFS-Fête-1-01',756,,8,,,0,200,,5,,,0,200,,3,,,0,200,,4,,,0,200,,2,,,0,200,,7,,,0,200,,6,,,0,200,,1,0,8 20 1 21 19,0
22001,'LA-H26-LA_GTFS-Fête-1-02',756,,16,,,0,200,,13,,,0,200,,11,,,0,200,,12,,,0,200,,10,,,0,200,,15,,,0,200,,14,,,0,200,,9,0,8 20 1 21 19,0
22001,'LA-H26-LA_GTFS-Fête-2-02',557,,19,,,0,70,,20,,,0,31,,21,,,0,70,,22,,,0,31,,23,,,0,69,,24,,,0,100,,25,,,0,100,,26,,,0,100,,27,,,0,100,,28,,,0,100,,29,,,0,100,,30,,,0,100,,31,,,0,101,,32,,,0,30,,33,,,0,71,,34,,,0,70,,35,,,0,29,,36,,,0,28,,37,,,0,70,,38,,,0,100,,39,,,0,99,,40,,,0,100,,41,,,0,100,,42,0,8 20 1 21 19,0
22001,'LA-H26-LA_GTFS-Semaine-01',557,,45,,,0,70,,46,,,0,31,,47,,,0,70,,48,,,0,31,,49,,,0,69,,50,,,0,100,,51,,,0,100,,52,,,0,100,,53,,,0,100,,54,,,0,100,,55,,,0,100,,56,,,0,100,,57,,,0,101,,58,,,0,30,,59,,,0,71,,60,,,0,70,,61,,,0,29,,62,,,0,28,,63,,,0,70,,64,,,0,100,,65,,,0,99,,66,,,0,100,,67,,,0,100,,68,0,8 20 1 21 19,0
22001,'LA-H26-LA_GTFS-Semaine-50',557,,71,,,0,70,,72,,,0,31,,73,,,0,70,,74,,,0,31,,75,,,0,69,,76,,,0,100,,77,,,0,100,,78,,,0,100,,79,,,0,100,,80,,,0,100,,81,,,0,100,,82,,,0,100,,83,,,0,101,,84,,,0,30,,85,,,0,71,,86,,,0,70,,87,,,0,29,,88,,,0,28,,89,,,0,70,,90,,,0,100,,91,,,0,99,,92,,,0,100,,93,,,0,100,,94,0,8 20 1 21 19,0
22001,'LA-H26-LA_GTFS-Week-end-01',756,,102,,,0,200,,99,,,0,200,,97,,,0,200,,98,,,0,200,,96,,,0,200,,101,,,0,200,,100,,,0,200,,95,0,8 20 1 21 19,0
22001,'LA-H26-LA_GTFS-Week-end-50',756,,110,,,0,200,,107,,,0,200,,105,,,0,200,,106,,,0,200,,104,,,0,200,,109,,,0,200,,108,,,0,200,,103,0,8 20 1 21 19,0
22100,'LA-H26-LA_GTFS-Fête-1-01',856,,111,,,0,200,,115,,,0,200,,116,,,0,200,,117,,,0,200,,112,,,0,200,,114,,,0,200,,113,,,0
22100,'LA-H26-LA_GTFS-Fête-1-02',856,,118,,,0,200,,122,,,0,200,,123,,,0,200,,124,,,0,200,,119,,,0,200,,121,,,0,200,,120,,,0
22100,'LA-H26-LA_GTFS-Fête-2-02',612,,128,,,0,30,,125,,,0,71,,129,,,0,30,,130,,,0,70,,131,,,0,45,,132,,,0,100,,133,,,0,100,,134,,,0,100,,135,,,0,100,,136,,,0,100,,137,,,0,100,,138,,,0,100,,139,,,0,85,,140,,,0,70,,141,,,0,30,,142,,,0,71,,143,,,0,28,,144,,,0,70,,145,,,0,45,,146,,,0,99,,147,,,0,100,,148,,,0
22100,'LA-H26-LA_GTFS-Semaine-01',612,,152,,,0,30,,149,,,0,71,,153,,,0,30,,154,,,0,70,,155,,,0,45,,156,,,0,100,,157,,,0,100,,158,,,0,100,,159,,,0,100,,160,,,0,100,,161,,,0,100,,162,,,0,100,,163,,,0,85,,164,,,0,70,,165,,,0,30,,166,,,0,71,,167,,,0,28,,168,,,0,70,,169,,,0,45,,170,,,0,99,,171,,,0,100,,172,,,0
22100,'LA-H26-LA_GTFS-Semaine-50',612,,176,,,0,30,,173,,,0,71,,177,,,0,30,,178,,,0,70,,179,,,0,45,,180,,,0,100,,181,,,0,100,,182,,,0,100,,183,,,0,100,,184,,,0,100,,185,,,0,100,,186,,,0,100,,187,,,0,85,,188,,,0,70,,189,,,0,30,,190,,,0,71,,191,,,0,28,,192,,,0,70,,193,,,0,45,,194,,,0,99,,195,,,0,100,,196,,,0
22100,'LA-H26-LA_GTFS-Week-end-01',856,,197,,,0,200,,201,,,0,200,,202,,,0,200,,203,,,0,200,,198,,,0,200,,200,,,0,200,,199,,,0
22100,'LA-H26-LA_GTFS-Week-end-50',856,,204,,,0,200,,208,,,0,200,,209,,,0,200,,210,,,0,200,,205,,,0,200,,207,,,0,200,,206,,,0
