40400,'Fête-1-02',810,,5227,,,0,100,,5234,,,0,100,,5228,,,0,100,,5235,,,0,101,,5229,,,0,99,,5236,,,0,100,,5230,,,0,102,,5239,,,0,100,,5231,,,0,99,,5237,,,0,99,,5232,,,0,100,,5240,,,0,100,,5233,,,0,100,,5238,,,0
40400,'Fête-2-02',1654,,5277,4,,0,81,,5244,4,,0,68,,5281,4,,0,22,,5246,4,,0,30,,5286,4,,0,61,,5248,4,,0
40400,'Semaine-50',1654,,5325,4,,0,81,,5292,4,,0,68,,5329,4,,0,22,,5294,4,,0,30,,5334,4,,0,61,,5296,4,,0
40400,'Week-end-50',810,,5346,,,0,100,,5353,,,0,100,,5347,,,0,100,,5354,,,0,101,,5348,,,0,99,,5355,,,0,100,,5349,,,0,102,,5358,,,0,100,,5350,,,0,99,,5356,,,0,99,,5351,,,0,100,,5359,,,0,100,,5352,,,0,100,,5357,,,0
60000,'Fête-1-01',654,,5813,,,0,100,,5812,,,0,100,,5811,,,0,100,,5810,,,0,100,,5809,,,0,100,,5808,,,0,100,,5807,,,0,100,,5806,,,0,100,,5805,,,0,100,,5804,,,0,100,,5803,,,0,100,,5802,,,0,100,,5801,,,0,100,,5800,,,0,100,,5799,,,0,100,,5797,,,0,88,,5798,,,0
60000,'Fête-1-02',654,,5830,,,0,100,,5829,,,0,100,,5828,,,0,100,,5827,,,0,100,,5826,,,0,100,,5825,,,0,100,,5824,,,0,100,,5823,,,0,100,,5822,,,0,100,,5821,,,0,100,,5820,,,0,100,,5819,,,0,100,,5818,,,0,100,,5817,,,0,100,,5816,,,0,100,,5814,,,0,88,,5815,,,0
60000,'Fête-2-02',535,,5836,,,0,89,,5838,,,0,30,,5840,,,0,70,,5842,,,0,30,,5844,,,0,70,,5846,,,0,30,,5847,,,0,100,,5848,,,0,100,,5849,,,0,100,,5850,,,0,100,,5851,,,0,100,,5852,,,0,100,,5853,,,0,100,,5835,,,0,70,,5834,,,0,30,,5833,,,0,70,,5831,,,0,30,,5832,,,0,100,,5845,,,0,100,,5843,,,0,100,,5841,,,0,96,,5839,,,0,104,,5837,,,0
60000,'Semaine-01',535,,5860,,,0,19,,5861,,,0,70,,5863,,,0,30,,5865,,,0,70,,5867,,,0,30,,5869,,,0,70,,5871,,,0,30,,5872,,,0,100,,5873,,,0,100,,5874,,,0,100,,5875,,,0,70,,5876,,,0,30,,5877,,,0,70,,5878,,,0,100,,5879,,,0,30,,5880,,,0,70,,5859,,,0,30,,5858,,,0,70,,5857,,,0,30,,5856,,,0,70,,5854,,,0,30,,5855,,,0,100,,5870,,,0,100,,5868,,,0,100,,5866,,,0,96,,5864,,,0,104,,5862,,,0
60000,'Semaine-50',535,,5887,,,0,19,,5888,,,0,70,,5890,,,0,30,,5892,,,0,70,,5894,,,0,30,,5896,,,0,70,,5898,,,0,30,,5899,,,0,100,,5900,,,0,100,,5901,,,0,100,,5902,,,0,70,,5903,,,0,30,,5904,,,0,70,,5905,,,0,100,,5906,,,0,30,,5907,,,0,70,,5886,,,0,30,,5885,,,0,70,,5884,,,0,30,,5883,,,0,70,,5881,,,0,30,,5882,,,0,100,,5897,,,0,100,,5895,,,0,100,,5893,,,0,96,,5891,,,0,104,,5889,,,0
60000,'Week-end-01',654,,5924,,,0,100,,5923,,,0,100,,5922,,,0,100,,5921,,,0,100,,5920,,,0,100,,5919,,,0,100,,5918,,,0,100,,5917,,,0,100,,5916,,,0,100,,5915,,,0,100,,5914,,,0,100,,5913,,,0,100,,5912,,,0,100,,5911,,,0,100,,5910,,,0,100,,5908,,,0,88,,5909,,,0
60000,'Week-end-50',654,,5941,,,0,100,,5940,,,0,100,,5939,,,0,100,,5938,,,0,100,,5937,,,0,100,,5936,,,0,100,,5935,,,0,100,,5934,,,0,100,,5933,,,0,100,,5932,,,0,100,,5931,,,0,100,,5930,,,0,100,,5929,,,0,100,,5928,,,0,100,,5927,,,0,100,,5925,,,0,88,,5926,,,0
90401,'Semaine-50',448,,7529,,,0,70,,7513,,,0,35,,7514,,,0,70,,7515,,,0,30,,7516,,,0,70,,7517,,,0,30,,7518,,,0,70,,7519,,,0,35,,7520,,,0,80,,7521,,,0,85,,7542,,,0,85,,7530,,,0,44,,7522,,,0,68,,7531,,,0,28,,7523,,,0,100,,7512,,,0,106,,7532,,,0,69,,7524,,,0,86,,7525,,,0,30,,7533,,,0,76,,7526,,,0,29,,7534,,,0,69,,7535,,,0,29,,7536,,,0,70,,7541,,,0,32,,7537,,,0,70,,7527,,,0,30,,7538,,,0,70,,7528,,,0,30,,7546,,,0,70,,7543,,,0,32,,7545,,,0,69,,7539,,,0,28,,7544,,,0,72,,7540,,,0
2000090401,'Fête-1-02',2216,,7565,4,,0,31,,7566,4,,0,70,,7567,4,,0,30,,7568,4,,0,70,,7569,4,,0,30,,7570,4,,0,70,,7571,4,,0,30,,7572,4,,0,70,,7573,4,,0
2000090401,'Semaine-50',1619,,7584,4,,0,10,,7576,4,,0,20,,7581,4,,0,56,,7577,4,,0,20,,7582,4,,0,10,,7585,4,,0,19,,7575,4,,0,50,,7574,4,,0,19,,7580,4,,0,10,,7578,4,,0,19,,7583,4,,0,50,,7579,4,,0,545,,7586,4,,0,70,,7587,4,,0,30,,7588,4,,0,70,,7589,4,,0
2000090401,'Week-end-50',2216,,7590,4,,0,31,,7591,4,,0,70,,7592,4,,0,30,,7593,4,,0,70,,7594,4,,0,30,,7595,4,,0,70,,7596,4,,0,30,,7597,4,,0,70,,7598,4,,0
