23400,'LA-H26-LA_GTFS-Fête-1-01',802,,1351,,,0,198,,1349,,,0,200,,1347,,,0,200,,1344,,,0,200,,1346,,,0,200,,1345,,,0,200,,1350,,,0,200,,1348,,,0
23400,'LA-H26-LA_GTFS-Fête-1-02',802,,1359,,,0,198,,1357,,,0,200,,1355,,,0,200,,1352,,,0,200,,1354,,,0,200,,1353,,,0,200,,1358,,,0,200,,1356,,,0
23400,'LA-H26-LA_GTFS-Fête-2-02',535,,1371,,,0,66,,1370,,,0,100,,1360,,,0,104,,1373,,,0,99,,1361,,,0,102,,1362,,,0,200,,1363,,,0,200,,1364,,,0,203,,1365,,,0,105,,1366,,,0,105,,1367,,,0,92,,1372,,,0,97,,1368,,,0,198,,1369,,,0
23400,'LA-H26-LA_GTFS-Semaine-01',535,,1385,,,0,66,,1384,,,0,100,,1374,,,0,104,,1387,,,0,99,,1375,,,0,102,,1376,,,0,200,,1377,,,0,200,,1378,,,0,203,,1379,,,0,107,,1380,,,0,103,,1381,,,0,92,,1386,,,0,97,,1382,,,0,198,,1383,,,0
23400,'LA-H26-LA_GTFS-Semaine-50',535,,1399,,,0,66,,1398,,,0,100,,1388,,,0,104,,1401,,,0,99,,1389,,,0,102,,1390,,,0,200,,1391,,,0,200,,1392,,,0,203,,1393,,,0,107,,1394,,,0,103,,1395,,,0,92,,1400,,,0,97,,1396,,,0,198,,1397,,,0
23400,'LA-H26-LA_GTFS-Week-end-01',802,,1409,,,0,198,,1407,,,0,200,,1405,,,0,200,,1402,,,0,200,,1404,,,0,200,,1403,,,0,200,,1408,,,0,200,,1406,,,0
23400,'LA-H26-LA_GTFS-Week-end-50',802,,1417,,,0,198,,1415,,,0,200,,1413,,,0,200,,1410,,,0,200,,1412,,,0,200,,1411,,,0,200,,1416,,,0,200,,1414,,,0
30301,'LA-H26-LA_GTFS-Fête-1-01',800,,3773,0,49 13,0,100,,3774,0,49 13,0,100,,3775,0,49 13,0,100,,3776,0,49 13,0,101,,3777,0,49 13,0,100,,3778,0,49 13,0,100,,3779,0,49 13,0,100,,3780,0,49 13,0,100,,3781,0,49 13,0,100,,3782,0,49 13,0,100,,3783,0,49 13,0,99,,3784,0,49 13,0,100,,3785,0,49 13,0,100,,3786,0,49 13,0,100,,3787,0,49 13,0
30301,'LA-H26-LA_GTFS-Fête-1-02',800,,3788,0,49 13,0,100,,3789,0,49 13,0,100,,3790,0,49 13,0,100,,3791,0,49 13,0,101,,3792,0,49 13,0,100,,3793,0,49 13,0,100,,3794,0,49 13,0,100,,3795,0,49 13,0,100,,3796,0,49 13,0,100,,3797,0,49 13,0,100,,3798,0,49 13,0,99,,3799,0,49 13,0,100,,3800,0,49 13,0,100,,3801,0,49 13,0,100,,3802,0,49 13,0
30301,'LA-H26-LA_GTFS-Fête-2-02',537,,3816,,,0,100,,3817,,,0,70,,3818,,,0,32,,3819,,,0,70,,3820,,,0,98,,3822,,,0,100,,3823,,,0,100,,3821,,,0,100,,3814,,,0,100,,3815,,,0,100,,3813,,,0,101,,3809,,,0,30,,3824,,,0,70,,3808,,,0,30,,3803,,,0,70,,3804,,,0,30,,3805,,,0,70,,3810,,,0,98,,3811,,,0,100,,3812,,,0,99,,3806,,,0,100,,3807,,,0
30301,'LA-H26-LA_GTFS-Semaine-01',537,,3838,,,0,100,,3839,,,0,70,,3840,,,0,32,,3841,,,0,70,,3842,,,0,98,,3844,,,0,100,,3845,,,0,100,,3843,,,0,100,,3836,,,0,100,,3837,,,0,100,,3835,,,0,101,,3831,,,0,30,,3846,,,0,70,,3830,,,0,30,,3825,,,0,70,,3826,,,0,30,,3827,,,0,70,,3832,,,0,98,,3833,,,0,100,,3834,,,0,99,,3828,,,0,100,,3829,,,0
30301,'LA-H26-LA_GTFS-Semaine-50',537,,3860,,,0,100,,3861,,,0,70,,3862,,,0,32,,3863,,,0,70,,3864,,,0,98,,3866,,,0,100,,3867,,,0,100,,3865,,,0,100,,3858,,,0,100,,3859,,,0,100,,3857,,,0,101,,3853,,,0,30,,3868,,,0,70,,3852,,,0,30,,3847,,,0,70,,3848,,,0,30,,3849,,,0,70,,3854,,,0,98,,3855,,,0,100,,3856,,,0,99,,3850,,,0,100,,3851,,,0
30301,'LA-H26-LA_GTFS-Week-end-01',800,,3869,0,49 13,0,100,,3870,0,49 13,0,100,,3871,0,49 13,0,100,,3872,0,49 13,0,101,,3873,0,49 13,0,100,,3874,0,49 13,0,100,,3875,0,49 13,0,100,,3876,0,49 13,0,100,,3877,0,49 13,0,100,,3878,0,49 13,0,100,,3879,0,49 13,0,99,,3880,0,49 13,0,100,,3881,0,49 13,0,100,,3882,0,49 13,0,100,,3883,0,49 13,0
30301,'LA-H26-LA_GTFS-Week-end-50',800,,3884,0,49 13,0,100,,3885,0,49 13,0,100,,3886,0,49 13,0,100,,3887,0,49 13,0,101,,3888,0,49 13,0,100,,3889,0,49 13,0,100,,3890,0,49 13,0,100,,3891,0,49 13,0,100,,3892,0,49 13,0,100,,3893,0,49 13,0,100,,3894,0,49 13,0,99,,3895,0,49 13,0,100,,3896,0,49 13,0,100,,3897,0,49 13,0,100,,3898,0,49 13,0
