24700,'LA-H26-LA_GTFS-Fête-1-01',844,,2585,4,,0,170,,2579,4,,0,130,,2581,4,,0,170,,2586,4,,0,130,,2587,4,,0,170,,2582,4,,0,130,,2580,4,,0,170,,2583,4,,0,130,,2584,4,,0
24700,'LA-H26-LA_GTFS-Fête-1-02',844,,2594,4,,0,170,,2588,4,,0,130,,2590,4,,0,170,,2595,4,,0,130,,2596,4,,0,170,,2591,4,,0,130,,2589,4,,0,170,,2592,4,,0,130,,2593,4,,0
24700,'LA-H26-LA_GTFS-Fête-2-02',718,,2602,4,,0,82,,2603,4,,0,103,,2604,4,,0,142,,2610,4,,0,170,,2611,4,,0,130,,2608,4,,0,170,,2609,4,,0,31,,2597,4,,0,156,,2598,4,,0,52,,2599,4,,0,147,,2600,4,,0,29,,2601,4,,0,121,,2605,4,,0,169,,2606,4,,0,130,,2607,4,,0
24700,'LA-H26-LA_GTFS-Semaine-01',718,,2620,4,,0,82,,2621,4,,0,103,,2622,4,,0,142,,2628,4,,0,170,,2629,4,,0,130,,2626,4,,0,170,,2627,4,,0,31,,2612,4,,0,156,,2613,4,,0,28,,2614,4,,0,24,,2615,4,,0,87,,2616,4,,0,60,,2617,4,,0,29,,2618,4,,0,99,,2619,4,,0,22,,2623,4,,0,169,,2624,4,,0,130,,2625,4,,0
24700,'LA-H26-LA_GTFS-Semaine-50',718,,2638,4,,0,82,,2639,4,,0,103,,2640,4,,0,142,,2646,4,,0,170,,2647,4,,0,130,,2644,4,,0,170,,2645,4,,0,31,,2630,4,,0,156,,2631,4,,0,28,,2632,4,,0,24,,2633,4,,0,87,,2634,4,,0,60,,2635,4,,0,29,,2636,4,,0,99,,2637,4,,0,22,,2641,4,,0,169,,2642,4,,0,130,,2643,4,,0
24700,'LA-H26-LA_GTFS-Week-end-01',844,,2654,4,,0,170,,2648,4,,0,130,,2650,4,,0,170,,2655,4,,0,130,,2656,4,,0,170,,2651,4,,0,130,,2649,4,,0,170,,2652,4,,0,130,,2653,4,,0
24700,'LA-H26-LA_GTFS-Week-end-50',844,,2663,4,,0,170,,2657,4,,0,130,,2659,4,,0,170,,2664,4,,0,130,,2665,4,,0,170,,2660,4,,0,130,,2658,4,,0,170,,2661,4,,0,130,,2662,4,,0
24701,'LA-H26-LA_GTFS-Fête-1-01',720,,2666,,,0,130,,2667,,,0,170,,2668,,,0,130,,2669,,,0,170,,2670,,,0,130,,2671,,,0,170,,2672,,,0,130,,2673,,,0,170,,2674,,,0
24701,'LA-H26-LA_GTFS-Fête-1-02',720,,2675,,,0,130,,2676,,,0,170,,2677,,,0,130,,2678,,,0,170,,2679,,,0,130,,2680,,,0,170,,2681,,,0,130,,2682,,,0,170,,2683,,,0
24701,'LA-H26-LA_GTFS-Fête-2-02',514,,2688,,,0,30,,2689,,,0,162,,2690,,,0,20,,2691,,,0,82,,2692,,,0,111,,2693,,,0,131,,2694,,,0,170,,2695,,,0,130,,2696,,,0,178,,2697,,,0,24,,2698,,,0,156,,2684,,,0,32,,2699,,,0,187,,2685,,,0,129,,2686,,,0,169,,2687,,,0
24701,'LA-H26-LA_GTFS-Semaine-01',514,,2705,,,0,30,,2706,,,0,82,,2707,,,0,80,,2708,,,0,20,,2709,,,0,82,,2710,,,0,111,,2711,,,0,131,,2712,,,0,170,,2713,,,0,130,,2714,,,0,178,,2715,,,0,24,,2716,,,0,156,,2700,,,0,32,,2717,,,0,19,,2701,,,0,168,,2702,,,0,129,,2703,,,0,169,,2704,,,0
24701,'LA-H26-LA_GTFS-Semaine-50',514,,2723,,,0,30,,2724,,,0,82,,2725,,,0,80,,2726,,,0,20,,2727,,,0,82,,2728,,,0,111,,2729,,,0,131,,2730,,,0,170,,2731,,,0,130,,2732,,,0,178,,2733,,,0,24,,2734,,,0,156,,2718,,,0,32,,2735,,,0,19,,2719,,,0,168,,2720,,,0,129,,2721,,,0,169,,2722,,,0
24701,'LA-H26-LA_GTFS-Week-end-01',720,,2736,,,0,130,,2737,,,0,170,,2738,,,0,130,,2739,,,0,170,,2740,,,0,130,,2741,,,0,170,,2742,,,0,130,,2743,,,0,170,,2744,,,0
24701,'LA-H26-LA_GTFS-Week-end-50',720,,2745,,,0,130,,2746,,,0,170,,2747,,,0,130,,2748,,,0,170,,2749,,,0,130,,2750,,,0,170,,2751,,,0,130,,2752,,,0,170,,2753,,,0
