22001,'Semaine-03',538,,15158,430,0,6 7,0,70,,15159,430,0,6 7,0,27,,15160,760,,,0,70,,15161,760,,,0,31,,15162,760,,,0,71,,15163,760,,,0,31,,15164,760,,,0,69,,15165,760,,,0,99,,15166,760,,,0,100,,15167,760,,,0,100,,15168,760,,,0,100,,15169,760,,,0,100,,15170,760,,,0,101,,15171,760,,,0,100,,15172,760,,,0,102,,15173,760,,,0,30,,15174,760,,,0,70,,15175,760,,,0,30,,15176,760,,,0,68,,15177,760,,,0,27,,15178,760,,,0,70,,15179,760,,,0,100,,15180,760,,,0,99,,15181,760,,,0,100,,15182,760,,,0
22001,'Semaine-53',538,,11758,430,0,6 7,0,70,,11759,430,0,6 7,0,27,,11760,760,,,0,70,,11761,760,,,0,31,,11762,760,,,0,71,,11763,760,,,0,31,,11764,760,,,0,69,,11765,760,,,0,99,,11766,760,,,0,100,,11767,760,,,0,100,,11768,760,,,0,100,,11769,760,,,0,100,,11770,760,,,0,101,,11771,760,,,0,100,,11772,760,,,0,102,,11773,760,,,0,30,,11774,760,,,0,70,,11775,760,,,0,30,,11776,760,,,0,68,,11777,760,,,0,27,,11778,760,,,0,70,,11779,760,,,0,100,,11780,760,,,0,99,,11781,760,,,0,100,,11782,760,,,0
22001,'Week-end-03',829,,15191,760,,,0,200,,15188,760,,,0,199,,15186,760,,,0,200,,15187,760,,,0,200,,15185,760,,,0,201,,15190,760,,,0,200,,15189,760,,,0
22001,'Week-end-53',829,,11791,760,,,0,200,,11788,760,,,0,199,,11786,760,,,0,200,,11787,760,,,0,200,,11785,760,,,0,201,,11790,760,,,0,200,,11789,760,,,0
22100,'Semaine-03',552,,15193,380,0,6 7,0,70,,15194,380,0,6 7,0,31,,15195,760,,,0,70,,15192,760,,,0,31,,15196,760,,,0,70,,15197,760,,,0,30,,15198,760,,,0,85,,15199,760,,,0,100,,15200,760,,,0,100,,15201,760,,,0,100,,15202,760,,,0,100,,15203,760,,,0,100,,15204,760,,,0,100,,15205,760,,,0,100,,15206,760,,,0,85,,15207,760,,,0,30,,15208,760,,,0,70,,15209,760,,,0,30,,15210,760,,,0,67,,15211,760,,,0,30,,15212,760,,,0,85,,15213,760,,,0,99,,15214,760,,,0,100,,15215,760,,,0
22100,'Semaine-53',552,,11800,380,0,6 7,0,70,,11801,380,0,6 7,0,31,,11802,760,,,0,70,,11799,760,,,0,31,,11803,760,,,0,70,,11804,760,,,0,30,,11805,760,,,0,85,,11806,760,,,0,100,,11807,760,,,0,100,,11808,760,,,0,100,,11809,760,,,0,100,,11810,760,,,0,100,,11811,760,,,0,100,,11812,760,,,0,100,,11813,760,,,0,85,,11814,760,,,0,30,,11815,760,,,0,70,,11816,760,,,0,30,,11817,760,,,0,67,,11818,760,,,0,30,,11819,760,,,0,85,,11820,760,,,0,99,,11821,760,,,0,100,,11822,760,,,0
22100,'Week-end-03',929,,15216,760,,,0,200,,15220,760,,,0,200,,15221,760,,,0,200,,15222,760,,,0,200,,15217,760,,,0,200,,15219,760,,,0,200,,15218,760,,,0
22100,'Week-end-53',929,,11823,760,,,0,200,,11827,760,,,0,200,,11828,760,,,0,200,,11829,760,,,0,200,,11824,760,,,0,200,,11826,760,,,0,200,,11825,760,,,0
22201,'Semaine-03',606,,15243,480,0,6 7,0,23,,15240,970,,,0,80,,15223,970,,,0,30,,15241,970,,,0,82,,15224,970,,,0,80,,15225,970,,,0,108,,15226,970,,,0,100,,15227,970,,,0,100,,15228,970,,,0,100,,15229,970,,,0,100,,15230,970,,,0,100,,15231,970,,,0,100,,15232,970,,,0,102,,15233,970,,,0,40,,15242,970,,,0,75,,15234,970,,,0,80,,15235,970,,,0,103,,15236,970,,,0,100,,15237,970,,,0,100,,15238,970,,,0
22201,'Semaine-53',606,,11865,480,0,6 7,0,23,,11862,970,,,0,80,,11845,970,,,0,30,,11863,970,,,0,82,,11846,970,,,0,80,,11847,970,,,0,108,,11848,970,,,0,100,,11849,970,,,0,100,,11850,970,,,0,100,,11851,970,,,0,100,,11852,970,,,0,100,,11853,970,,,0,100,,11854,970,,,0,102,,11855,970,,,0,40,,11864,970,,,0,75,,11856,970,,,0,80,,11857,970,,,0,103,,11858,970,,,0,100,,11859,970,,,0,100,,11860,970,,,0
22201,'Week-end-03',839,,15258,970,,,0,100,,15246,970,,,0,100,,15245,970,,,0,100,,15244,970,,,0,100,,15247,970,,,0,100,,15248,970,,,0,100,,15249,970,,,0,100,,15250,970,,,0,100,,15251,970,,,0,100,,15252,970,,,0,100,,15253,970,,,0,100,,15254,970,,,0,100,,15255,970,,,0,100,,15256,970,,,0
22201,'Week-end-53',838,,11880,970,,,0,100,,11868,970,,,0,100,,11867,970,,,0,100,,11866,970,,,0,100,,11869,970,,,0,100,,11870,970,,,0,100,,11871,970,,,0,100,,11872,970,,,0,100,,11873,970,,,0,100,,11874,970,,,0,100,,11875,970,,,0,100,,11876,970,,,0,100,,11877,970,,,0,100,,11878,970,,,0
