23000,'Fête-1-01',839,,17741,70,,,0,100,,17742,70,,,0,101,,17746,70,,,0,100,,17747,70,,,0,100,,17748,70,,,0,100,,17749,70,,,0,100,,17750,70,,,0,100,,17752,70,,,0,100,,17740,70,,,0,99,,17739,70,,,0,100,,17751,70,,,0,100,,17745,70,,,0,100,,17744,70,,,0,100,,17743,70,,,0,100,,17753,70,,,0
23000,'Semaine-01',610,,17758,70,,,0,30,,17759,70,,,0,71,,17760,70,,,0,30,,17761,70,,,0,70,,17762,70,,,0,29,,17763,70,,,0,100,,17764,70,,,0,105,,17769,70,,,0,105,,17770,70,,,0,150,,17771,70,,,0,116,,17772,70,,,0,115,,17773,70,,,0,75,,17756,70,,,0,39,,17755,70,,,0,80,,17754,70,0,8 27 75,0,30,,17757,70,,,0,70,,17774,70,,,0,30,,17768,70,,,0,100,,17767,70,,,0,100,,17766,70,,,0,100,,17765,70,,,0
23000,'Semaine-02',610,,17779,70,,,0,30,,17780,70,,,0,71,,17781,70,,,0,30,,17782,70,,,0,70,,17783,70,,,0,29,,17784,70,,,0,100,,17785,70,,,0,105,,17790,70,,,0,105,,17791,70,,,0,150,,17792,70,,,0,116,,17793,70,,,0,115,,17794,70,,,0,75,,17777,70,,,0,39,,17776,70,,,0,80,,17775,70,0,8 27 75,0,30,,17778,70,,,0,70,,17795,70,,,0,30,,17789,70,,,0,100,,17788,70,,,0,100,,17787,70,,,0,100,,17786,70,,,0
23000,'Week-end-01',839,,17798,70,,,0,100,,17799,70,,,0,101,,17803,70,,,0,100,,17804,70,,,0,100,,17805,70,,,0,100,,17806,70,,,0,100,,17807,70,,,0,100,,17809,70,,,0,100,,17797,70,,,0,99,,17796,70,,,0,100,,17808,70,,,0,100,,17802,70,,,0,100,,17801,70,,,0,100,,17800,70,,,0,100,,17810,70,,,0
23101,'Fête-1-01',915,,17892,490,,,0,100,,17891,490,,,0,100,,17893,490,,,0,100,,17889,490,,,0,100,,17894,490,,,0,100,,17888,490,,,0,100,,17895,490,,,0,100,,17887,490,,,0,100,,17896,490,,,0,100,,17890,490,,,0,100,,17897,490,,,0,100,,17886,490,,,0,100,,17898,490,,,0,100,,17885,490,,,0
23101,'Semaine-01',651,,17900,490,,,0,64,,17901,490,,,0,37,,17902,490,,,0,67,,17903,490,,,0,33,,17904,490,,,0,93,,17905,490,,,0,100,,17906,490,,,0,100,,17907,490,,,0,99,,17908,490,,,0,100,,17909,490,,,0,101,,17910,490,,,0,103,,17911,490,,,0,88,,17912,490,,,0,72,,17913,490,,,0,25,,17914,490,,,0,67,,17915,490,,,0,31,,17916,490,,,0,27,,17917,490,,,0,84,,17918,490,,,0,100,,17919,490,,,0,102,,17920,490,,,0,99,,17921,490,,,0
23101,'Semaine-02',651,,17923,490,,,0,64,,17924,490,,,0,37,,17925,490,,,0,67,,17926,490,,,0,33,,17927,490,,,0,93,,17928,490,,,0,100,,17929,490,,,0,100,,17930,490,,,0,99,,17931,490,,,0,100,,17932,490,,,0,101,,17933,490,,,0,103,,17934,490,,,0,88,,17935,490,,,0,72,,17936,490,,,0,25,,17937,490,,,0,67,,17938,490,,,0,31,,17939,490,,,0,27,,17940,490,,,0,84,,17941,490,,,0,100,,17942,490,,,0,102,,17943,490,,,0,99,,17944,490,,,0
23101,'Week-end-01',915,,17953,490,,,0,100,,17952,490,,,0,100,,17954,490,,,0,100,,17950,490,,,0,100,,17955,490,,,0,100,,17949,490,,,0,100,,17956,490,,,0,100,,17948,490,,,0,100,,17957,490,,,0,100,,17951,490,,,0,100,,17958,490,,,0,100,,17947,490,,,0,100,,17959,490,,,0,100,,17946,490,,,0
23801,'Fête-1-01',826,,18420,210,,,0,93,,18413,310,,,0,103,,18416,310,,,0,100,,18417,310,,,0,100,,18410,310,,,0,100,,18418,310,,,0,100,,18408,310,,,0,100,,18407,310,,,0,100,,18406,310,,,0,100,,18405,310,,,0,100,,18412,310,,,0,98,,18411,310,,,0,100,,18414,310,,,0,98,,18415,310,,,0,99,,18409,310,,,0
23801,'Semaine-01',552,,18435,210,0,31 13,0,64,,18436,210,0,31 13,0,38,,18437,310,,,0,62,,18438,310,,,0,42,,18439,310,,,0,62,,18440,310,,,0,99,,18441,310,,,0,105,,18421,310,,,0,100,,18422,310,,,0,100,,18423,310,,,0,100,,18424,310,,,0,100,,18425,310,,,0,100,,18426,310,,,0,100,,18427,310,,,0,81,,18428,310,,,0,32,,18429,310,,,0,74,,18443,310,,,0,31,,18430,310,,,0,75,,18442,310,,,0,106,,18431,310,,,0,100,,18434,310,,,0,100,,18433,310,,,0
23801,'Semaine-02',552,,18459,210,0,31 13,0,64,,18460,210,0,31 13,0,38,,18461,310,,,0,62,,18462,310,,,0,42,,18463,310,,,0,62,,18464,310,,,0,99,,18465,310,,,0,105,,18445,310,,,0,100,,18446,310,,,0,100,,18447,310,,,0,100,,18448,310,,,0,100,,18449,310,,,0,100,,18450,310,,,0,100,,18451,310,,,0,81,,18452,310,,,0,32,,18453,310,,,0,74,,18467,310,,,0,31,,18454,310,,,0,75,,18466,310,,,0,106,,18455,310,,,0,100,,18458,310,,,0,100,,18457,310,,,0
23801,'Week-end-01',826,,18484,210,,,0,93,,18477,310,,,0,103,,18480,310,,,0,100,,18481,310,,,0,100,,18474,310,,,0,100,,18482,310,,,0,100,,18472,310,,,0,100,,18471,310,,,0,100,,18470,310,,,0,100,,18469,310,,,0,100,,18476,310,,,0,98,,18475,310,,,0,100,,18478,310,,,0,98,,18479,310,,,0,99,,18473,310,,,0
