24601,'Semaine-01',529,,18788,60,,,0,86,,18787,60,,,0,88,,18786,60,,,0,51,,18785,60,,,0,93,,18784,60,,,0,698,,18783,60,,,0,91,,18782,60,,,0,93,,18781,60,,,0,93,,18780,60,,,0,89,,18779,60,,,0
24601,'Semaine-02',529,,18798,60,,,0,86,,18797,60,,,0,88,,18796,60,,,0,51,,18795,60,,,0,93,,18794,60,,,0,698,,18793,60,,,0,91,,18792,60,,,0,93,,18791,60,,,0,93,,18790,60,,,0,89,,18789,60,,,0
25000,'Fête-1-01',808,,19045,60,,,0,100,,19043,60,,,0,30,,19046,60,,,0,100,,19047,60,,,0,70,,19048,60,,,0,100,,19044,60,,,0,30,,19061,60,,,0,100,,19056,60,,,0,70,,19059,60,,,0,100,,19062,60,,,0,30,,19053,60,,,0,100,,19052,60,,,0,70,,19054,60,,,0,100,,19055,60,,,0,30,,19060,60,,,0,100,,19050,60,,,0,70,,19063,60,,,0,100,,19057,60,,,0,30,,19049,60,,,0,100,,19058,60,,,0,70,,19051,60,,,0
25000,'Semaine-01',636,,19064,60,,,0,23,,19065,60,,,0,74,,19066,60,,,0,25,,19067,60,,,0,81,,19068,60,,,0,164,,19069,60,,,0,101,,19070,60,,,0,100,,19071,60,,,0,100,,19072,60,,,0,100,,19073,60,,,0,106,,19074,60,,,0,90,,19075,60,,,0,24,,19076,60,,,0,98,,19077,60,,,0,26,,19078,60,,,0,71,,19079,60,,,0,34,,19080,60,,,0,70,,19081,60,,,0,90,,19082,60,,,0,104,,19083,60,,,0,96,,19084,60,,,0,100,,19085,60,,,0
25000,'Semaine-02',636,,19086,60,,,0,23,,19087,60,,,0,74,,19088,60,,,0,25,,19089,60,,,0,81,,19090,60,,,0,164,,19091,60,,,0,101,,19092,60,,,0,100,,19093,60,,,0,100,,19094,60,,,0,100,,19095,60,,,0,106,,19096,60,,,0,90,,19097,60,,,0,24,,19098,60,,,0,98,,19099,60,,,0,26,,19100,60,,,0,71,,19101,60,,,0,34,,19102,60,,,0,70,,19103,60,,,0,90,,19104,60,,,0,104,,19105,60,,,0,96,,19106,60,,,0,100,,19107,60,,,0
25000,'Week-end-01',808,,19110,60,,,0,100,,19108,60,,,0,30,,19111,60,,,0,100,,19112,60,,,0,70,,19113,60,,,0,100,,19109,60,,,0,30,,19126,60,,,0,100,,19121,60,,,0,70,,19124,60,,,0,100,,19127,60,,,0,30,,19118,60,,,0,100,,19117,60,,,0,70,,19119,60,,,0,100,,19120,60,,,0,30,,19125,60,,,0,100,,19115,60,,,0,70,,19128,60,,,0,100,,19122,60,,,0,30,,19114,60,,,0,100,,19123,60,,,0,70,,19116,60,,,0
25100,'Fête-1-01',822,,19230,270,,,0,100,,19228,270,,,0,100,,19231,270,,,0,100,,19227,270,,,0,100,,19226,270,,,0,100,,19229,270,,,0,100,,19222,270,,,0,100,,19225,270,,,0,100,,19221,270,,,0,100,,19223,270,,,0,100,,19219,270,,,0,100,,19224,270,,,0,100,,19216,270,,,0,100,,19217,270,,,0,100,,19218,270,,,0,100,,19220,270,0,8 27 75,0
25100,'Semaine-01',917,,19233,270,,,0,100,,19232,270,,,0,100,,19241,270,,,0,100,,19237,270,,,0,100,,19240,270,,,0,100,,19235,270,,,0,615,,19238,270,,,0,97,,19236,270,,,0,98,,19234,270,,,0,100,,19239,270,0,8 27 75,0
25100,'Semaine-02',917,,19243,270,,,0,100,,19242,270,,,0,100,,19251,270,,,0,100,,19247,270,,,0,100,,19250,270,,,0,100,,19245,270,,,0,615,,19248,270,,,0,97,,19246,270,,,0,98,,19244,270,,,0,100,,19249,270,0,8 27 75,0
25100,'Week-end-01',822,,19267,270,,,0,100,,19265,270,,,0,100,,19268,270,,,0,100,,19264,270,,,0,100,,19263,270,,,0,100,,19266,270,,,0,100,,19259,270,,,0,100,,19262,270,,,0,100,,19258,270,,,0,100,,19260,270,,,0,100,,19256,270,,,0,100,,19261,270,,,0,100,,19253,270,,,0,100,,19254,270,,,0,100,,19255,270,,,0,100,,19257,270,0,8 27 75,0
60001,'Fête-1-01',756,,20404,30,,,0,100,,20403,30,,,0,100,,20401,30,,,0,100,,20402,30,,,0,100,,20399,30,,,0,100,,20400,30,,,0,100,,20396,30,,,0,100,,20397,30,,,0,100,,20398,30,,,0,100,,20395,30,,,0,100,,20392,30,,,0,100,,20393,30,,,0,100,,20394,30,,,0,100,,20390,30,,,0,89,,20391,30,,,0,185,,20389,30,,,0
60001,'Semaine-01',716,,20405,30,,,0,32,,20406,30,,,0,100,,20407,30,,,0,100,,20408,30,,,0,98,,20409,30,,,0,170,,20410,30,,,0,100,,20411,30,,,0,30,,20412,30,,,0,100,,20413,30,,,0,100,,20414,30,,,0,100,,20415,30,,,0,70,,20416,30,,,0,30,,20417,30,,,0,100,,20418,30,,,0,100,,20419,30,,,0,100,,20420,30,,,0,100,,20421,30,,,0,100,,20422,30,,,0,100,,20423,30,,,0
60001,'Semaine-02',716,,20428,30,,,0,32,,20429,30,,,0,100,,20430,30,,,0,100,,20431,30,,,0,98,,20432,30,,,0,170,,20433,30,,,0,100,,20434,30,,,0,30,,20435,30,,,0,100,,20436,30,,,0,100,,20437,30,,,0,100,,20438,30,,,0,70,,20439,30,,,0,30,,20440,30,,,0,100,,20441,30,,,0,100,,20442,30,,,0,100,,20443,30,,,0,100,,20444,30,,,0,100,,20445,30,,,0,100,,20446,30,,,0
60001,'Week-end-01',756,,20466,30,,,0,100,,20465,30,,,0,100,,20463,30,,,0,100,,20464,30,,,0,100,,20461,30,,,0,100,,20462,30,,,0,100,,20458,30,,,0,100,,20459,30,,,0,100,,20460,30,,,0,100,,20457,30,,,0,100,,20454,30,,,0,100,,20455,30,,,0,100,,20456,30,,,0,100,,20452,30,,,0,89,,20453,30,,,0,185,,20451,30,,,0
70900,'Fête-1-01',638,,20871,140,,,0,65,,20872,140,,,0,15,,20873,140,,,0,30,,20874,140,,,0,70,,20875,140,,,0,30,,20876,140,,,0,70,,20877,140,,,0,30,,20878,140,,,0,70,,20879,140,,,0,30,,20880,140,,,0,70,,20881,140,,,0,30,,20882,140,,,0,70,,20883,140,,,0,30,,20884,140,,,0,70,,20885,140,,,0,30,,20886,140,,,0,70,,20887,140,,,0,30,,20888,140,,,0,70,,20889,140,,,0,30,,20890,140,,,0,70,,20891,140,,,0,30,,20892,140,,,0,70,,20893,140,,,0,30,,20894,140,,,0,70,,20895,140,,,0,30,,20896,140,,,0,70,,20897,140,,,0,30,,20898,140,,,0,70,,20899,140,,,0,30,,20900,140,,,0,70,,20901,140,,,0,30,,20902,140,,,0,70,,20903,140,,,0,20,,20904,140,,,0,70,,20905,140,,,0,30,,20906,140,,,0,70,,20907,140,,,0,30,,20908,140,,,0,109,,20909,140,,,0
70900,'Semaine-01',554,,20911,140,0,11 12 13,0,78,,20912,140,0,11 12 13,0,20,,20913,140,0,11 12 13,0,7,,20914,140,0,11 12 13,0,78,,20915,140,0,11 12 13,0,19,,20916,140,0,11 12 13,0,65,,20917,140,0,11 12 13,0,28,,20918,140,0,11 12 13,0,74,,20919,140,0,11 12 13,0,25,,20957,140,0,11 12 13,0,68,,20920,140,0,11 12 13,0,15,,20921,140,0,11 12 13,0,69,,20922,140,0,11 12 13,0,15,,20923,140,0,11 12 13,0,15,,20924,140,0,11 12 13,0,23,,20925,140,0,11 12 13,0,70,,20926,140,0,11 12 13,0,15,,20953,140,0,11 12 13,0,15,,20956,140,0,11 12 13,0,55,,20955,140,0,11 12 13,0,30,,20954,140,0,11 12 13,0,85,,20952,140,0,11 12 13,0,15,,20927,140,0,11 12 13,0,21,,20928,140,0,11 12 13,0,84,,20929,140,,,0,66,,20930,140,,,0,20,,20950,140,,,0,17,,20951,140,,,0,11,,20944,140,,,0,56,,20949,140,,,0,13,,20945,140,,,0,13,,20946,140,,,0,9,,20947,140,,,0,11,,20948,140,,,0,53,,20943,140,,,0,27,,20931,140,,,0,13,,20932,140,,,0,52,,20933,140,,,0,12,,20934,140,,,0,27,,20942,140,,,0,59,,20935,140,,,0,29,,20936,140,,,0,22,,20959,140,,,0,70,,20937,140,,,0,15,,20938,140,,,0,97,,20939,140,,,0,69,,20940,140,,,0,44,,20958,140,,,0,99,,20941,140,,,0,108,,20910,140,,,0
70900,'Semaine-02',554,,20961,140,0,11 12 13,0,78,,20962,140,0,11 12 13,0,20,,20963,140,0,11 12 13,0,7,,20964,140,0,11 12 13,0,78,,20965,140,0,11 12 13,0,19,,20966,140,0,11 12 13,0,65,,20967,140,0,11 12 13,0,28,,20968,140,0,11 12 13,0,74,,20969,140,0,11 12 13,0,25,,21007,140,0,11 12 13,0,68,,20970,140,0,11 12 13,0,15,,20971,140,0,11 12 13,0,69,,20972,140,0,11 12 13,0,15,,20973,140,0,11 12 13,0,15,,20974,140,0,11 12 13,0,23,,20975,140,0,11 12 13,0,70,,20976,140,0,11 12 13,0,15,,21003,140,0,11 12 13,0,15,,21006,140,0,11 12 13,0,55,,21005,140,0,11 12 13,0,30,,21004,140,0,11 12 13,0,85,,21002,140,0,11 12 13,0,15,,20977,140,0,11 12 13,0,21,,20978,140,0,11 12 13,0,84,,20979,140,,,0,66,,20980,140,,,0,20,,21000,140,,,0,17,,21001,140,,,0,11,,20994,140,,,0,56,,20999,140,,,0,13,,20995,140,,,0,13,,20996,140,,,0,9,,20997,140,,,0,11,,20998,140,,,0,53,,20993,140,,,0,27,,20981,140,,,0,13,,20982,140,,,0,52,,20983,140,,,0,12,,20984,140,,,0,27,,20992,140,,,0,59,,20985,140,,,0,29,,20986,140,,,0,22,,21009,140,,,0,70,,20987,140,,,0,15,,20988,140,,,0,97,,20989,140,,,0,69,,20990,140,,,0,44,,21008,140,,,0,99,,20991,140,,,0,108,,20960,140,,,0
70900,'Week-end-01',638,,21010,140,,,0,65,,21011,140,,,0,15,,21012,140,,,0,30,,21013,140,,,0,70,,21014,140,,,0,30,,21015,140,,,0,70,,21016,140,,,0,30,,21017,140,,,0,70,,21018,140,,,0,30,,21019,140,,,0,70,,21020,140,,,0,30,,21021,140,,,0,70,,21022,140,,,0,30,,21023,140,,,0,70,,21024,140,,,0,30,,21025,140,,,0,70,,21026,140,,,0,30,,21027,140,,,0,70,,21028,140,,,0,30,,21029,140,,,0,70,,21030,140,,,0,30,,21031,140,,,0,70,,21032,140,,,0,30,,21033,140,,,0,70,,21034,140,,,0,30,,21035,140,,,0,70,,21036,140,,,0,30,,21037,140,,,0,70,,21038,140,,,0,30,,21039,140,,,0,70,,21040,140,,,0,30,,21041,140,,,0,70,,21042,140,,,0,20,,21043,140,,,0,70,,21044,140,,,0,30,,21045,140,,,0,70,,21046,140,,,0,30,,21047,140,,,0,109,,21048,140,,,0
