25001,'Fête-1-01',718,,19147,190,,,0,99,,19131,190,,,0,30,,19134,190,,,0,99,,19141,190,,,0,70,,19142,190,,,0,101,,19133,190,,,0,30,,19136,190,,,0,100,,19144,190,,,0,70,,19145,190,,,0,100,,19132,190,,,0,29,,19143,190,,,0,100,,19135,190,,,0,71,,19140,190,,,0,101,,19146,190,,,0,30,,19137,190,,,0,100,,19138,190,,,0,70,,19130,190,,,0,101,,19139,190,,,0,30,,19148,190,,,0,101,,19129,190,,,0,70,,19149,190,,,0
25001,'Semaine-01',543,,19150,190,,,0,65,,19151,190,,,0,28,,19152,190,0,8 27 75,0,21,,19153,190,,,0,85,,19154,190,,,0,96,,19155,190,,,0,72,,19156,190,,,0,96,,19157,190,,,0,100,,19158,190,,,0,103,,19159,190,,,0,100,,19160,190,,,0,102,,19161,190,,,0,115,,19162,190,,,0,99,,19163,190,,,0,26,,19164,190,,,0,70,,19165,190,,,0,28,,19166,190,,,0,83,,19167,190,,,0,87,,19168,190,,,0,108,,19169,190,,,0,93,,19170,190,,,0,101,,19171,190,,,0
25001,'Semaine-02',543,,19172,190,,,0,65,,19173,190,,,0,28,,19174,190,0,8 27 75,0,21,,19175,190,,,0,85,,19176,190,,,0,96,,19177,190,,,0,72,,19178,190,,,0,96,,19179,190,,,0,100,,19180,190,,,0,103,,19181,190,,,0,100,,19182,190,,,0,102,,19183,190,,,0,115,,19184,190,,,0,99,,19185,190,,,0,26,,19186,190,,,0,70,,19187,190,,,0,28,,19188,190,,,0,83,,19189,190,,,0,87,,19190,190,,,0,108,,19191,190,,,0,93,,19192,190,,,0,101,,19193,190,,,0
25001,'Week-end-01',718,,19212,190,,,0,99,,19196,190,,,0,30,,19199,190,,,0,99,,19206,190,,,0,70,,19207,190,,,0,101,,19198,190,,,0,30,,19201,190,,,0,100,,19209,190,,,0,70,,19210,190,,,0,100,,19197,190,,,0,29,,19208,190,,,0,100,,19200,190,,,0,71,,19205,190,,,0,101,,19211,190,,,0,30,,19202,190,,,0,100,,19203,190,,,0,70,,19195,190,,,0,101,,19204,190,,,0,30,,19213,190,,,0,101,,19194,190,,,0,70,,19214,190,,,0
31700,'Semaine-01',654,,20270,150,,,0,70,,20271,150,,,0,110,,20272,150,,,0,290,,20273,150,,,0,300,,20274,150,,,0
31700,'Semaine-02',654,,20276,150,,,0,70,,20277,150,,,0,110,,20278,150,,,0,290,,20279,150,,,0,300,,20280,150,,,0
31701,'Semaine-01',1234,,20284,160,,,0,270,,20289,160,,,0,100,,20285,160,,,0,130,,20286,160,,,0,100,,20287,160,,,0,475,,20288,160,,,0
31701,'Semaine-02',1234,,20291,160,,,0,270,,20296,160,,,0,100,,20292,160,,,0,130,,20293,160,,,0,100,,20294,160,,,0,475,,20295,160,,,0
51401,'Semaine-01',533,,20307,190,,,0,95,,20308,190,,,0,74,,20309,190,,,0
51401,'Semaine-02',533,,20310,190,,,0,95,,20311,190,,,0,74,,20312,190,,,0
