23000,'Semaine-03',618,,15392,120,,,0,29,,15393,120,,,0,70,,15394,120,,,0,30,,15395,120,,,0,70,,15396,120,,,0,29,,15397,120,,,0,100,,15398,120,,,0,100,,15403,120,,,0,100,,15404,120,,,0,100,,15405,120,,,0,100,,15406,120,,,0,100,,15407,120,,,0,101,,15409,120,,,0,70,,15390,120,,,0,30,,15389,120,,,0,70,,15388,120,,,0,30,,15387,120,,,0,70,,15391,120,,,0,29,,15408,120,,,0,70,,15402,120,,,0,100,,15401,120,,,0,100,,15400,120,,,0,100,,15399,120,,,0
23000,'Semaine-53',618,,12059,120,,,0,29,,12060,120,,,0,70,,12061,120,,,0,30,,12062,120,,,0,70,,12063,120,,,0,29,,12064,120,,,0,100,,12065,120,,,0,100,,12070,120,,,0,100,,12071,120,,,0,100,,12072,120,,,0,100,,12073,120,,,0,100,,12074,120,,,0,101,,12076,120,,,0,70,,12057,120,,,0,30,,12056,120,,,0,70,,12055,120,,,0,30,,12054,120,,,0,70,,12058,120,,,0,29,,12075,120,,,0,70,,12069,120,,,0,100,,12068,120,,,0,100,,12067,120,,,0,100,,12066,120,,,0
23000,'Week-end-03',842,,15412,120,,,0,100,,15413,120,,,0,101,,15417,120,,,0,100,,15418,120,,,0,100,,15419,120,,,0,100,,15420,120,,,0,100,,15421,120,,,0,100,,15423,120,,,0,100,,15411,120,,,0,99,,15410,120,,,0,100,,15422,120,,,0,100,,15416,120,,,0,100,,15415,120,,,0,100,,15414,120,,,0,100,,15424,120,,,0
23000,'Week-end-53',842,,12079,120,,,0,100,,12080,120,,,0,101,,12084,120,,,0,100,,12085,120,,,0,100,,12086,120,,,0,100,,12087,120,,,0,100,,12088,120,,,0,100,,12090,120,,,0,100,,12078,120,,,0,99,,12077,120,,,0,100,,12089,120,,,0,100,,12083,120,,,0,100,,12082,120,,,0,100,,12081,120,,,0,100,,12091,120,,,0
23600,'Semaine-03',633,,15660,370,,,0,111,,15661,370,,,0,73,,15679,370,,,0,33,,15662,370,,,0,76,,15663,370,,,0,100,,15664,370,,,0,100,,15665,370,,,0,100,,15666,370,,,0,100,,15667,370,,,0,100,,15668,370,,,0,100,,15669,370,,,0,101,,15670,370,,,0,16,,15671,370,,,0,74,,15672,370,,,0,36,,15673,370,,,0,80,,15674,370,,,0,124,,15675,370,,,0,99,,15676,370,,,0,100,,15677,370,,,0
23600,'Semaine-53',633,,12433,370,,,0,111,,12434,370,,,0,73,,12452,370,,,0,33,,12435,370,,,0,76,,12436,370,,,0,100,,12437,370,,,0,100,,12438,370,,,0,100,,12439,370,,,0,100,,12440,370,,,0,100,,12441,370,,,0,100,,12442,370,,,0,101,,12443,370,,,0,16,,12444,370,,,0,74,,12445,370,,,0,36,,12446,370,,,0,80,,12447,370,,,0,124,,12448,370,,,0,99,,12449,370,,,0,100,,12450,370,,,0
23600,'Week-end-03',900,,15691,370,,,0,100,,15682,370,,,0,100,,15692,370,,,0,101,,15680,370,,,0,100,,15688,370,,,0,100,,15684,370,,,0,100,,15690,370,,,0,100,,15681,370,,,0,100,,15694,370,,,0,100,,15683,370,,,0,100,,15689,370,,,0,100,,15685,370,,,0,100,,15687,370,,,0,100,,15686,370,,,0
23600,'Week-end-53',900,,12464,370,,,0,100,,12455,370,,,0,100,,12465,370,,,0,101,,12453,370,,,0,100,,12461,370,,,0,100,,12457,370,,,0,100,,12463,370,,,0,100,,12454,370,,,0,100,,12467,370,,,0,100,,12456,370,,,0,100,,12462,370,,,0,100,,12458,370,,,0,100,,12460,370,,,0,100,,12459,370,,,0
70900,'Semaine-03',629,,17074,580,0,11 12 13,0,12,,17132,580,0,11 12 13,0,67,,17075,580,0,11 12 13,0,10,,17076,580,0,11 12 13,0,10,,17077,580,0,11 12 13,0,7,,17078,580,0,11 12 13,0,19,,17079,580,0,11 12 13,0,59,,17080,580,0,11 12 13,0,10,,17081,580,0,11 12 13,0,9,,17082,580,0,11 12 13,0,13,,17083,580,0,11 12 13,0,12,,17084,580,0,11 12 13,0,57,,17085,580,0,11 12 13,0,11,,17086,580,0,11 12 13,0,19,,17130,580,0,11 12 13,0,15,,17087,580,0,11 12 13,0,65,,17129,580,0,11 12 13,0,15,,17088,580,0,11 12 13,0,13,,17089,580,0,11 12 13,0,55,,17090,580,0,11 12 13,0,29,,17091,580,0,11 12 13,0,15,,17092,580,0,11 12 13,0,55,,17093,580,0,11 12 13,0,23,,17094,580,0,11 12 13,0,71,,17095,580,0,11 12 13,0,15,,17125,580,0,11 12 13,0,15,,17128,580,0,11 12 13,0,15,,17127,580,0,11 12 13,0,70,,17126,580,0,11 12 13,0,85,,17124,580,0,11 12 13,0,15,,17096,580,0,11 12 13,0,24,,17097,580,0,11 12 13,0,86,,17098,580,,,0,14,,17099,580,,,0,16,,17100,580,,,0,60,,17122,580,,,0,16,,17123,580,,,0,8,,17116,580,,,0,15,,17121,580,,,0,51,,17117,580,,,0,12,,17118,580,,,0,9,,17119,580,,,0,10,,17120,580,,,0,12,,17115,580,,,0,53,,17101,580,,,0,12,,17102,580,,,0,13,,17103,580,,,0,11,,17104,580,,,0,11,,17105,580,,,0,67,,17114,580,,,0,19,,17106,580,,,0,69,,17107,580,,,0,22,,17133,580,,,0,30,,17108,580,,,0,54,,17109,580,,,0,27,,17110,580,,,0,70,,17111,580,,,0,29,,17112,580,,,0,82,,17131,580,,,0,99,,17113,580,,,0,108,,17073,580,,,0
70900,'Semaine-53',629,,14669,580,0,11 12 13,0,12,,14727,580,0,11 12 13,0,67,,14670,580,0,11 12 13,0,10,,14671,580,0,11 12 13,0,10,,14672,580,0,11 12 13,0,7,,14673,580,0,11 12 13,0,19,,14674,580,0,11 12 13,0,59,,14675,580,0,11 12 13,0,10,,14676,580,0,11 12 13,0,9,,14677,580,0,11 12 13,0,13,,14678,580,0,11 12 13,0,12,,14679,580,0,11 12 13,0,57,,14680,580,0,11 12 13,0,11,,14681,580,0,11 12 13,0,19,,14725,580,0,11 12 13,0,15,,14682,580,0,11 12 13,0,65,,14724,580,0,11 12 13,0,15,,14683,580,0,11 12 13,0,13,,14684,580,0,11 12 13,0,55,,14685,580,0,11 12 13,0,29,,14686,580,0,11 12 13,0,15,,14687,580,0,11 12 13,0,55,,14688,580,0,11 12 13,0,23,,14689,580,0,11 12 13,0,71,,14690,580,0,11 12 13,0,15,,14720,580,0,11 12 13,0,15,,14723,580,0,11 12 13,0,15,,14722,580,0,11 12 13,0,70,,14721,580,0,11 12 13,0,85,,14719,580,0,11 12 13,0,15,,14691,580,0,11 12 13,0,24,,14692,580,0,11 12 13,0,86,,14693,580,,,0,14,,14694,580,,,0,16,,14695,580,,,0,60,,14717,580,,,0,16,,14718,580,,,0,8,,14711,580,,,0,15,,14716,580,,,0,51,,14712,580,,,0,12,,14713,580,,,0,9,,14714,580,,,0,10,,14715,580,,,0,12,,14710,580,,,0,53,,14696,580,,,0,12,,14697,580,,,0,13,,14698,580,,,0,11,,14699,580,,,0,11,,14700,580,,,0,67,,14709,580,,,0,19,,14701,580,,,0,69,,14702,580,,,0,22,,14728,580,,,0,30,,14703,580,,,0,54,,14704,580,,,0,27,,14705,580,,,0,70,,14706,580,,,0,29,,14707,580,,,0,82,,14726,580,,,0,99,,14708,580,,,0,108,,14668,580,,,0
70900,'Week-end-03',709,,17134,580,,,0,25,,17135,580,,,0,15,,17136,580,,,0,71,,17137,580,,,0,30,,17138,580,,,0,71,,17139,580,,,0,30,,17140,580,,,0,71,,17141,580,,,0,30,,17142,580,,,0,70,,17143,580,,,0,31,,17144,580,,,0,70,,17145,580,,,0,30,,17146,580,,,0,70,,17147,580,,,0,30,,17148,580,,,0,70,,17149,580,,,0,30,,17150,580,,,0,71,,17151,580,,,0,30,,17152,580,,,0,70,,17153,580,,,0,30,,17154,580,,,0,70,,17155,580,,,0,30,,17156,580,,,0,69,,17157,580,,,0,29,,17158,580,,,0,70,,17159,580,,,0,28,,17160,580,,,0,70,,17161,580,,,0,30,,17162,580,,,0,69,,17163,580,,,0,30,,17164,580,,,0,70,,17165,580,,,0,30,,17166,580,,,0,60,,17167,580,,,0,29,,17168,580,,,0,70,,17169,580,,,0,30,,17170,580,,,0,70,,17171,580,,,0,109,,17172,580,,,0
70900,'Week-end-53',709,,14729,580,,,0,25,,14730,580,,,0,15,,14731,580,,,0,71,,14732,580,,,0,30,,14733,580,,,0,71,,14734,580,,,0,30,,14735,580,,,0,71,,14736,580,,,0,30,,14737,580,,,0,70,,14738,580,,,0,31,,14739,580,,,0,70,,14740,580,,,0,30,,14741,580,,,0,70,,14742,580,,,0,30,,14743,580,,,0,70,,14744,580,,,0,30,,14745,580,,,0,71,,14746,580,,,0,30,,14747,580,,,0,70,,14748,580,,,0,30,,14749,580,,,0,70,,14750,580,,,0,30,,14751,580,,,0,69,,14752,580,,,0,29,,14753,580,,,0,70,,14754,580,,,0,28,,14755,580,,,0,70,,14756,580,,,0,30,,14757,580,,,0,69,,14758,580,,,0,30,,14759,580,,,0,70,,14760,580,,,0,30,,14761,580,,,0,60,,14762,580,,,0,29,,14763,580,,,0,70,,14764,580,,,0,30,,14765,580,,,0,70,,14766,580,,,0,109,,14767,580,,,0
