24700,'LA-H26-LA_GTFS-Fête-1-01',805,,2585,,,0,130,,2579,,,0,170,,2581,,,0,130,,2586,,,0,170,,2587,,,0,130,,2582,,,0,170,,2580,,,0,130,,2583,,,0,170,,2584,,,0
24700,'LA-H26-LA_GTFS-Fête-1-02',805,,2594,,,0,130,,2588,,,0,170,,2590,,,0,130,,2595,,,0,170,,2596,,,0,130,,2591,,,0,170,,2589,,,0,130,,2592,,,0,170,,2593,,,0
24700,'LA-H26-LA_GTFS-Fête-2-02',634,,2602,,,0,82,,2603,,,0,103,,2604,,,0,186,,2610,,,0,130,,2611,,,0,170,,2608,,,0,130,,2609,,,0,71,,2597,,,0,112,,2598,,,0,92,,2599,,,0,107,,2600,,,0,33,,2601,,,0,161,,2605,,,0,129,,2606,,,0,170,,2607,,,0
24700,'LA-H26-LA_GTFS-Semaine-01',634,,2620,,,0,82,,2621,,,0,103,,2622,,,0,186,,2628,,,0,130,,2629,,,0,170,,2626,,,0,130,,2627,,,0,71,,2612,,,0,112,,2613,,,0,28,,2614,,,0,64,,2615,,,0,47,,2616,,,0,60,,2617,,,0,33,,2618,,,0,99,,2619,,,0,62,,2623,,,0,129,,2624,,,0,170,,2625,,,0
24700,'LA-H26-LA_GTFS-Semaine-50',634,,2638,,,0,82,,2639,,,0,103,,2640,,,0,186,,2646,,,0,130,,2647,,,0,170,,2644,,,0,130,,2645,,,0,71,,2630,,,0,112,,2631,,,0,28,,2632,,,0,64,,2633,,,0,47,,2634,,,0,60,,2635,,,0,33,,2636,,,0,99,,2637,,,0,62,,2641,,,0,129,,2642,,,0,170,,2643,,,0
24700,'LA-H26-LA_GTFS-Week-end-01',805,,2654,,,0,130,,2648,,,0,170,,2650,,,0,130,,2655,,,0,170,,2656,,,0,130,,2651,,,0,170,,2649,,,0,130,,2652,,,0,170,,2653,,,0
24700,'LA-H26-LA_GTFS-Week-end-50',805,,2663,,,0,130,,2657,,,0,170,,2659,,,0,130,,2664,,,0,170,,2665,,,0,130,,2660,,,0,170,,2658,,,0,130,,2661,,,0,170,,2662,,,0
24701,'LA-H26-LA_GTFS-Fête-1-01',759,,2666,4,,0,170,,2667,4,,0,130,,2668,4,,0,170,,2669,4,,0,130,,2670,4,,0,170,,2671,4,,0,130,,2672,4,,0,170,,2673,4,,0,130,,2674,4,,0
24701,'LA-H26-LA_GTFS-Fête-1-02',759,,2675,4,,0,170,,2676,4,,0,130,,2677,4,,0,170,,2678,4,,0,130,,2679,4,,0,170,,2680,4,,0,130,,2681,4,,0,170,,2682,4,,0,130,,2683,4,,0
24701,'LA-H26-LA_GTFS-Fête-2-02',558,,2688,4,,0,70,,2689,4,,0,122,,2690,4,,0,60,,2691,4,,0,42,,2692,4,,0,106,,2693,4,,0,171,,2694,4,,0,130,,2695,4,,0,170,,2696,4,,0,183,,2697,4,,0,24,,2698,4,,0,116,,2684,4,,0,72,,2699,4,,0,182,,2685,4,,0,129,,2686,4,,0,169,,2687,4,,0
24701,'LA-H26-LA_GTFS-Semaine-01',558,,2705,4,,0,70,,2706,4,,0,82,,2707,4,,0,40,,2708,4,,0,60,,2709,4,,0,42,,2710,4,,0,106,,2711,4,,0,171,,2712,4,,0,130,,2713,4,,0,170,,2714,4,,0,183,,2715,4,,0,24,,2716,4,,0,116,,2700,4,,0,72,,2717,4,,0,19,,2701,4,,0,163,,2702,4,,0,129,,2703,4,,0,169,,2704,4,,0
24701,'LA-H26-LA_GTFS-Semaine-50',558,,2723,4,,0,70,,2724,4,,0,82,,2725,4,,0,40,,2726,4,,0,60,,2727,4,,0,42,,2728,4,,0,106,,2729,4,,0,171,,2730,4,,0,130,,2731,4,,0,170,,2732,4,,0,183,,2733,4,,0,24,,2734,4,,0,116,,2718,4,,0,72,,2735,4,,0,19,,2719,4,,0,163,,2720,4,,0,129,,2721,4,,0,169,,2722,4,,0
24701,'LA-H26-LA_GTFS-Week-end-01',759,,2736,4,,0,170,,2737,4,,0,130,,2738,4,,0,170,,2739,4,,0,130,,2740,4,,0,170,,2741,4,,0,130,,2742,4,,0,170,,2743,4,,0,130,,2744,4,,0
24701,'LA-H26-LA_GTFS-Week-end-50',759,,2745,4,,0,170,,2746,4,,0,130,,2747,4,,0,170,,2748,4,,0,130,,2749,4,,0,170,,2750,4,,0,130,,2751,4,,0,170,,2752,4,,0,130,,2753,4,,0
