24601,'Semaine-03',537,,15939,170,,,0,86,,15938,170,,,0,89,,15937,170,,,0,94,,15936,170,,,0,51,,15935,170,,,0,697,,15934,170,,,0,93,,15933,170,,,0,91,,15932,170,,,0,92,,15931,170,,,0,87,,15930,170,,,0
24601,'Semaine-53',537,,12775,170,,,0,86,,12774,170,,,0,89,,12773,170,,,0,94,,12772,170,,,0,51,,12771,170,,,0,697,,12770,170,,,0,93,,12769,170,,,0,91,,12768,170,,,0,92,,12767,170,,,0,87,,12766,170,,,0
24700,'Semaine-03',646,,15948,150,,,0,82,,15949,150,,,0,103,,15950,150,,,0,184,,15956,150,,,0,130,,15957,150,,,0,170,,15954,150,,,0,130,,15955,150,,,0,71,,15940,150,,,0,114,,15941,150,,,0,28,,15942,150,,,0,64,,15943,150,,,0,87,,15944,150,,,0,20,,15945,150,,,0,71,,15946,150,,,0,59,,15947,150,,,0,62,,15951,150,,,0,129,,15952,150,,,0,170,,15953,150,,,0
24700,'Semaine-53',646,,12793,150,,,0,82,,12794,150,,,0,103,,12795,150,,,0,184,,12801,150,,,0,130,,12802,150,,,0,170,,12799,150,,,0,130,,12800,150,,,0,71,,12785,150,,,0,114,,12786,150,,,0,28,,12787,150,,,0,64,,12788,150,,,0,87,,12789,150,,,0,20,,12790,150,,,0,71,,12791,150,,,0,59,,12792,150,,,0,62,,12796,150,,,0,129,,12797,150,,,0,170,,12798,150,,,0
24700,'Week-end-03',815,,15964,150,,,0,130,,15958,150,,,0,170,,15960,150,,,0,130,,15965,150,,,0,170,,15966,150,,,0,130,,15961,150,,,0,170,,15959,150,,,0,130,,15962,150,,,0,170,,15963,150,,,0
24700,'Week-end-53',815,,12809,150,,,0,130,,12803,150,,,0,170,,12805,150,,,0,130,,12810,150,,,0,170,,12811,150,,,0,130,,12806,150,,,0,170,,12804,150,,,0,130,,12807,150,,,0,170,,12808,150,,,0
24900,'Semaine-03',642,,16006,150,,,0,68,,16007,150,,,0,35,,16008,150,,,0,96,,16009,150,,,0,69,,16010,150,,,0,105,,16011,150,,,0,100,,16012,150,,,0,101,,16013,150,,,0,100,,16014,150,,,0,100,,16015,150,,,0,107,,16016,150,,,0,79,,16017,150,,,0,29,,16018,150,,,0,93,,16019,150,,,0,32,,16020,150,,,0,73,,16021,150,,,0,91,,16022,150,,,0,99,,16023,150,,,0,100,,16024,150,,,0,100,,16025,150,,,0,100,,16005,150,,,0
24900,'Semaine-53',642,,12871,150,,,0,68,,12872,150,,,0,35,,12873,150,,,0,96,,12874,150,,,0,69,,12875,150,,,0,105,,12876,150,,,0,100,,12877,150,,,0,101,,12878,150,,,0,100,,12879,150,,,0,100,,12880,150,,,0,107,,12881,150,,,0,79,,12882,150,,,0,29,,12883,150,,,0,93,,12884,150,,,0,32,,12885,150,,,0,73,,12886,150,,,0,91,,12887,150,,,0,99,,12888,150,,,0,100,,12889,150,,,0,100,,12890,150,,,0,100,,12870,150,,,0
24900,'Week-end-03',813,,16026,150,0,5,0,130,,16027,150,0,5,0,170,,16036,150,0,5,0,130,,16028,150,0,5,0,170,,16029,150,0,5,0,130,,16030,150,0,5,0,170,,16031,150,0,5,0,130,,16032,150,0,5,0,170,,16033,150,0,5,0,130,,16034,150,0,5,0,170,,16035,150,0,5,0
24900,'Week-end-53',813,,12891,150,0,5,0,130,,12892,150,0,5,0,170,,12901,150,0,5,0,130,,12893,150,0,5,0,170,,12894,150,0,5,0,130,,12895,150,0,5,0,170,,12896,150,0,5,0,130,,12897,150,0,5,0,170,,12898,150,0,5,0,130,,12899,150,0,5,0,170,,12900,150,0,5,0
