22800,'LA-H26-LA_GTFS-Fête-1-01',816,,648,,,0,200,,645,,,0,200,,646,,,0,200,,641,,,0,200,,643,,,0,200,,647,,,0,200,,644,,,0
22800,'LA-H26-LA_GTFS-Fête-1-02',816,,656,,,0,200,,653,,,0,200,,654,,,0,200,,649,,,0,200,,651,,,0,200,,655,,,0,200,,652,,,0
22800,'LA-H26-LA_GTFS-Fête-2-02',536,,657,0,6 7,0,70,,681,0,6 7,0,24,,658,,,0,73,,659,,,0,30,,660,,,0,70,,661,,,0,45,,662,,,0,97,,663,,,0,100,,664,,,0,100,,665,,,0,100,,666,,,0,100,,667,,,0,100,,668,,,0,100,,669,,,0,103,,670,,,0,70,,671,,,0,30,,672,,,0,70,,673,,,0,30,,674,,,0,67,,675,,,0,30,,676,,,0,100,,677,,,0,100,,678,,,0,100,,679,,,0
22800,'LA-H26-LA_GTFS-Semaine-01',536,,682,0,6 7,0,70,,706,0,6 7,0,24,,683,,,0,73,,684,,,0,30,,685,,,0,70,,686,,,0,45,,687,,,0,97,,688,,,0,100,,689,,,0,100,,690,,,0,100,,691,,,0,100,,692,,,0,100,,693,,,0,100,,694,,,0,103,,695,,,0,70,,696,,,0,30,,697,,,0,70,,698,,,0,30,,699,,,0,67,,700,,,0,30,,701,,,0,100,,702,,,0,100,,703,,,0,100,,704,,,0
22800,'LA-H26-LA_GTFS-Semaine-50',536,,707,0,6 7,0,70,,731,0,6 7,0,24,,708,,,0,73,,709,,,0,30,,710,,,0,70,,711,,,0,45,,712,,,0,97,,713,,,0,100,,714,,,0,100,,715,,,0,100,,716,,,0,100,,717,,,0,100,,718,,,0,100,,719,,,0,103,,720,,,0,70,,721,,,0,30,,722,,,0,70,,723,,,0,30,,724,,,0,67,,725,,,0,30,,726,,,0,100,,727,,,0,100,,728,,,0,100,,729,,,0
22800,'LA-H26-LA_GTFS-Week-end-01',816,,739,,,0,200,,736,,,0,200,,737,,,0,200,,732,,,0,200,,734,,,0,200,,738,,,0,200,,735,,,0
22800,'LA-H26-LA_GTFS-Week-end-50',816,,747,,,0,200,,744,,,0,200,,745,,,0,200,,740,,,0,200,,742,,,0,200,,746,,,0,200,,743,,,0
60001,'LA-H26-LA_GTFS-Fête-1-01',827,,5957,,,0,100,,5956,,,0,100,,5954,,,0,100,,5955,,,0,100,,5952,,,0,100,,5953,,,0,100,,5949,,,0,100,,5950,,,0,100,,5951,,,0,100,,5948,,,0,100,,5945,,,0,100,,5946,,,0,100,,5947,,,0,100,,5943,,,0,89,,5944,,,0,185,,5942,,,0
60001,'LA-H26-LA_GTFS-Fête-1-02',827,,5973,,,0,100,,5972,,,0,100,,5970,,,0,100,,5971,,,0,100,,5968,,,0,100,,5969,,,0,100,,5965,,,0,100,,5966,,,0,100,,5967,,,0,100,,5964,,,0,100,,5961,,,0,100,,5962,,,0,100,,5963,,,0,100,,5959,,,0,89,,5960,,,0,185,,5958,,,0
60001,'LA-H26-LA_GTFS-Fête-2-02',526,,5995,,,0,30,,5996,,,0,70,,5997,,,0,30,,5998,,,0,96,,5974,,,0,72,,5975,,,0,100,,5976,,,0,99,,5977,,,0,98,,5978,,,0,100,,5979,,,0,100,,5980,,,0,100,,5981,,,0,100,,5982,,,0,32,,5983,,,0,70,,5984,,,0,30,,5985,,,0,70,,5986,,,0,30,,5987,,,0,70,,5988,,,0,100,,5989,,,0,96,,5990,,,0,100,,5991,,,0,100,,5992,,,0,100,,5993,,,0,100,,5994,,,0
60001,'LA-H26-LA_GTFS-Semaine-01',526,,6024,,,0,30,,6025,,,0,70,,6026,,,0,30,,6027,,,0,64,,5999,,,0,32,,6000,,,0,72,,6001,,,0,100,,6002,,,0,99,,6003,,,0,98,,6004,,,0,100,,6005,,,0,30,,6006,,,0,100,,6007,,,0,70,,6008,,,0,30,,6009,,,0,70,,6010,,,0,32,,6011,,,0,70,,6012,,,0,30,,6013,,,0,70,,6014,,,0,30,,6015,,,0,70,,6016,,,0,30,,6017,,,0,70,,6018,,,0,96,,6019,,,0,100,,6020,,,0,100,,6021,,,0,100,,6022,,,0,100,,6023,,,0
60001,'LA-H26-LA_GTFS-Semaine-50',526,,6053,,,0,30,,6054,,,0,70,,6055,,,0,30,,6056,,,0,64,,6028,,,0,32,,6029,,,0,72,,6030,,,0,100,,6031,,,0,99,,6032,,,0,98,,6033,,,0,100,,6034,,,0,30,,6035,,,0,100,,6036,,,0,70,,6037,,,0,30,,6038,,,0,70,,6039,,,0,32,,6040,,,0,70,,6041,,,0,30,,6042,,,0,70,,6043,,,0,30,,6044,,,0,70,,6045,,,0,30,,6046,,,0,70,,6047,,,0,96,,6048,,,0,100,,6049,,,0,100,,6050,,,0,100,,6051,,,0,100,,6052,,,0
60001,'LA-H26-LA_GTFS-Week-end-01',827,,6072,,,0,100,,6071,,,0,100,,6069,,,0,100,,6070,,,0,100,,6067,,,0,100,,6068,,,0,100,,6064,,,0,100,,6065,,,0,100,,6066,,,0,100,,6063,,,0,100,,6060,,,0,100,,6061,,,0,100,,6062,,,0,100,,6058,,,0,89,,6059,,,0,185,,6057,,,0
60001,'LA-H26-LA_GTFS-Week-end-50',827,,6088,,,0,100,,6087,,,0,100,,6085,,,0,100,,6086,,,0,100,,6083,,,0,100,,6084,,,0,100,,6080,,,0,100,,6081,,,0,100,,6082,,,0,100,,6079,,,0,100,,6076,,,0,100,,6077,,,0,100,,6078,,,0,100,,6074,,,0,89,,6075,,,0,185,,6073,,,0
