22600,'Fête-1-02',814,,21399,420,,,0,201,,21393,420,,,0,205,,21394,420,,,0,198,,21395,420,,,0,199,,21396,420,,,0,200,,21400,420,0,6 7,0,199,,21397,420,,,0
22600,'Semaine-02',523,,17603,260,0,6 7,0,30,,17604,260,0,6 7,0,80,,17581,420,,,0,70,,17582,420,,,0,36,,17583,420,,,0,81,,17584,420,,,0,80,,17585,420,,,0,50,,17586,420,,,0,100,,17587,420,,,0,100,,17588,420,,,0,100,,17589,420,,,0,101,,17590,420,,,0,100,,17591,420,,,0,100,,17592,420,,,0,100,,17593,420,,,0,80,,17594,420,,,0,78,,17595,420,,,0,40,,17596,420,,,0,70,,17597,420,,,0,30,,17598,420,,,0,98,,17599,420,,,0,98,,17600,420,,,0,100,,17601,420,,,0,98,,17602,420,,,0
22600,'Semaine-03',523,,21423,260,0,6 7,0,30,,21424,260,0,6 7,0,80,,21401,420,,,0,70,,21402,420,,,0,36,,21403,420,,,0,81,,21404,420,,,0,80,,21405,420,,,0,50,,21406,420,,,0,100,,21407,420,,,0,100,,21408,420,,,0,100,,21409,420,,,0,101,,21410,420,,,0,100,,21411,420,,,0,100,,21412,420,,,0,100,,21413,420,,,0,80,,21414,420,,,0,78,,21415,420,,,0,40,,21416,420,,,0,70,,21417,420,,,0,30,,21418,420,,,0,98,,21419,420,,,0,98,,21420,420,,,0,100,,21421,420,,,0,98,,21422,420,,,0
22600,'Week-end-01',814,,17611,420,,,0,201,,17605,420,,,0,205,,17606,420,,,0,198,,17607,420,,,0,199,,17608,420,,,0,200,,17612,420,,,0,199,,17609,420,,,0
22800,'Fête-1-02',826,,21463,490,,,0,200,,21460,490,,,0,200,,21461,490,,,0,200,,21456,490,,,0,200,,21458,490,,,0,200,,21462,490,,,0,200,,21459,490,,,0
22800,'Semaine-02',547,,17707,190,0,6 7,0,70,,17730,190,0,6 7,0,24,,17708,490,,,0,76,,17709,490,,,0,35,,17710,490,,,0,80,,17711,490,,,0,80,,17712,490,,,0,44,,17713,490,,,0,100,,17714,490,,,0,100,,17715,490,,,0,100,,17716,490,,,0,100,,17717,490,,,0,100,,17718,490,,,0,100,,17719,490,,,0,146,,17720,490,,,0,40,,17721,490,,,0,80,,17722,490,,,0,80,,17723,490,,,0,24,,17724,490,,,0,30,,17725,490,,,0,100,,17726,490,,,0,100,,17727,490,,,0,100,,17728,490,,,0
22800,'Semaine-03',547,,21464,190,0,6 7,0,70,,21487,190,0,6 7,0,24,,21465,490,,,0,76,,21466,490,,,0,35,,21467,490,,,0,80,,21468,490,,,0,80,,21469,490,,,0,44,,21470,490,,,0,100,,21471,490,,,0,100,,21472,490,,,0,100,,21473,490,,,0,100,,21474,490,,,0,100,,21475,490,,,0,100,,21476,490,,,0,146,,21477,490,,,0,40,,21478,490,,,0,80,,21479,490,,,0,80,,21480,490,,,0,24,,21481,490,,,0,30,,21482,490,,,0,100,,21483,490,,,0,100,,21484,490,,,0,100,,21485,490,,,0
22800,'Week-end-01',826,,17738,490,,,0,200,,17735,490,,,0,200,,17736,490,,,0,200,,17731,490,,,0,200,,17733,490,,,0,200,,17737,490,,,0,200,,17734,490,,,0
70801,'Fête-1-02',632,,23004,130,,,0,98,,23020,130,,,0,74,,23005,130,,,0,100,,23006,130,,,0,51,,23007,130,,,0,100,,23008,130,,,0,100,,23009,130,,,0,100,,23010,130,,,0,100,,23011,130,,,0,100,,23012,130,,,0,100,,23013,130,,,0,100,,23014,130,,,0,100,,23015,130,,,0,100,,23016,130,,,0,102,,23017,130,,,0,100,,23018,130,,,0,100,,23019,130,,,0,80,,23002,130,,,0,118,,23003,130,,,0
70801,'Semaine-02',442,,20819,130,,,0,69,,20820,130,,,0,45,,20821,130,,,0,70,,20822,130,,,0,30,,20823,130,,,0,70,,20824,130,,,0,30,,20825,130,,,0,70,,20826,130,,,0,30,,20827,130,,,0,100,,20828,130,,,0,100,,20829,130,,,0,100,,20830,130,,,0,100,,20831,130,,,0,100,,20832,130,,,0,100,,20833,130,,,0,100,,20834,130,,,0,70,,20835,130,,,0,30,,20836,130,,,0,70,,20837,130,,,0,30,,20838,130,,,0,70,,20839,130,,,0,30,,20840,130,,,0,100,,20841,130,,,0,100,,20842,130,,,0,100,,20843,130,,,0,100,,20844,130,,,0,96,,20845,130,,,0,100,,20851,130,,,0
70801,'Semaine-03',442,,23021,130,,,0,69,,23022,130,,,0,45,,23023,130,,,0,70,,23024,130,,,0,30,,23025,130,,,0,70,,23026,130,,,0,30,,23027,130,,,0,70,,23028,130,,,0,30,,23029,130,,,0,100,,23030,130,,,0,100,,23031,130,,,0,100,,23032,130,,,0,100,,23033,130,,,0,100,,23034,130,,,0,100,,23035,130,,,0,100,,23036,130,,,0,70,,23037,130,,,0,30,,23038,130,,,0,70,,23039,130,,,0,30,,23040,130,,,0,70,,23041,130,,,0,30,,23042,130,,,0,100,,23043,130,,,0,100,,23044,130,,,0,100,,23045,130,,,0,100,,23046,130,,,0,96,,23047,130,,,0,100,,23053,130,,,0
70801,'Week-end-01',632,,20854,130,,,0,98,,20870,130,,,0,74,,20855,130,,,0,100,,20856,130,,,0,51,,20857,130,,,0,100,,20858,130,,,0,100,,20859,130,,,0,100,,20860,130,,,0,100,,20861,130,,,0,100,,20862,130,,,0,100,,20863,130,,,0,100,,20864,130,,,0,100,,20865,130,,,0,100,,20866,130,,,0,102,,20867,130,,,0,100,,20868,130,,,0,100,,20869,130,,,0,80,,20852,130,,,0,118,,20853,130,,,0
