22001,'Fête-1-02',757,,21270,200,,,0,200,,21267,200,,,0,200,,21265,200,,,0,200,,21266,200,,,0,200,,21264,200,,,0,200,,21269,200,,,0,200,,21268,200,,,0,200,,21263,200,0,8 20 1 21,0
22001,'Semaine-02',558,,17325,200,,,0,70,,17326,200,,,0,31,,17327,200,,,0,70,,17328,200,,,0,71,,17329,200,,,0,29,,17330,200,,,0,100,,17331,200,,,0,100,,17332,200,,,0,100,,17333,200,,,0,100,,17334,200,,,0,100,,17335,200,,,0,100,,17336,200,,,0,100,,17337,200,,,0,101,,17338,200,,,0,70,,17339,200,,,0,31,,17340,200,,,0,70,,17341,200,,,0,29,,17342,200,,,0,28,,17343,200,,,0,70,,17344,200,,,0,100,,17345,200,,,0,99,,17346,200,,,0,100,,17347,200,,,0,100,,17348,200,0,8 20 1 21,0
22001,'Semaine-03',558,,21273,200,,,0,70,,21274,200,,,0,31,,21275,200,,,0,70,,21276,200,,,0,71,,21277,200,,,0,29,,21278,200,,,0,100,,21279,200,,,0,100,,21280,200,,,0,100,,21281,200,,,0,100,,21282,200,,,0,100,,21283,200,,,0,100,,21284,200,,,0,100,,21285,200,,,0,101,,21286,200,,,0,70,,21287,200,,,0,31,,21288,200,,,0,70,,21289,200,,,0,29,,21290,200,,,0,28,,21291,200,,,0,70,,21292,200,,,0,100,,21293,200,,,0,99,,21294,200,,,0,100,,21295,200,,,0,100,,21296,200,0,8 20 1 21,0
22001,'Week-end-01',757,,17356,200,,,0,200,,17353,200,,,0,200,,17351,200,,,0,200,,17352,200,,,0,200,,17350,200,,,0,200,,17355,200,,,0,200,,17354,200,,,0,200,,17349,200,0,8 20 1 21,0
22100,'Fête-1-02',857,,21297,200,,,0,200,,21301,200,,,0,200,,21302,200,,,0,200,,21303,200,,,0,200,,21298,200,,,0,200,,21300,200,,,0,200,,21299,200,,,0
22100,'Semaine-02',613,,17391,200,,,0,30,,17388,200,,,0,71,,17392,200,,,0,30,,17393,200,,,0,70,,17394,200,,,0,45,,17395,200,,,0,100,,17396,200,,,0,100,,17397,200,,,0,100,,17398,200,,,0,100,,17399,200,,,0,100,,17400,200,,,0,100,,17401,200,,,0,100,,17402,200,,,0,85,,17403,200,,,0,70,,17404,200,,,0,30,,17405,200,,,0,71,,17406,200,,,0,28,,17407,200,,,0,70,,17408,200,,,0,45,,17409,200,,,0,99,,17410,200,,,0,100,,17411,200,,,0
22100,'Semaine-03',613,,21307,200,,,0,30,,21304,200,,,0,71,,21308,200,,,0,30,,21309,200,,,0,70,,21310,200,,,0,45,,21311,200,,,0,100,,21312,200,,,0,100,,21313,200,,,0,100,,21314,200,,,0,100,,21315,200,,,0,100,,21316,200,,,0,100,,21317,200,,,0,100,,21318,200,,,0,85,,21319,200,,,0,70,,21320,200,,,0,30,,21321,200,,,0,71,,21322,200,,,0,28,,21323,200,,,0,70,,21324,200,,,0,45,,21325,200,,,0,99,,21326,200,,,0,100,,21327,200,,,0
22100,'Week-end-01',857,,17412,200,,,0,200,,17416,200,,,0,200,,17417,200,,,0,200,,17418,200,,,0,200,,17413,200,,,0,200,,17415,200,,,0,200,,17414,200,,,0
22201,'Fête-1-02',828,,21342,790,,,0,100,,21330,790,,,0,100,,21329,790,,,0,100,,21328,790,,,0,100,,21331,790,,,0,100,,21332,790,,,0,100,,21333,790,,,0,100,,21334,790,,,0,100,,21335,790,,,0,100,,21336,790,,,0,100,,21337,790,,,0,100,,21338,790,,,0,100,,21339,790,,,0,100,,21340,790,,,0
22201,'Semaine-02',556,,17475,300,0,6 7,0,63,,17472,790,,,0,40,,17455,790,,,0,70,,17473,790,,,0,82,,17456,790,,,0,40,,17457,790,,,0,108,,17458,790,,,0,100,,17459,790,,,0,100,,17460,790,,,0,100,,17461,790,,,0,100,,17462,790,,,0,100,,17463,790,,,0,100,,17464,790,,,0,142,,17465,790,,,0,40,,17474,790,,,0,75,,17466,790,,,0,40,,17467,790,,,0,103,,17468,790,,,0,100,,17469,790,,,0,100,,17470,790,,,0
22201,'Semaine-03',556,,21363,300,0,6 7,0,63,,21360,790,,,0,40,,21343,790,,,0,70,,21361,790,,,0,82,,21344,790,,,0,40,,21345,790,,,0,108,,21346,790,,,0,100,,21347,790,,,0,100,,21348,790,,,0,100,,21349,790,,,0,100,,21350,790,,,0,100,,21351,790,,,0,100,,21352,790,,,0,142,,21353,790,,,0,40,,21362,790,,,0,75,,21354,790,,,0,40,,21355,790,,,0,103,,21356,790,,,0,100,,21357,790,,,0,100,,21358,790,,,0
22201,'Week-end-01',828,,17490,790,,,0,100,,17478,790,,,0,100,,17477,790,,,0,100,,17476,790,,,0,100,,17479,790,,,0,100,,17480,790,,,0,100,,17481,790,,,0,100,,17482,790,,,0,100,,17483,790,,,0,100,,17484,790,,,0,100,,17485,790,,,0,100,,17486,790,,,0,100,,17487,790,,,0,100,,17488,790,,,0
