25001,'Fête-1-02',721,,22201,290,,,0,99,,22185,290,,,0,30,,22188,290,,,0,99,,22195,290,,,0,70,,22196,290,,,0,101,,22187,290,,,0,30,,22190,290,,,0,100,,22198,290,,,0,70,,22199,290,,,0,100,,22186,290,,,0,29,,22197,290,,,0,100,,22189,290,,,0,71,,22194,290,,,0,101,,22200,290,,,0,30,,22191,290,,,0,100,,22192,290,,,0,70,,22184,290,,,0,101,,22193,290,,,0,30,,22202,290,,,0,101,,22183,290,,,0,70,,22203,290,,,0
25001,'Semaine-02',546,,19172,290,,,0,65,,19173,290,,,0,28,,19174,290,0,8 27 75,0,62,,19175,290,,,0,45,,19176,290,,,0,96,,19177,290,,,0,71,,19178,290,,,0,96,,19179,290,,,0,100,,19180,290,,,0,103,,19181,290,,,0,100,,19182,290,,,0,102,,19183,290,,,0,115,,19184,290,,,0,99,,19185,290,,,0,26,,19186,290,,,0,70,,19187,290,,,0,28,,19188,290,,,0,83,,19189,290,,,0,87,,19190,290,,,0,108,,19191,290,,,0,93,,19192,290,,,0,101,,19193,290,,,0
25001,'Semaine-03',546,,22204,290,,,0,65,,22205,290,,,0,28,,22206,290,0,8 27 75,0,62,,22207,290,,,0,45,,22208,290,,,0,96,,22209,290,,,0,71,,22210,290,,,0,96,,22211,290,,,0,100,,22212,290,,,0,103,,22213,290,,,0,100,,22214,290,,,0,102,,22215,290,,,0,115,,22216,290,,,0,99,,22217,290,,,0,26,,22218,290,,,0,70,,22219,290,,,0,28,,22220,290,,,0,83,,22221,290,,,0,87,,22222,290,,,0,108,,22223,290,,,0,93,,22224,290,,,0,101,,22225,290,,,0
25001,'Week-end-01',721,,19212,290,,,0,99,,19196,290,,,0,30,,19199,290,,,0,99,,19206,290,,,0,70,,19207,290,,,0,101,,19198,290,,,0,30,,19201,290,,,0,100,,19209,290,,,0,70,,19210,290,,,0,100,,19197,290,,,0,29,,19208,290,,,0,100,,19200,290,,,0,71,,19205,290,,,0,101,,19211,290,,,0,30,,19202,290,,,0,100,,19203,290,,,0,70,,19195,290,,,0,101,,19204,290,,,0,30,,19213,290,,,0,101,,19194,290,,,0,70,,19214,290,,,0
31700,'Semaine-02',658,,20276,250,,,0,70,,20277,250,,,0,110,,20278,250,,,0,290,,20279,250,,,0,300,,20280,250,,,0
31700,'Semaine-03',658,,22754,250,,,0,70,,22755,250,,,0,110,,22756,250,,,0,290,,22757,250,,,0,300,,22758,250,,,0
31701,'Semaine-02',1237,,20291,260,,,0,270,,20296,260,,,0,100,,20292,260,,,0,130,,20293,260,,,0,100,,20294,260,,,0,475,,20295,260,,,0
31701,'Semaine-03',1237,,22761,260,,,0,270,,22766,260,,,0,100,,22762,260,,,0,130,,22763,260,,,0,100,,22764,260,,,0,475,,22765,260,,,0
51401,'Semaine-02',536,,20310,290,,,0,95,,20311,290,,,0,74,,20312,290,,,0
51401,'Semaine-03',536,,22772,290,,,0,95,,22773,290,,,0,74,,22774,290,,,0
