23300,'Semaine-03',652,,15541,710,,,0,103,,15542,710,,,0,145,,15553,710,,,0,55,,15554,710,,,0,170,,15543,710,,,0,200,,15544,710,,,0,200,,15545,710,,,0,75,,15546,710,,,0,105,,15547,710,,,0,105,,15548,710,,,0,100,,15552,710,,,0,100,,15549,710,,,0,115,,15550,710,,,0
23300,'Semaine-53',652,,12261,710,,,0,103,,12262,710,,,0,145,,12273,710,,,0,55,,12274,710,,,0,170,,12263,710,,,0,200,,12264,710,,,0,200,,12265,710,,,0,75,,12266,710,,,0,105,,12267,710,,,0,105,,12268,710,,,0,100,,12272,710,,,0,100,,12269,710,,,0,115,,12270,710,,,0
23300,'Week-end-03',922,,15559,710,,,0,200,,15561,710,,,0,200,,15557,710,,,0,204,,15562,710,,,0,200,,15560,710,,,0,197,,15558,710,,,0,200,,15555,710,,,0
23300,'Week-end-53',922,,12279,710,,,0,200,,12281,710,,,0,200,,12277,710,,,0,204,,12282,710,,,0,200,,12280,710,,,0,197,,12278,710,,,0,200,,12275,710,,,0
23400,'Semaine-03',554,,15574,490,,,0,66,,15573,490,,,0,100,,15563,720,,,0,106,,15576,720,,,0,99,,15564,720,,,0,100,,15565,720,,,0,200,,15566,720,,,0,200,,15567,720,,,0,205,,15568,720,,,0,107,,15569,720,,,0,103,,15570,720,,,0,90,,15575,720,,,0,97,,15571,720,,,0,198,,15572,720,,,0
23400,'Semaine-53',554,,12302,490,,,0,66,,12301,490,,,0,100,,12291,720,,,0,106,,12304,720,,,0,99,,12292,720,,,0,100,,12293,720,,,0,200,,12294,720,,,0,200,,12295,720,,,0,205,,12296,720,,,0,107,,12297,720,,,0,103,,12298,720,,,0,90,,12303,720,,,0,97,,12299,720,,,0,198,,12300,720,,,0
23400,'Week-end-03',828,,15584,490,,,0,196,,15582,720,,,0,200,,15580,720,,,0,203,,15577,720,,,0,201,,15579,720,,,0,195,,15578,720,,,0,200,,15583,720,,,0,200,,15581,720,,,0
23400,'Week-end-53',828,,12312,490,,,0,196,,12310,720,,,0,200,,12308,720,,,0,203,,12305,720,,,0,201,,12307,720,,,0,195,,12306,720,,,0,200,,12311,720,,,0,200,,12309,720,,,0
23900,'Semaine-03',601,,15787,370,0,31 13,0,26,,15784,370,0,31 13,0,26,,15771,560,,,0,58,,15772,560,,,0,39,,15773,560,,,0,72,,15774,560,,,0,34,,15788,560,,,0,67,,15785,560,,,0,95,,15775,560,,,0,100,,15776,560,,,0,102,,15777,560,,,0,106,,15778,560,,,0,100,,15779,560,,,0,97,,15780,560,,,0,103,,15781,560,,,0,75,,15782,560,,,0,27,,15793,560,,,0,75,,15794,560,,,0,21,,15789,560,,,0,81,,15786,560,,,0,23,,15783,560,,,0,87,,15795,560,,,0,99,,15792,560,,,0,98,,15791,560,,,0
23900,'Semaine-53',601,,12607,370,0,31 13,0,26,,12604,370,0,31 13,0,26,,12591,560,,,0,58,,12592,560,,,0,39,,12593,560,,,0,72,,12594,560,,,0,34,,12608,560,,,0,67,,12605,560,,,0,95,,12595,560,,,0,100,,12596,560,,,0,102,,12597,560,,,0,106,,12598,560,,,0,100,,12599,560,,,0,97,,12600,560,,,0,103,,12601,560,,,0,75,,12602,560,,,0,27,,12613,560,,,0,75,,12614,560,,,0,21,,12609,560,,,0,81,,12606,560,,,0,23,,12603,560,,,0,87,,12615,560,,,0,99,,12612,560,,,0,98,,12611,560,,,0
23900,'Week-end-03',828,,15811,370,,,0,85,,15796,560,,,0,102,,15804,560,,,0,107,,15805,560,,,0,104,,15806,560,,,0,100,,15807,560,,,0,100,,15808,560,,,0,100,,15809,560,,,0,100,,15802,560,,,0,96,,15798,560,,,0,98,,15797,560,,,0,96,,15799,560,,,0,95,,15800,560,,,0,100,,15801,560,,,0,100,,15803,560,,,0
23900,'Week-end-53',828,,12631,370,,,0,85,,12616,560,,,0,102,,12624,560,,,0,107,,12625,560,,,0,104,,12626,560,,,0,100,,12627,560,,,0,100,,12628,560,,,0,100,,12629,560,,,0,100,,12622,560,,,0,96,,12618,560,,,0,98,,12617,560,,,0,96,,12619,560,,,0,95,,12620,560,,,0,100,,12621,560,,,0,100,,12623,560,,,0
