24900,'Semaine-03',653,,16006,310,,,0,68,,16007,310,,,0,34,,16008,310,,,0,97,,16009,310,,,0,69,,16010,310,,,0,104,,16011,310,,,0,99,,16012,310,,,0,102,,16013,310,,,0,100,,16014,310,,,0,100,,16015,310,,,0,108,,16016,310,,,0,79,,16017,310,,,0,30,,16018,310,,,0,93,,16019,310,,,0,72,,16020,310,,,0,33,,16021,310,,,0,90,,16022,310,,,0,99,,16023,310,,,0,98,,16024,310,,,0,100,,16025,310,,,0,99,,16005,310,,,0
24900,'Semaine-53',653,,12871,310,,,0,68,,12872,310,,,0,34,,12873,310,,,0,97,,12874,310,,,0,69,,12875,310,,,0,104,,12876,310,,,0,99,,12877,310,,,0,102,,12878,310,,,0,100,,12879,310,,,0,100,,12880,310,,,0,108,,12881,310,,,0,79,,12882,310,,,0,30,,12883,310,,,0,93,,12884,310,,,0,72,,12885,310,,,0,33,,12886,310,,,0,90,,12887,310,,,0,99,,12888,310,,,0,98,,12889,310,,,0,100,,12890,310,,,0,99,,12870,310,,,0
24900,'Week-end-03',821,,16026,310,0,5,0,130,,16027,310,0,5,0,170,,16036,310,0,5,0,130,,16028,310,0,5,0,170,,16029,310,0,5,0,130,,16030,310,0,5,0,170,,16031,310,0,5,0,130,,16032,310,0,5,0,170,,16033,310,0,5,0,130,,16034,310,0,5,0,170,,16035,310,0,5,0
24900,'Week-end-53',821,,12891,310,0,5,0,130,,12892,310,0,5,0,170,,12901,310,0,5,0,130,,12893,310,0,5,0,170,,12894,310,0,5,0,130,,12895,310,0,5,0,170,,12896,310,0,5,0,130,,12897,310,0,5,0,170,,12898,310,0,5,0,130,,12899,310,0,5,0,170,,12900,310,0,5,0
25300,'Semaine-03',1621,,16228,110,4,,0,96,,16229,110,4,,0,26,,16227,110,4,,0,82,,16231,110,4,,0,28,,16230,110,4,,0,99,,16226,110,4,,0
25300,'Semaine-53',1621,,13178,110,4,,0,96,,13179,110,4,,0,26,,13177,110,4,,0,82,,13181,110,4,,0,28,,13180,110,4,,0,99,,13176,110,4,,0
61000,'Semaine-03',617,,16852,240,,,0,30,,16875,240,,,0,69,,16853,240,,,0,31,,16854,240,,,0,70,,16855,240,,,0,32,,16856,240,,,0,65,,16857,240,,,0,100,,16858,240,,,0,100,,16859,240,,,0,100,,16860,240,,,0,100,,16861,240,,,0,101,,16862,240,,,0,102,,16863,240,,,0,91,,16864,240,,,0,28,,16865,240,,,0,75,,16866,240,,,0,31,,16867,240,,,0,76,,16868,240,,,0,31,,16869,240,,,0,71,,16870,240,,,0,99,,16871,240,,,0,100,,16872,240,,,0,100,,16873,240,,,0,104,,16874,240,,,0
61000,'Semaine-53',617,,14353,240,,,0,30,,14376,240,,,0,69,,14354,240,,,0,31,,14355,240,,,0,70,,14356,240,,,0,32,,14357,240,,,0,65,,14358,240,,,0,100,,14359,240,,,0,100,,14360,240,,,0,100,,14361,240,,,0,100,,14362,240,,,0,101,,14363,240,,,0,102,,14364,240,,,0,91,,14365,240,,,0,28,,14366,240,,,0,75,,14367,240,,,0,31,,14368,240,,,0,76,,14369,240,,,0,31,,14370,240,,,0,71,,14371,240,,,0,99,,14372,240,,,0,100,,14373,240,,,0,100,,14374,240,,,0,104,,14375,240,,,0
61000,'Week-end-03',821,,16876,240,,,0,100,,16877,240,,,0,99,,16878,240,,,0,100,,16879,240,,,0,100,,16880,240,,,0,100,,16881,240,,,0,101,,16882,240,,,0,100,,16883,240,,,0,100,,16884,240,,,0,100,,16885,240,,,0,98,,16886,240,,,0,100,,16887,240,,,0,100,,16888,240,,,0,100,,16889,240,,,0,100,,16890,240,,,0,100,,16891,240,,,0
61000,'Week-end-53',821,,14377,240,,,0,100,,14378,240,,,0,99,,14379,240,,,0,100,,14380,240,,,0,100,,14381,240,,,0,100,,14382,240,,,0,101,,14383,240,,,0,100,,14384,240,,,0,100,,14385,240,,,0,100,,14386,240,,,0,98,,14387,240,,,0,100,,14388,240,,,0,100,,14389,240,,,0,100,,14390,240,,,0,100,,14391,240,,,0,100,,14392,240,,,0
