23000,'Fête-1-01',835,,750,,,0,100,,751,,,0,100,,755,,,0,100,,756,,,0,100,,757,,,0,100,,758,,,0,100,,759,,,0,100,,761,,,0,100,,749,,,0,100,,748,,,0,100,,760,,,0,100,,754,,,0,100,,753,,,0,100,,752,,,0,100,,762,,,0
23000,'Fête-1-02',835,,765,,,0,100,,766,,,0,100,,770,,,0,100,,771,,,0,100,,772,,,0,100,,773,,,0,100,,774,,,0,100,,776,,,0,100,,764,,,0,100,,763,,,0,100,,775,,,0,100,,769,,,0,100,,768,,,0,100,,767,,,0,100,,777,,,0
23000,'Fête-2-02',612,,783,,,0,29,,784,,,0,70,,785,,,0,30,,786,,,0,70,,787,,,0,29,,788,,,0,100,,789,,,0,100,,794,,,0,100,,795,,,0,100,,796,,,0,100,,797,,,0,100,,798,,,0,101,,800,,,0,70,,781,,,0,30,,780,,,0,70,,779,,,0,30,,778,,,0,70,,782,,,0,29,,799,,,0,70,,793,,,0,100,,792,,,0,100,,791,,,0,100,,790,,,0
23000,'Semaine-01',612,,806,,,0,29,,807,,,0,70,,808,,,0,30,,809,,,0,70,,810,,,0,29,,811,,,0,100,,812,,,0,100,,817,,,0,100,,818,,,0,100,,819,,,0,100,,820,,,0,100,,821,,,0,101,,823,,,0,70,,804,,,0,30,,803,,,0,70,,802,,,0,30,,801,,,0,70,,805,,,0,29,,822,,,0,70,,816,,,0,100,,815,,,0,100,,814,,,0,100,,813,,,0
23000,'Semaine-50',612,,829,,,0,29,,830,,,0,70,,831,,,0,30,,832,,,0,70,,833,,,0,29,,834,,,0,100,,835,,,0,100,,840,,,0,100,,841,,,0,100,,842,,,0,100,,843,,,0,100,,844,,,0,101,,846,,,0,70,,827,,,0,30,,826,,,0,70,,825,,,0,30,,824,,,0,70,,828,,,0,29,,845,,,0,70,,839,,,0,100,,838,,,0,100,,837,,,0,100,,836,,,0
23000,'Week-end-01',835,,849,,,0,100,,850,,,0,100,,854,,,0,100,,855,,,0,100,,856,,,0,100,,857,,,0,100,,858,,,0,100,,860,,,0,100,,848,,,0,100,,847,,,0,100,,859,,,0,100,,853,,,0,100,,852,,,0,100,,851,,,0,100,,861,,,0
23000,'Week-end-50',835,,864,,,0,100,,865,,,0,100,,869,,,0,100,,870,,,0,100,,871,,,0,100,,872,,,0,100,,873,,,0,100,,875,,,0,100,,863,,,0,100,,862,,,0,100,,874,,,0,100,,868,,,0,100,,867,,,0,100,,866,,,0,100,,876,,,0
23101,'Fête-1-01',909,,1016,,,0,100,,1015,,,0,100,,1017,,,0,100,,1013,,,0,100,,1018,,,0,100,,1012,,,0,100,,1019,,,0,100,,1011,,,0,100,,1020,,,0,100,,1014,,,0,100,,1021,,,0,100,,1010,,,0,100,,1022,,,0,100,,1009,,,0
23101,'Fête-1-02',909,,1031,,,0,100,,1030,,,0,100,,1032,,,0,100,,1028,,,0,100,,1033,,,0,100,,1027,,,0,100,,1034,,,0,100,,1026,,,0,100,,1035,,,0,100,,1029,,,0,100,,1036,,,0,100,,1025,,,0,100,,1037,,,0,100,,1024,,,0
23101,'Fête-2-02',656,,1039,,,0,70,,1040,,,0,30,,1041,,,0,70,,1042,,,0,30,,1043,,,0,90,,1044,,,0,100,,1045,,,0,100,,1046,,,0,100,,1047,,,0,100,,1048,,,0,100,,1049,,,0,100,,1050,,,0,90,,1051,,,0,70,,1052,,,0,30,,1053,,,0,70,,1054,,,0,25,,1055,,,0,70,,1056,,,0,45,,1057,,,0,100,,1058,,,0,100,,1059,,,0,100,,1060,,,0
23101,'Semaine-01',656,,1062,,,0,70,,1063,,,0,30,,1064,,,0,70,,1065,,,0,30,,1066,,,0,90,,1067,,,0,100,,1068,,,0,100,,1069,,,0,100,,1070,,,0,100,,1071,,,0,100,,1072,,,0,100,,1073,,,0,93,,1074,,,0,67,,1075,,,0,33,,1076,,,0,67,,1077,,,0,28,,1078,,,0,67,,1079,,,0,45,,1080,,,0,100,,1081,,,0,100,,1082,,,0,100,,1083,,,0
23101,'Semaine-50',656,,1085,,,0,70,,1086,,,0,30,,1087,,,0,70,,1088,,,0,30,,1089,,,0,90,,1090,,,0,100,,1091,,,0,100,,1092,,,0,100,,1093,,,0,100,,1094,,,0,100,,1095,,,0,100,,1096,,,0,93,,1097,,,0,67,,1098,,,0,33,,1099,,,0,67,,1100,,,0,28,,1101,,,0,67,,1102,,,0,45,,1103,,,0,100,,1104,,,0,100,,1105,,,0,100,,1106,,,0
23101,'Week-end-01',909,,1115,,,0,100,,1114,,,0,100,,1116,,,0,100,,1112,,,0,100,,1117,,,0,100,,1111,,,0,100,,1118,,,0,100,,1110,,,0,100,,1119,,,0,100,,1113,,,0,100,,1120,,,0,100,,1109,,,0,100,,1121,,,0,100,,1108,,,0
23101,'Week-end-50',909,,1130,,,0,100,,1129,,,0,100,,1131,,,0,100,,1127,,,0,100,,1132,,,0,100,,1126,,,0,100,,1133,,,0,100,,1125,,,0,100,,1134,,,0,100,,1128,,,0,100,,1135,,,0,100,,1124,,,0,100,,1136,,,0,100,,1123,,,0
