22001,'Fête-1-02',829,,21270,760,,,0,200,,21267,760,,,0,199,,21265,760,,,0,200,,21266,760,,,0,200,,21264,760,,,0,201,,21269,760,,,0,200,,21268,760,,,0
22001,'Semaine-02',537,,17323,430,0,6 7,0,70,,17324,430,0,6 7,0,27,,17325,760,,,0,70,,17326,760,,,0,31,,17327,760,,,0,71,,17328,760,,,0,31,,17329,760,,,0,69,,17330,760,,,0,99,,17331,760,,,0,100,,17332,760,,,0,100,,17333,760,,,0,100,,17334,760,,,0,100,,17335,760,,,0,101,,17336,760,,,0,100,,17337,760,,,0,102,,17338,760,,,0,30,,17339,760,,,0,70,,17340,760,,,0,30,,17341,760,,,0,68,,17342,760,,,0,27,,17343,760,,,0,70,,17344,760,,,0,100,,17345,760,,,0,99,,17346,760,,,0,100,,17347,760,,,0
22001,'Semaine-03',537,,21271,430,0,6 7,0,70,,21272,430,0,6 7,0,27,,21273,760,,,0,70,,21274,760,,,0,31,,21275,760,,,0,71,,21276,760,,,0,31,,21277,760,,,0,69,,21278,760,,,0,99,,21279,760,,,0,100,,21280,760,,,0,100,,21281,760,,,0,100,,21282,760,,,0,100,,21283,760,,,0,101,,21284,760,,,0,100,,21285,760,,,0,102,,21286,760,,,0,30,,21287,760,,,0,70,,21288,760,,,0,30,,21289,760,,,0,68,,21290,760,,,0,27,,21291,760,,,0,70,,21292,760,,,0,100,,21293,760,,,0,99,,21294,760,,,0,100,,21295,760,,,0
22001,'Week-end-01',829,,17356,760,,,0,200,,17353,760,,,0,199,,17351,760,,,0,200,,17352,760,,,0,200,,17350,760,,,0,201,,17355,760,,,0,200,,17354,760,,,0
22100,'Fête-1-02',929,,21297,760,,,0,200,,21301,760,,,0,200,,21302,760,,,0,200,,21303,760,,,0,200,,21298,760,,,0,200,,21300,760,,,0,200,,21299,760,,,0
22100,'Semaine-02',552,,17389,370,0,6 7,0,70,,17390,370,0,6 7,0,31,,17391,760,,,0,70,,17388,760,,,0,31,,17392,760,,,0,70,,17393,760,,,0,30,,17394,760,,,0,85,,17395,760,,,0,100,,17396,760,,,0,100,,17397,760,,,0,100,,17398,760,,,0,100,,17399,760,,,0,100,,17400,760,,,0,100,,17401,760,,,0,100,,17402,760,,,0,85,,17403,760,,,0,30,,17404,760,,,0,70,,17405,760,,,0,30,,17406,760,,,0,67,,17407,760,,,0,30,,17408,760,,,0,85,,17409,760,,,0,99,,17410,760,,,0,100,,17411,760,,,0
22100,'Semaine-03',552,,21305,370,0,6 7,0,70,,21306,370,0,6 7,0,31,,21307,760,,,0,70,,21304,760,,,0,31,,21308,760,,,0,70,,21309,760,,,0,30,,21310,760,,,0,85,,21311,760,,,0,100,,21312,760,,,0,100,,21313,760,,,0,100,,21314,760,,,0,100,,21315,760,,,0,100,,21316,760,,,0,100,,21317,760,,,0,100,,21318,760,,,0,85,,21319,760,,,0,30,,21320,760,,,0,70,,21321,760,,,0,30,,21322,760,,,0,67,,21323,760,,,0,30,,21324,760,,,0,85,,21325,760,,,0,99,,21326,760,,,0,100,,21327,760,,,0
22100,'Week-end-01',929,,17412,760,,,0,200,,17416,760,,,0,200,,17417,760,,,0,200,,17418,760,,,0,200,,17413,760,,,0,200,,17415,760,,,0,200,,17414,760,,,0
22201,'Fête-1-02',838,,21342,960,,,0,100,,21330,960,,,0,100,,21329,960,,,0,100,,21328,960,,,0,100,,21331,960,,,0,100,,21332,960,,,0,100,,21333,960,,,0,100,,21334,960,,,0,100,,21335,960,,,0,100,,21336,960,,,0,100,,21337,960,,,0,100,,21338,960,,,0,100,,21339,960,,,0,100,,21340,960,,,0
22201,'Semaine-02',606,,17475,470,0,6 7,0,23,,17472,960,,,0,80,,17455,960,,,0,30,,17473,960,,,0,82,,17456,960,,,0,80,,17457,960,,,0,108,,17458,960,,,0,100,,17459,960,,,0,100,,17460,960,,,0,100,,17461,960,,,0,100,,17462,960,,,0,100,,17463,960,,,0,100,,17464,960,,,0,102,,17465,960,,,0,40,,17474,960,,,0,75,,17466,960,,,0,80,,17467,960,,,0,103,,17468,960,,,0,100,,17469,960,,,0,100,,17470,960,,,0
22201,'Semaine-03',606,,21363,470,0,6 7,0,23,,21360,960,,,0,80,,21343,960,,,0,30,,21361,960,,,0,82,,21344,960,,,0,80,,21345,960,,,0,108,,21346,960,,,0,100,,21347,960,,,0,100,,21348,960,,,0,100,,21349,960,,,0,100,,21350,960,,,0,100,,21351,960,,,0,100,,21352,960,,,0,102,,21353,960,,,0,40,,21362,960,,,0,75,,21354,960,,,0,80,,21355,960,,,0,103,,21356,960,,,0,100,,21357,960,,,0,100,,21358,960,,,0
22201,'Week-end-01',838,,17490,960,,,0,100,,17478,960,,,0,100,,17477,960,,,0,100,,17476,960,,,0,100,,17479,960,,,0,100,,17480,960,,,0,100,,17481,960,,,0,100,,17482,960,,,0,100,,17483,960,,,0,100,,17484,960,,,0,100,,17485,960,,,0,100,,17486,960,,,0,100,,17487,960,,,0,100,,17488,960,,,0
