'LA-A25-LAGTFS-Semaine-07',90401,50700,4,'',0,600,,'',0,2400,4,'',0,1100,,'',0,6400,4,'',0,600,,'',0,2400,4,'',0,600,,'',0,6400,4,'',0,600,,'',0,2400,4,'',0,600,,'',0,6400,4,'',0,600,,'',0,2400,4,'',0,1100,,'',0,6400,4,'',0,1600,,'',0,2400,4,'',0,6100,,'',0,2400,4,'',0,6100,,'',0,2400,4,'',0,2000,,'',0,6400,4,'',0,400,,'',0,2400,4,'',0,400,,'',0,6400,4,'',0,3600,,'',0,6400,4,'',0,4200,,'',0,6400,4,'',0,500,,'',0,2400,4,'',0,6200,,'',0,2400,4,'',0,600,,'',0,2400,4,'',0,5200,,'',0,2400,4,'',0,500,,'',0,6400,4,'',0,500,,'',0,2400,4,'',0,500,,'',0,6400,4,'',0,600,,'',0,2400,4,'',0,800,,'',0,6400,4,'',0,600,,'',0,2400,4,'',0,600,,'',0,6400,4,'',0,600,,'',0,2400,4,'',0,600,,'',0,6400,4,'',0,600,,'',0,2400,4,'',0,800,,'',0,6400,4,'',0,500,,'',0,2400,4,'',0,400,,'',0,6400,4,'',0,800,,'',0
'LA-A25-LAGTFS-Semaine-20',90401,50700,4,'',0,600,,'',0,2400,4,'',0,1100,,'',0,6400,4,'',0,600,,'',0,2400,4,'',0,600,,'',0,6400,4,'',0,600,,'',0,2400,4,'',0,600,,'',0,6400,4,'',0,600,,'',0,2400,4,'',0,1100,,'',0,6400,4,'',0,1600,,'',0,2400,4,'',0,6100,,'',0,2400,4,'',0,6100,,'',0,2400,4,'',0,2000,,'',0,6400,4,'',0,400,,'',0,2400,4,'',0,400,,'',0,6400,4,'',0,3600,,'',0,6400,4,'',0,4200,,'',0,6400,4,'',0,500,,'',0,2400,4,'',0,6200,,'',0,2400,4,'',0,600,,'',0,2400,4,'',0,5200,,'',0,2400,4,'',0,500,,'',0,6400,4,'',0,500,,'',0,2400,4,'',0,500,,'',0,6400,4,'',0,600,,'',0,2400,4,'',0,800,,'',0,6400,4,'',0,600,,'',0,2400,4,'',0,600,,'',0,6400,4,'',0,600,,'',0,2400,4,'',0,600,,'',0,6400,4,'',0,600,,'',0,2400,4,'',0,800,,'',0,6400,4,'',0,500,,'',0,2400,4,'',0,400,,'',0,6400,4,'',0,800,,'',0
'LA-A25-LAGTFS-Fête-1-03',2000090400,203700,4,'',0,7000,4,'',0,3000,4,'',0,7000,4,'',0,3000,4,'',0,7000,4,'',0,3000,4,'',0,7000,4,'',0,3000,4,'',0
'LA-A25-LAGTFS-Fête-1-03',2000090401,221100,,'',0,3100,,'',0,7000,,'',0,3000,,'',0,7000,,'',0,3000,,'',0,7000,,'',0,3000,,'',0,7000,,'',0
'LA-A25-LAGTFS-Fête-2-01',2000090400,203700,4,'',0,7000,4,'',0,3000,4,'',0,7000,4,'',0,3000,4,'',0,7000,4,'',0,3000,4,'',0,7000,4,'',0,3000,4,'',0
'LA-A25-LAGTFS-Fête-2-01',2000090401,221100,,'',0,3100,,'',0,7000,,'',0,3000,,'',0,7000,,'',0,3000,,'',0,7000,,'',0,3000,,'',0,7000,,'',0
'LA-A25-LAGTFS-Semaine-07',2000090401,161400,,'',0,1000,,'',0,2000,,'',0,5600,,'',0,2000,,'',0,1000,,'',0,1900,,'',0,1000,,'',0,5900,,'',0,1000,,'',0,1900,,'',0,1000,,'',0,58500,,'',0,7000,,'',0,3000,,'',0,7000,,'',0
'LA-A25-LAGTFS-Semaine-20',2000090401,161400,,'',0,1000,,'',0,2000,,'',0,5600,,'',0,2000,,'',0,1000,,'',0,1900,,'',0,1000,,'',0,5900,,'',0,1000,,'',0,1900,,'',0,1000,,'',0,58500,,'',0,7000,,'',0,3000,,'',0,7000,,'',0
'LA-A25-LAGTFS-Week-end-01',2000090400,203700,4,'',0,7000,4,'',0,3000,4,'',0,7000,4,'',0,3000,4,'',0,7000,4,'',0,3000,4,'',0,7000,4,'',0,3000,4,'',0
'LA-A25-LAGTFS-Week-end-01',2000090401,221100,,'',0,3100,,'',0,7000,,'',0,3000,,'',0,7000,,'',0,3000,,'',0,7000,,'',0,3000,,'',0,7000,,'',0
