50801,'Fête-2-02',1654,,5759,4,,0,70,,5761,4,,0,30,,5760,4,,0
50801,'Semaine-01',1654,,5762,4,,0,70,,5764,4,,0,30,,5763,4,,0
50801,'Semaine-50',1654,,5765,4,,0,70,,5767,4,,0,30,,5766,4,,0
70801,'Fête-1-01',701,,6647,4,,0,105,,6663,4,,0,34,,6648,4,,0,100,,6649,4,,0,91,,6650,4,,0,100,,6651,4,,0,101,,6652,4,,0,100,,6653,4,,0,100,,6654,4,,0,100,,6655,4,,0,100,,6656,4,,0,100,,6657,4,,0,100,,6658,4,,0,100,,6659,4,,0,95,,6660,4,,0,98,,6661,4,,0,100,,6662,4,,0,80,,6645,4,,0,118,,6646,4,,0
70801,'Fête-1-02',701,,6666,4,,0,105,,6682,4,,0,34,,6667,4,,0,100,,6668,4,,0,91,,6669,4,,0,100,,6670,4,,0,101,,6671,4,,0,100,,6672,4,,0,100,,6673,4,,0,100,,6674,4,,0,100,,6675,4,,0,100,,6676,4,,0,100,,6677,4,,0,100,,6678,4,,0,95,,6679,4,,0,98,,6680,4,,0,100,,6681,4,,0,80,,6664,4,,0,118,,6665,4,,0
70801,'Fête-2-02',520,,6683,4,,0,33,,6684,4,,0,66,,6711,4,,0,19,,6685,4,,0,11,,6712,4,,0,59,,6686,4,,0,11,,6713,4,,0,19,,6687,4,,0,11,,6714,4,,0,59,,6688,4,,0,11,,6715,4,,0,19,,6689,4,,0,70,,6690,4,,0,30,,6691,4,,0,21,,6692,4,,0,70,,6693,4,,0,100,,6694,4,,0,100,,6695,4,,0,100,,6696,4,,0,100,,6697,4,,0,100,,6698,4,,0,102,,6699,4,,0,70,,6700,4,,0,30,,6701,4,,0,70,,6702,4,,0,30,,6703,4,,0,70,,6704,4,,0,29,,6705,4,,0,93,,6706,4,,0,100,,6707,4,,0,100,,6708,4,,0,100,,6709,4,,0,96,,6710,4,,0,100,,6716,4,,0
70801,'Semaine-01',520,,6717,4,,0,33,,6718,4,,0,66,,6753,4,,0,19,,6719,4,,0,11,,6754,4,,0,59,,6720,4,,0,11,,6755,4,,0,10,,6760,4,,0,9,,6721,4,,0,11,,6756,4,,0,59,,6722,4,,0,11,,6757,4,,0,19,,6723,4,,0,11,,6758,4,,0,59,,6724,4,,0,30,,6725,4,,0,21,,6726,4,,0,70,,6727,4,,0,30,,6728,4,,0,70,,6729,4,,0,30,,6730,4,,0,70,,6731,4,,0,30,,6732,4,,0,70,,6733,4,,0,30,,6734,4,,0,70,,6735,4,,0,30,,6736,4,,0,70,,6737,4,,0,72,,6738,4,,0,30,,6739,4,,0,70,,6740,4,,0,30,,6741,4,,0,70,,6742,4,,0,30,,6743,4,,0,70,,6744,4,,0,29,,6745,4,,0,23,,6746,4,,0,70,,6747,4,,0,30,,6748,4,,0,70,,6749,4,,0,100,,6750,4,,0,100,,6751,4,,0,96,,6752,4,,0,100,,6759,4,,0
70801,'Semaine-50',520,,6761,4,,0,33,,6762,4,,0,66,,6797,4,,0,19,,6763,4,,0,11,,6798,4,,0,59,,6764,4,,0,11,,6799,4,,0,10,,6804,4,,0,9,,6765,4,,0,11,,6800,4,,0,59,,6766,4,,0,11,,6801,4,,0,19,,6767,4,,0,11,,6802,4,,0,59,,6768,4,,0,30,,6769,4,,0,21,,6770,4,,0,70,,6771,4,,0,30,,6772,4,,0,70,,6773,4,,0,30,,6774,4,,0,70,,6775,4,,0,30,,6776,4,,0,70,,6777,4,,0,30,,6778,4,,0,70,,6779,4,,0,30,,6780,4,,0,70,,6781,4,,0,72,,6782,4,,0,30,,6783,4,,0,70,,6784,4,,0,30,,6785,4,,0,70,,6786,4,,0,30,,6787,4,,0,70,,6788,4,,0,29,,6789,4,,0,23,,6790,4,,0,70,,6791,4,,0,30,,6792,4,,0,70,,6793,4,,0,100,,6794,4,,0,100,,6795,4,,0,96,,6796,4,,0,100,,6803,4,,0
70801,'Week-end-01',701,,6807,4,,0,105,,6823,4,,0,34,,6808,4,,0,100,,6809,4,,0,91,,6810,4,,0,100,,6811,4,,0,101,,6812,4,,0,100,,6813,4,,0,100,,6814,4,,0,100,,6815,4,,0,100,,6816,4,,0,100,,6817,4,,0,100,,6818,4,,0,100,,6819,4,,0,95,,6820,4,,0,98,,6821,4,,0,100,,6822,4,,0,80,,6805,4,,0,118,,6806,4,,0
70801,'Week-end-50',701,,6826,4,,0,105,,6842,4,,0,34,,6827,4,,0,100,,6828,4,,0,91,,6829,4,,0,100,,6830,4,,0,101,,6831,4,,0,100,,6832,4,,0,100,,6833,4,,0,100,,6834,4,,0,100,,6835,4,,0,100,,6836,4,,0,100,,6837,4,,0,100,,6838,4,,0,95,,6839,4,,0,98,,6840,4,,0,100,,6841,4,,0,80,,6824,4,,0,118,,6825,4,,0
