23001,'Fête-1-01',811,,878,,,0,100,,890,,,0,100,,879,,,0,100,,884,,,0,100,,891,,,0,100,,885,,,0,100,,886,,,0,100,,887,,,0,100,,889,,,0,100,,882,,,0,100,,883,,,0,100,,888,,,0,100,,881,,,0,100,,880,,,0,100,,877,,,0
23001,'Fête-1-02',811,,893,,,0,100,,905,,,0,100,,894,,,0,100,,899,,,0,100,,906,,,0,100,,900,,,0,100,,901,,,0,100,,902,,,0,100,,904,,,0,100,,897,,,0,100,,898,,,0,100,,903,,,0,100,,896,,,0,100,,895,,,0,100,,892,,,0
23001,'Fête-2-02',615,,915,,,0,32,,908,,,0,70,,909,,,0,30,,910,,,0,70,,911,,,0,29,,912,,,0,70,,913,,,0,100,,914,,,0,100,,924,,,0,100,,925,,,0,100,,926,,,0,100,,927,,,0,100,,928,,,0,101,,930,,,0,30,,920,,,0,70,,921,,,0,30,,922,,,0,70,,923,,,0,28,,919,,,0,70,,929,,,0,30,,918,,,0,100,,917,,,0,100,,916,,,0,100,,907,,,0
23001,'Semaine-01',615,,939,,,0,32,,932,,,0,70,,933,,,0,30,,934,,,0,70,,935,,,0,29,,936,,,0,70,,937,,,0,100,,938,,,0,100,,948,,,0,100,,949,,,0,100,,950,,,0,100,,951,,,0,100,,952,,,0,101,,954,,,0,30,,944,,,0,70,,945,,,0,30,,946,,,0,70,,947,,,0,28,,943,,,0,70,,953,,,0,30,,942,,,0,100,,941,,,0,100,,940,,,0,100,,931,,,0
23001,'Semaine-50',615,,963,,,0,32,,956,,,0,70,,957,,,0,30,,958,,,0,70,,959,,,0,29,,960,,,0,70,,961,,,0,100,,962,,,0,100,,972,,,0,100,,973,,,0,100,,974,,,0,100,,975,,,0,100,,976,,,0,101,,978,,,0,30,,968,,,0,70,,969,,,0,30,,970,,,0,70,,971,,,0,28,,967,,,0,70,,977,,,0,30,,966,,,0,100,,965,,,0,100,,964,,,0,100,,955,,,0
23001,'Week-end-01',811,,980,,,0,100,,992,,,0,100,,981,,,0,100,,986,,,0,100,,993,,,0,100,,987,,,0,100,,988,,,0,100,,989,,,0,100,,991,,,0,100,,984,,,0,100,,985,,,0,100,,990,,,0,100,,983,,,0,100,,982,,,0,100,,979,,,0
23001,'Week-end-50',811,,995,,,0,100,,1007,,,0,100,,996,,,0,100,,1001,,,0,100,,1008,,,0,100,,1002,,,0,100,,1003,,,0,100,,1004,,,0,100,,1006,,,0,100,,999,,,0,100,,1000,,,0,100,,1005,,,0,100,,998,,,0,100,,997,,,0,100,,994,,,0
70901,'Fête-2-02',1013,,7270,,,0,30,,7271,,,0,15,,7272,,,0,55,,7273,,,0,15,,7274,,,0,15,,7307,,,0,15,,7275,,,0,85,,7276,,,0,15,,7277,,,0,55,,7278,,,0,30,,7299,,,0,70,,7300,,,0,30,,7301,,,0,15,,7302,,,0,55,,7303,,,0,45,,7280,,,0,55,,7279,,,0,30,,7281,,,0,15,,7282,,,0,50,,7283,,,0,15,,7284,,,0,15,,7305,,,0,15,,7306,,,0,55,,7285,,,0,20,,7286,,,0,15,,7287,,,0,15,,7288,,,0
70901,'Semaine-01',1013,,7332,,,0,30,,7333,,,0,15,,7334,,,0,55,,7335,,,0,15,,7336,,,0,15,,7371,,,0,15,,7337,,,0,55,,7372,,,0,30,,7338,,,0,15,,7339,,,0,55,,7340,,,0,30,,7363,,,0,70,,7364,,,0,30,,7365,,,0,15,,7366,,,0,55,,7367,,,0,30,,7362,,,0,15,,7342,,,0,55,,7341,,,0,15,,7343,,,0,15,,7344,,,0,15,,7345,,,0,50,,7346,,,0,15,,7347,,,0,15,,7369,,,0,15,,7370,,,0,55,,7348,,,0,20,,7349,,,0,15,,7350,,,0,15,,7351,,,0
70901,'Semaine-50',1013,,7397,,,0,30,,7398,,,0,15,,7399,,,0,55,,7400,,,0,15,,7401,,,0,15,,7436,,,0,15,,7402,,,0,55,,7437,,,0,30,,7403,,,0,15,,7404,,,0,55,,7405,,,0,30,,7428,,,0,70,,7429,,,0,30,,7430,,,0,15,,7431,,,0,55,,7432,,,0,30,,7427,,,0,15,,7407,,,0,55,,7406,,,0,15,,7408,,,0,15,,7409,,,0,15,,7410,,,0,50,,7411,,,0,15,,7412,,,0,15,,7434,,,0,15,,7435,,,0,55,,7413,,,0,20,,7414,,,0,15,,7415,,,0,15,,7416,,,0
