24601,'Semaine-01',559,,18788,450,,,0,87,,18787,450,,,0,89,,18786,450,,,0,93,,18785,450,,,0,89,,18784,450,,,0,699,,18783,450,,,0,92,,18782,450,,,0,93,,18781,450,,,0,52,,18780,450,,,0,87,,18779,450,,,0
24601,'Semaine-02',559,,18798,450,,,0,87,,18797,450,,,0,89,,18796,450,,,0,93,,18795,450,,,0,89,,18794,450,,,0,699,,18793,450,,,0,92,,18792,450,,,0,93,,18791,450,,,0,52,,18790,450,,,0,87,,18789,450,,,0
25001,'Fête-1-01',749,,19147,540,,,0,100,,19131,540,,,0,70,,19134,540,,,0,100,,19141,540,,,0,30,,19142,540,,,0,100,,19133,540,,,0,70,,19136,540,,,0,100,,19144,540,,,0,30,,19145,540,,,0,100,,19132,540,,,0,70,,19143,540,,,0,100,,19135,540,,,0,31,,19140,540,,,0,100,,19146,540,,,0,70,,19137,540,,,0,100,,19138,540,,,0,30,,19130,540,,,0,100,,19139,540,,,0,70,,19148,540,,,0,100,,19129,540,,,0,30,,19149,540,,,0
25001,'Semaine-01',618,,19150,540,,,0,25,,19151,540,,,0,72,,19152,540,0,8 27 75,0,22,,19153,540,,,0,85,,19154,540,,,0,94,,19155,540,,,0,28,,19156,540,,,0,95,,19157,540,,,0,100,,19158,540,,,0,103,,19159,540,,,0,100,,19160,540,,,0,102,,19161,540,,,0,115,,19162,540,,,0,142,,19163,540,,,0,26,,19164,540,,,0,30,,19165,540,,,0,68,,19166,540,,,0,81,,19167,540,,,0,47,,19168,540,,,0,147,,19169,540,,,0,55,,19170,540,,,0,99,,19171,540,,,0
25001,'Semaine-02',618,,19172,540,,,0,25,,19173,540,,,0,72,,19174,540,0,8 27 75,0,22,,19175,540,,,0,85,,19176,540,,,0,94,,19177,540,,,0,28,,19178,540,,,0,95,,19179,540,,,0,100,,19180,540,,,0,103,,19181,540,,,0,100,,19182,540,,,0,102,,19183,540,,,0,115,,19184,540,,,0,142,,19185,540,,,0,26,,19186,540,,,0,30,,19187,540,,,0,68,,19188,540,,,0,81,,19189,540,,,0,47,,19190,540,,,0,147,,19191,540,,,0,55,,19192,540,,,0,99,,19193,540,,,0
25001,'Week-end-01',749,,19212,540,,,0,100,,19196,540,,,0,70,,19199,540,,,0,100,,19206,540,,,0,30,,19207,540,,,0,100,,19198,540,,,0,70,,19201,540,,,0,100,,19209,540,,,0,30,,19210,540,,,0,100,,19197,540,,,0,70,,19208,540,,,0,100,,19200,540,,,0,31,,19205,540,,,0,100,,19211,540,,,0,70,,19202,540,,,0,100,,19203,540,,,0,30,,19195,540,,,0,100,,19204,540,,,0,70,,19213,540,,,0,100,,19194,540,,,0,30,,19214,540,,,0
25100,'Fête-1-01',740,,19215,70,0,31 32,0,93,,19230,410,,,0,100,,19228,410,,,0,100,,19231,410,,,0,100,,19227,410,,,0,100,,19226,410,,,0,100,,19229,410,,,0,100,,19222,410,,,0,100,,19225,410,,,0,100,,19221,410,,,0,100,,19223,410,,,0,100,,19219,410,,,0,99,,19224,410,,,0,100,,19216,410,,,0,100,,19217,410,,,0,100,,19218,410,,,0
25100,'Semaine-01',928,,19233,410,,,0,100,,19232,410,,,0,100,,19241,410,,,0,100,,19237,410,,,0,100,,19240,410,,,0,100,,19235,410,,,0,615,,19238,410,,,0,97,,19236,410,,,0,98,,19234,410,,,0
25100,'Semaine-02',928,,19243,410,,,0,100,,19242,410,,,0,100,,19251,410,,,0,100,,19247,410,,,0,100,,19250,410,,,0,100,,19245,410,,,0,615,,19248,410,,,0,97,,19246,410,,,0,98,,19244,410,,,0
25100,'Week-end-01',740,,19252,70,0,31 32,0,93,,19267,410,,,0,100,,19265,410,,,0,100,,19268,410,,,0,100,,19264,410,,,0,100,,19263,410,,,0,100,,19266,410,,,0,100,,19259,410,,,0,100,,19262,410,,,0,100,,19258,410,,,0,100,,19260,410,,,0,100,,19256,410,,,0,99,,19261,410,,,0,100,,19253,410,,,0,100,,19254,410,,,0,100,,19255,410,,,0
70901,'Fête-1-01',623,,21049,460,,,0,30,,21050,460,,,0,70,,21051,460,,,0,30,,21052,460,,,0,70,,21053,460,,,0,15,,21054,460,,,0,71,,21055,460,,,0,30,,21056,460,,,0,70,,21057,460,,,0,31,,21058,460,,,0,71,,21059,460,,,0,30,,21060,460,,,0,70,,21061,460,,,0,30,,21062,460,,,0,70,,21063,460,,,0,30,,21064,460,,,0,70,,21065,460,,,0,30,,21066,460,,,0,70,,21067,460,,,0,30,,21068,460,,,0,70,,21069,460,,,0,30,,21070,460,,,0,70,,21071,460,,,0,30,,21072,460,,,0,70,,21073,460,,,0,30,,21074,460,,,0,70,,21075,460,,,0,30,,21076,460,,,0,70,,21077,460,,,0,30,,21078,460,,,0,70,,21079,460,,,0,30,,21080,460,,,0,70,,21081,460,,,0,31,,21082,460,,,0,70,,21083,460,,,0,30,,21084,460,,,0,111,,21085,460,,,0
70901,'Semaine-01',454,,21089,460,,,0,70,,21131,460,,,0,20,,21087,460,,,0,10,,21086,460,,,0,63,,21088,460,,,0,20,,21090,460,,,0,20,,21091,460,,,0,67,,21092,460,,,0,12,,21093,460,,,0,21,,21094,460,,,0,50,,21095,460,,,0,10,,21096,460,,,0,20,,21097,460,,,0,10,,21098,460,,,0,54,,21099,460,,,0,13,,21101,460,,,0,15,,21137,460,,,0,15,,21100,460,,,0,70,,21102,460,,,0,15,,21103,460,,,0,22,,21104,490,,,0,70,,21105,490,,,0,15,,21106,490,,,0,15,,21107,490,,,0,55,,21108,490,,,0,15,,21140,490,,,0,15,,21109,490,,,0,15,,21141,490,,,0,70,,21110,490,,,0,15,,21111,490,,,0,15,,21112,490,,,0,70,,21132,490,,,0,30,,21133,490,,,0,70,,21134,490,,,0,16,,21135,490,,,0,16,,21136,490,,,0,89,,21114,490,,,0,15,,21113,490,,,0,68,,21115,490,,,0,15,,21116,490,,,0,62,,21117,490,,,0,15,,21138,490,,,0,13,,21139,490,,,0,14,,21118,490,,,0,59,,21119,490,,,0,14,,21120,490,,,0,15,,21121,490,,,0,22,,21122,460,,,0,70,,21123,460,,,0,15,,21124,460,,,0,68,,21125,460,,,0,30,,21126,460,,,0,69,,21127,460,,,0,44,,21128,460,,,0,100,,21129,460,,,0,108,,21130,460,,,0
70901,'Semaine-02',454,,21145,460,,,0,70,,21187,460,,,0,20,,21143,460,,,0,10,,21142,460,,,0,63,,21144,460,,,0,20,,21146,460,,,0,20,,21147,460,,,0,67,,21148,460,,,0,12,,21149,460,,,0,21,,21150,460,,,0,50,,21151,460,,,0,10,,21152,460,,,0,20,,21153,460,,,0,10,,21154,460,,,0,54,,21155,460,,,0,13,,21157,460,,,0,15,,21193,460,,,0,15,,21156,460,,,0,70,,21158,460,,,0,15,,21159,460,,,0,22,,21160,490,,,0,70,,21161,490,,,0,15,,21162,490,,,0,15,,21163,490,,,0,55,,21164,490,,,0,15,,21196,490,,,0,15,,21165,490,,,0,15,,21197,490,,,0,70,,21166,490,,,0,15,,21167,490,,,0,15,,21168,490,,,0,70,,21188,490,,,0,30,,21189,490,,,0,70,,21190,490,,,0,16,,21191,490,,,0,16,,21192,490,,,0,89,,21170,490,,,0,15,,21169,490,,,0,68,,21171,490,,,0,15,,21172,490,,,0,62,,21173,490,,,0,15,,21194,490,,,0,13,,21195,490,,,0,14,,21174,490,,,0,59,,21175,490,,,0,14,,21176,490,,,0,15,,21177,490,,,0,22,,21178,460,,,0,70,,21179,460,,,0,15,,21180,460,,,0,68,,21181,460,,,0,30,,21182,460,,,0,69,,21183,460,,,0,44,,21184,460,,,0,100,,21185,460,,,0,108,,21186,460,,,0
70901,'Week-end-01',623,,21198,460,,,0,30,,21199,460,,,0,70,,21200,460,,,0,30,,21201,460,,,0,70,,21202,460,,,0,15,,21203,460,,,0,71,,21204,460,,,0,30,,21205,460,,,0,70,,21206,460,,,0,31,,21207,460,,,0,71,,21208,460,,,0,30,,21209,460,,,0,70,,21210,460,,,0,30,,21211,460,,,0,70,,21212,460,,,0,30,,21213,460,,,0,70,,21214,460,,,0,30,,21215,460,,,0,70,,21216,460,,,0,30,,21217,460,,,0,70,,21218,460,,,0,30,,21219,460,,,0,70,,21220,460,,,0,30,,21221,460,,,0,70,,21222,460,,,0,30,,21223,460,,,0,70,,21224,460,,,0,30,,21225,460,,,0,70,,21226,460,,,0,30,,21227,460,,,0,70,,21228,460,,,0,30,,21229,460,,,0,70,,21230,460,,,0,31,,21231,460,,,0,70,,21232,460,,,0,30,,21233,460,,,0,111,,21234,460,,,0
