24901,'Fête-1-01',738,,18981,340,,,0,168,,18982,340,,,0,130,,18983,340,,,0,170,,18984,340,,,0,130,,18985,340,,,0,170,,18986,340,,,0,130,,18987,340,,,0,170,,18988,340,,,0,130,,18989,340,,,0,170,,18990,340,,,0,130,,18991,340,,,0
24901,'Semaine-01',601,,18992,340,,,0,23,,18993,340,0,8 27 75,0,78,,18994,340,,,0,57,,18995,340,,,0,65,,18996,340,,,0,105,,18997,340,,,0,95,,18998,340,,,0,100,,18999,340,,,0,100,,19000,340,,,0,100,,19001,340,,,0,100,,19002,340,,,0,121,,19003,340,,,0,90,,19004,340,,,0,75,,19005,340,,,0,38,,19006,340,,,0,89,,19007,340,,,0,103,,19008,340,,,0,101,,19009,340,,,0,103,,19010,340,,,0,97,,19011,340,,,0
24901,'Semaine-02',601,,19012,340,,,0,23,,19013,340,0,8 27 75,0,78,,19014,340,,,0,57,,19015,340,,,0,65,,19016,340,,,0,105,,19017,340,,,0,95,,19018,340,,,0,100,,19019,340,,,0,100,,19020,340,,,0,100,,19021,340,,,0,100,,19022,340,,,0,121,,19023,340,,,0,90,,19024,340,,,0,75,,19025,340,,,0,38,,19026,340,,,0,89,,19027,340,,,0,103,,19028,340,,,0,101,,19029,340,,,0,103,,19030,340,,,0,97,,19031,340,,,0
24901,'Week-end-01',738,,19032,340,,,0,168,,19033,340,,,0,130,,19034,340,,,0,170,,19035,340,,,0,130,,19036,340,,,0,170,,19037,340,,,0,130,,19038,340,,,0,170,,19039,340,,,0,130,,19040,340,,,0,170,,19041,340,,,0,130,,19042,340,,,0
25301,'Semaine-01',524,,19311,200,,,0,95,,19314,200,,,0,26,,19315,200,,,0,77,,19312,200,,,0,20,,19313,200,,,0
25301,'Semaine-02',524,,19316,200,,,0,95,,19319,200,,,0,26,,19320,200,,,0,77,,19317,200,,,0,20,,19318,200,,,0
61001,'Fête-1-01',746,,20563,430,,,0,100,,20564,430,,,0,70,,20565,430,,,0,100,,20566,430,,,0,100,,20567,430,,,0,100,,20568,430,,,0,100,,20569,430,,,0,100,,20570,430,,,0,100,,20571,430,,,0,100,,20572,430,,,0,100,,20573,430,,,0,99,,20574,430,,,0,100,,20575,430,,,0,100,,20576,430,,,0,100,,20577,430,,,0,100,,20578,430,,,0,100,,20579,430,,,0
61001,'Semaine-01',549,,20580,430,,,0,70,,20581,430,,,0,100,,20582,430,,,0,100,,20583,430,,,0,99,,20584,430,,,0,100,,20585,430,,,0,99,,20586,430,,,0,100,,20587,430,,,0,100,,20588,430,,,0,100,,20589,430,,,0,101,,20590,430,,,0,100,,20591,430,,,0,103,,20592,430,,,0,99,,20593,430,,,0,96,,20594,430,,,0,100,,20595,430,,,0,100,,20596,430,,,0,100,,20597,430,,,0,100,,20598,430,,,0
61001,'Semaine-02',549,,20599,430,,,0,70,,20600,430,,,0,100,,20601,430,,,0,100,,20602,430,,,0,99,,20603,430,,,0,100,,20604,430,,,0,99,,20605,430,,,0,100,,20606,430,,,0,100,,20607,430,,,0,100,,20608,430,,,0,101,,20609,430,,,0,100,,20610,430,,,0,103,,20611,430,,,0,99,,20612,430,,,0,96,,20613,430,,,0,100,,20614,430,,,0,100,,20615,430,,,0,100,,20616,430,,,0,100,,20617,430,,,0
61001,'Week-end-01',746,,20618,430,,,0,100,,20619,430,,,0,70,,20620,430,,,0,100,,20621,430,,,0,100,,20622,430,,,0,100,,20623,430,,,0,100,,20624,430,,,0,100,,20625,430,,,0,100,,20626,430,,,0,100,,20627,430,,,0,100,,20628,430,,,0,99,,20629,430,,,0,100,,20630,430,,,0,100,,20631,430,,,0,100,,20632,430,,,0,100,,20633,430,,,0,100,,20634,430,,,0
