23001,'Fête-1-02',814,,21525,180,,,0,101,,21537,180,,,0,100,,21526,180,,,0,101,,21531,180,,,0,102,,21538,180,,,0,100,,21532,180,,,0,100,,21533,180,,,0,99,,21534,180,,,0,100,,21536,180,,,0,99,,21529,180,,,0,100,,21530,180,,,0,98,,21535,180,,,0,99,,21528,180,,,0,100,,21527,180,,,0,100,,21524,180,,,0
23001,'Semaine-02',615,,17856,180,,,0,33,,17849,180,,,0,70,,17850,180,,,0,31,,17851,180,,,0,70,,17852,180,,,0,30,,17853,180,,,0,70,,17854,180,,,0,100,,17855,180,,,0,105,,17864,180,,,0,107,,17865,180,,,0,115,,17866,180,,,0,155,,17867,180,,,0,116,,17869,180,,,0,39,,17861,180,,,0,72,,17862,180,,,0,75,,17863,180,,,0,30,,17860,180,,,0,69,,17868,180,,,0,29,,17859,180,,,0,100,,17858,180,,,0,100,,17857,180,,,0,99,,17848,180,,,0
23001,'Semaine-03',615,,21547,180,,,0,33,,21540,180,,,0,70,,21541,180,,,0,31,,21542,180,,,0,70,,21543,180,,,0,30,,21544,180,,,0,70,,21545,180,,,0,100,,21546,180,,,0,105,,21555,180,,,0,107,,21556,180,,,0,115,,21557,180,,,0,155,,21558,180,,,0,116,,21560,180,,,0,39,,21552,180,,,0,72,,21553,180,,,0,75,,21554,180,,,0,30,,21551,180,,,0,69,,21559,180,,,0,29,,21550,180,,,0,100,,21549,180,,,0,100,,21548,180,,,0,99,,21539,180,,,0
23001,'Week-end-01',814,,17871,180,,,0,101,,17883,180,,,0,100,,17872,180,,,0,101,,17877,180,,,0,102,,17884,180,,,0,100,,17878,180,,,0,100,,17879,180,,,0,99,,17880,180,,,0,100,,17882,180,,,0,99,,17875,180,,,0,100,,17876,180,,,0,98,,17881,180,,,0,99,,17874,180,,,0,100,,17873,180,,,0,100,,17870,180,,,0
23200,'Fête-1-02',912,,21607,60,,,0,100,,21602,60,,,0,100,,21608,60,,,0,100,,21601,60,,,0,100,,21609,60,,,0,100,,21600,60,,,0,100,,21610,60,,,0,100,,21605,60,,,0,100,,21611,60,,,0,100,,21604,60,,,0,100,,21612,60,,,0,100,,21599,60,,,0,100,,21613,60,,,0,100,,21606,60,,,0
23200,'Semaine-02',607,,17999,60,,,0,26,,18000,60,,,0,74,,18001,60,,,0,28,,18002,60,,,0,72,,18003,60,,,0,34,,18004,60,,,0,99,,18005,60,,,0,100,,18006,60,,,0,100,,18007,60,,,0,100,,18008,60,,,0,101,,18009,60,,,0,100,,18010,60,,,0,101,,18011,60,,,0,75,,18012,60,,,0,32,,18013,60,,,0,96,,18014,60,,,0,68,,18015,60,,,0,36,,18016,60,,,0,95,,18017,60,,,0,95,,18018,60,,,0,100,,18019,60,,,0
23200,'Semaine-03',607,,21614,60,,,0,26,,21615,60,,,0,74,,21616,60,,,0,28,,21617,60,,,0,72,,21618,60,,,0,34,,21619,60,,,0,99,,21620,60,,,0,100,,21621,60,,,0,100,,21622,60,,,0,100,,21623,60,,,0,101,,21624,60,,,0,100,,21625,60,,,0,101,,21626,60,,,0,75,,21627,60,,,0,32,,21628,60,,,0,96,,21629,60,,,0,68,,21630,60,,,0,36,,21631,60,,,0,95,,21632,60,,,0,95,,21633,60,,,0,100,,21634,60,,,0
23200,'Week-end-01',912,,18030,60,,,0,100,,18025,60,,,0,100,,18031,60,,,0,100,,18024,60,,,0,100,,18032,60,,,0,100,,18023,60,,,0,100,,18033,60,,,0,100,,18028,60,,,0,100,,18034,60,,,0,100,,18027,60,,,0,100,,18035,60,,,0,100,,18022,60,,,0,100,,18036,60,,,0,100,,18029,60,,,0
23701,'Fête-1-02',908,,21799,70,,,0,98,,21790,70,,,0,100,,21796,70,,,0,100,,21798,70,,,0,100,,21787,70,,,0,100,,21789,70,,,0,100,,21788,70,,,0,100,,21795,70,,,0,100,,21791,70,,,0,100,,21793,70,,,0,100,,21794,70,,,0,101,,21797,70,,,0,100,,21792,70,,,0,100,,21800,70,,,0
23701,'Semaine-02',559,,18388,70,,,0,76,,18371,70,,,0,20,,18389,70,,,0,84,,18384,70,,,0,90,,18372,70,,,0,107,,18386,70,,,0,104,,18385,70,,,0,100,,18373,70,,,0,100,,18374,70,,,0,100,,18375,70,,,0,100,,18376,70,,,0,97,,18377,70,,,0,169,,18381,70,,,0,36,,18378,70,,,0,117,,18382,70,,,0,145,,18379,70,,,0,100,,18383,70,,,0,108,,18380,70,,,0
23701,'Semaine-03',559,,21819,70,,,0,76,,21802,70,,,0,20,,21820,70,,,0,84,,21815,70,,,0,90,,21803,70,,,0,107,,21817,70,,,0,104,,21816,70,,,0,100,,21804,70,,,0,100,,21805,70,,,0,100,,21806,70,,,0,100,,21807,70,,,0,97,,21808,70,,,0,169,,21812,70,,,0,36,,21809,70,,,0,117,,21813,70,,,0,145,,21810,70,,,0,100,,21814,70,,,0,108,,21811,70,,,0
23701,'Week-end-01',908,,18402,70,,,0,98,,18393,70,,,0,100,,18399,70,,,0,100,,18401,70,,,0,100,,18390,70,,,0,100,,18392,70,,,0,100,,18391,70,,,0,100,,18398,70,,,0,100,,18394,70,,,0,100,,18396,70,,,0,100,,18397,70,,,0,101,,18400,70,,,0,100,,18395,70,,,0,100,,18403,70,,,0
23801,'Fête-1-02',840,,21829,60,,,0,100,,21832,60,,,0,100,,21833,60,,,0,100,,21826,60,,,0,100,,21834,60,,,0,100,,21824,60,,,0,100,,21823,60,,,0,100,,21822,60,,,0,100,,21821,60,,,0,100,,21828,60,,,0,100,,21827,60,,,0,100,,21830,60,,,0,98,,21831,60,,,0,100,,21825,60,,,0,100,,21835,60,0,8 39 1 40,0
23801,'Semaine-02',611,,18461,60,,,0,22,,18462,60,,,0,78,,18463,60,,,0,22,,18464,60,,,0,99,,18465,60,,,0,109,,18445,60,,,0,100,,18446,60,,,0,100,,18447,60,,,0,100,,18448,60,,,0,100,,18449,60,,,0,100,,18450,60,,,0,100,,18451,60,,,0,78,,18452,60,,,0,32,,18453,60,,,0,74,,18467,60,,,0,31,,18454,60,,,0,75,,18466,60,,,0,70,,18468,60,0,8 39 1 40,0,40,,18455,60,,,0,100,,18458,60,,,0,100,,18457,60,,,0,105,,18456,60,0,8 39 1 40,0
23801,'Semaine-03',611,,21853,60,,,0,22,,21854,60,,,0,78,,21855,60,,,0,22,,21856,60,,,0,99,,21857,60,,,0,109,,21837,60,,,0,100,,21838,60,,,0,100,,21839,60,,,0,100,,21840,60,,,0,100,,21841,60,,,0,100,,21842,60,,,0,100,,21843,60,,,0,78,,21844,60,,,0,32,,21845,60,,,0,74,,21859,60,,,0,31,,21846,60,,,0,75,,21858,60,,,0,70,,21860,60,0,8 39 1 40,0,40,,21847,60,,,0,100,,21850,60,,,0,100,,21849,60,,,0,105,,21848,60,0,8 39 1 40,0
23801,'Week-end-01',840,,18477,60,,,0,100,,18480,60,,,0,100,,18481,60,,,0,100,,18474,60,,,0,100,,18482,60,,,0,100,,18472,60,,,0,100,,18471,60,,,0,100,,18470,60,,,0,100,,18469,60,,,0,100,,18476,60,,,0,100,,18475,60,,,0,100,,18478,60,,,0,98,,18479,60,,,0,100,,18473,60,,,0,100,,18483,60,0,8 39 1 40,0
70901,'Fête-1-02',555,,23143,70,,,0,70,,23144,70,,,0,29,,23145,70,,,0,70,,23146,70,,,0,30,,23147,70,,,0,55,,23148,70,,,0,30,,23149,70,,,0,70,,23150,70,,,0,30,,23151,70,,,0,70,,23152,70,,,0,30,,23153,70,,,0,70,,23154,70,,,0,30,,23155,70,,,0,70,,23156,70,,,0,30,,23157,70,,,0,70,,23158,70,,,0,30,,23159,70,,,0,70,,23160,70,,,0,30,,23161,70,,,0,70,,23162,70,,,0,30,,23163,70,,,0,70,,23164,70,,,0,30,,23165,70,,,0,70,,23166,70,,,0,30,,23167,70,,,0,70,,23168,70,,,0,31,,23169,70,,,0,70,,23170,70,,,0,30,,23171,70,,,0,71,,23172,70,,,0,30,,23173,70,,,0,70,,23174,70,,,0,30,,23175,70,,,0,71,,23176,70,,,0,30,,23177,70,,,0,70,,23178,70,,,0,111,,23179,70,,,0
70901,'Semaine-02',425,,21145,70,,,0,30,,21187,70,,,0,60,,21143,70,,,0,10,,21142,70,,,0,20,,21144,70,,,0,60,,21146,70,,,0,20,,21147,70,,,0,25,,21148,70,,,0,51,,21149,70,,,0,20,,21150,70,,,0,10,,21151,70,,,0,10,,21152,70,,,0,60,,21153,70,,,0,10,,21154,70,,,0,15,,21155,70,,,0,15,,21157,70,,,0,15,,21193,70,,,0,55,,21156,70,,,0,30,,21158,70,,,0,15,,21159,70,,,0,62,,21160,100,,,0,30,,21161,100,,,0,55,,21162,100,,,0,15,,21163,100,,,0,15,,21164,100,,,0,15,,21196,100,,,0,55,,21165,100,,,0,15,,21197,100,,,0,30,,21166,100,,,0,55,,21167,100,,,0,15,,21168,100,,,0,30,,21188,100,,,0,70,,21189,100,,,0,30,,21190,100,,,0,55,,21191,100,,,0,15,,21192,100,,,0,85,,21170,100,,,0,15,,21169,100,,,0,30,,21171,100,,,0,55,,21172,100,,,0,25,,21173,100,,,0,15,,21194,100,,,0,15,,21195,100,,,0,55,,21174,100,,,0,20,,21175,100,,,0,15,,21176,100,,,0,55,,21177,100,,,0,23,,21178,70,,,0,30,,21179,70,,,0,55,,21180,70,,,0,29,,21181,70,,,0,70,,21182,70,,,0,30,,21183,70,,,0,85,,21184,70,,,0,100,,21185,70,,,0,108,,21186,70,,,0
70901,'Semaine-03',425,,23183,70,,,0,30,,23225,70,,,0,60,,23181,70,,,0,10,,23180,70,,,0,20,,23182,70,,,0,60,,23184,70,,,0,20,,23185,70,,,0,25,,23186,70,,,0,51,,23187,70,,,0,20,,23188,70,,,0,10,,23189,70,,,0,10,,23190,70,,,0,60,,23191,70,,,0,10,,23192,70,,,0,15,,23193,70,,,0,15,,23195,70,,,0,15,,23231,70,,,0,55,,23194,70,,,0,30,,23196,70,,,0,15,,23197,70,,,0,62,,23198,100,,,0,30,,23199,100,,,0,55,,23200,100,,,0,15,,23201,100,,,0,15,,23202,100,,,0,15,,23234,100,,,0,55,,23203,100,,,0,15,,23235,100,,,0,30,,23204,100,,,0,55,,23205,100,,,0,15,,23206,100,,,0,30,,23226,100,,,0,70,,23227,100,,,0,30,,23228,100,,,0,55,,23229,100,,,0,15,,23230,100,,,0,85,,23208,100,,,0,15,,23207,100,,,0,30,,23209,100,,,0,55,,23210,100,,,0,25,,23211,100,,,0,15,,23232,100,,,0,15,,23233,100,,,0,55,,23212,100,,,0,20,,23213,100,,,0,15,,23214,100,,,0,55,,23215,100,,,0,23,,23216,70,,,0,30,,23217,70,,,0,55,,23218,70,,,0,29,,23219,70,,,0,70,,23220,70,,,0,30,,23221,70,,,0,85,,23222,70,,,0,100,,23223,70,,,0,108,,23224,70,,,0
70901,'Week-end-01',555,,21198,70,,,0,70,,21199,70,,,0,29,,21200,70,,,0,70,,21201,70,,,0,30,,21202,70,,,0,55,,21203,70,,,0,30,,21204,70,,,0,70,,21205,70,,,0,30,,21206,70,,,0,70,,21207,70,,,0,30,,21208,70,,,0,70,,21209,70,,,0,30,,21210,70,,,0,70,,21211,70,,,0,30,,21212,70,,,0,70,,21213,70,,,0,30,,21214,70,,,0,70,,21215,70,,,0,30,,21216,70,,,0,70,,21217,70,,,0,30,,21218,70,,,0,70,,21219,70,,,0,30,,21220,70,,,0,70,,21221,70,,,0,30,,21222,70,,,0,70,,21223,70,,,0,31,,21224,70,,,0,70,,21225,70,,,0,30,,21226,70,,,0,71,,21227,70,,,0,30,,21228,70,,,0,70,,21229,70,,,0,30,,21230,70,,,0,71,,21231,70,,,0,30,,21232,70,,,0,70,,21233,70,,,0,111,,21234,70,,,0
