23300,'Fête-1-02',839,,21641,70,,,0,200,,21643,70,,,0,199,,21639,70,,,0,201,,21644,70,,,0,200,,21642,70,,,0,199,,21640,70,,,0,200,,21637,70,,,0,200,,21638,70,0,8 41 1 42 43 44,0
23300,'Semaine-02',609,,18057,70,,,0,38,,18058,70,,,0,162,,18068,70,,,0,230,,18059,70,,,0,200,,18060,70,,,0,200,,18061,70,,,0,175,,18062,70,,,0,105,,18063,70,,,0,100,,18067,70,,,0,105,,18064,70,,,0,115,,18065,70,,,0,207,,18066,70,0,8 41 1 42 43 44,0
23300,'Semaine-03',609,,21645,70,,,0,38,,21646,70,,,0,162,,21656,70,,,0,230,,21647,70,,,0,200,,21648,70,,,0,200,,21649,70,,,0,175,,21650,70,,,0,105,,21651,70,,,0,100,,21655,70,,,0,105,,21652,70,,,0,115,,21653,70,,,0,207,,21654,70,0,8 41 1 42 43 44,0
23300,'Week-end-01',839,,18073,70,,,0,200,,18075,70,,,0,199,,18071,70,,,0,201,,18076,70,,,0,200,,18074,70,,,0,199,,18072,70,,,0,200,,18069,70,,,0,200,,18070,70,0,8 41 1 42 43 44,0
23400,'Fête-1-02',938,,21662,70,,,0,200,,21660,70,,,0,201,,21657,70,,,0,200,,21659,70,,,0,199,,21658,70,,,0,200,,21663,70,,,0,200,,21661,70,,,0
23400,'Semaine-02',628,,18099,70,,,0,106,,18112,70,,,0,103,,18100,70,,,0,102,,18101,70,,,0,200,,18102,70,,,0,200,,18103,70,,,0,200,,18104,70,,,0,108,,18105,70,,,0,102,,18106,70,,,0,98,,18111,70,,,0,91,,18107,70,,,0,200,,18108,70,,,0
23400,'Semaine-03',628,,21665,70,,,0,106,,21678,70,,,0,103,,21666,70,,,0,102,,21667,70,,,0,200,,21668,70,,,0,200,,21669,70,,,0,200,,21670,70,,,0,108,,21671,70,,,0,102,,21672,70,,,0,98,,21677,70,,,0,91,,21673,70,,,0,200,,21674,70,,,0
23400,'Week-end-01',938,,18118,70,,,0,200,,18116,70,,,0,201,,18113,70,,,0,200,,18115,70,,,0,199,,18114,70,,,0,200,,18119,70,,,0,200,,18117,70,,,0
23900,'Fête-1-02',837,,21861,70,,,0,101,,21869,70,,,0,100,,21870,70,,,0,101,,21871,70,,,0,100,,21872,70,,,0,100,,21873,70,,,0,100,,21874,70,,,0,100,,21867,70,,,0,99,,21863,70,,,0,100,,21862,70,,,0,100,,21864,70,,,0,100,,21865,70,,,0,100,,21866,70,,,0,100,,21868,70,,,0,100,,21875,70,0,8 35 1 36,0
23900,'Semaine-02',625,,18526,70,,,0,20,,18550,70,,,0,67,,18527,70,,,0,27,,18528,70,,,0,69,,18542,70,,,0,30,,18539,70,,,0,100,,18529,70,,,0,100,,18530,70,,,0,100,,18531,70,,,0,101,,18532,70,,,0,100,,18533,70,,,0,100,,18534,70,,,0,100,,18535,70,,,0,75,,18536,70,,,0,35,,18547,70,,,0,79,,18548,70,,,0,20,,18543,70,,,0,75,,18540,70,,,0,22,,18537,70,,,0,78,,18549,70,,,0,115,,18546,70,,,0,100,,18545,70,,,0,106,,18544,70,0,8 35 1 36,0
23900,'Semaine-03',625,,21877,70,,,0,20,,21901,70,,,0,67,,21878,70,,,0,27,,21879,70,,,0,69,,21893,70,,,0,30,,21890,70,,,0,100,,21880,70,,,0,100,,21881,70,,,0,100,,21882,70,,,0,101,,21883,70,,,0,100,,21884,70,,,0,100,,21885,70,,,0,100,,21886,70,,,0,75,,21887,70,,,0,35,,21898,70,,,0,79,,21899,70,,,0,20,,21894,70,,,0,75,,21891,70,,,0,22,,21888,70,,,0,78,,21900,70,,,0,115,,21897,70,,,0,100,,21896,70,,,0,106,,21895,70,0,8 35 1 36,0
23900,'Week-end-01',837,,18551,70,,,0,101,,18559,70,,,0,100,,18560,70,,,0,101,,18561,70,,,0,100,,18562,70,,,0,100,,18563,70,,,0,100,,18564,70,,,0,100,,18557,70,,,0,99,,18553,70,,,0,100,,18552,70,,,0,100,,18554,70,,,0,100,,18555,70,,,0,100,,18556,70,,,0,100,,18558,70,,,0,100,,18565,70,0,8 35 1 36,0
