22701,'Semaine-03',538,,15322,270,0,6 7,0,70,,15323,270,0,6 7,0,21,,15324,570,,,0,30,,15325,570,,,0,74,,15326,570,,,0,70,,15327,570,,,0,30,,15328,570,,,0,96,,15329,570,,,0,100,,15330,570,,,0,100,,15331,570,,,0,100,,15332,570,,,0,100,,15333,570,,,0,100,,15334,570,,,0,100,,15335,570,,,0,104,,15336,570,,,0,85,,15337,570,,,0,30,,15338,570,,,0,70,,15339,570,,,0,26,,15340,570,,,0,70,,15341,570,,,0,30,,15342,570,,,0,85,,15343,570,,,0,100,,15344,570,,,0,100,,15345,570,,,0
22701,'Semaine-53',538,,11966,270,0,6 7,0,70,,11967,270,0,6 7,0,21,,11968,570,,,0,30,,11969,570,,,0,74,,11970,570,,,0,70,,11971,570,,,0,30,,11972,570,,,0,96,,11973,570,,,0,100,,11974,570,,,0,100,,11975,570,,,0,100,,11976,570,,,0,100,,11977,570,,,0,100,,11978,570,,,0,100,,11979,570,,,0,104,,11980,570,,,0,85,,11981,570,,,0,30,,11982,570,,,0,70,,11983,570,,,0,26,,11984,570,,,0,70,,11985,570,,,0,30,,11986,570,,,0,85,,11987,570,,,0,100,,11988,570,,,0,100,,11989,570,,,0
22701,'Week-end-03',929,,15347,570,,,0,200,,15348,570,,,0,200,,15349,570,,,0,200,,15350,570,,,0,200,,15351,570,,,0,200,,15352,570,,,0,200,,15353,570,,,0
22701,'Week-end-53',929,,11991,570,,,0,200,,11992,570,,,0,200,,11993,570,,,0,200,,11994,570,,,0,200,,11995,570,,,0,200,,11996,570,,,0,200,,11997,570,,,0
60501,'Semaine-03',1650,,16850,470,,,0,252,,16851,470,,,0
60501,'Semaine-53',1650,,14335,470,,,0,252,,14336,470,,,0
70800,'Semaine-03',602,,16946,330,,,0,30,,16947,330,,,0,70,,16948,330,,,0,30,,16949,330,,,0,70,,16950,330,,,0,15,,16951,330,,,0,17,,16952,330,,,0,70,,16953,330,,,0,31,,16954,330,,,0,69,,16955,330,,,0,30,,16956,330,,,0,70,,16957,330,,,0,30,,16958,330,,,0,70,,16959,330,,,0,30,,16960,330,,,0,70,,16961,330,,,0,30,,16962,330,,,0,70,,16963,330,,,0,30,,16964,330,,,0,70,,16965,330,,,0,30,,16966,330,,,0,68,,16967,330,,,0,7,,16968,330,,,0,23,,16969,330,,,0,7,,16970,330,,,0,63,,16971,330,,,0,7,,16972,330,,,0,23,,16973,330,,,0,7,,16974,330,,,0,63,,16975,330,,,0,7,,16976,330,,,0,23,,16977,330,,,0,3,,16978,330,,,0,67,,16979,330,,,0,30,,16980,330,,,0,70,,16981,330,,,0,30,,16982,330,,,0,70,,16983,330,,,0,30,,16984,330,,,0,20,,16985,330,,,0,70,,16986,330,,,0,89,,16987,330,,,0,92,,16988,330,,,0,100,,16989,330,,,0,100,,16990,330,,,0
70800,'Semaine-53',602,,14483,330,,,0,30,,14484,330,,,0,70,,14485,330,,,0,30,,14486,330,,,0,70,,14487,330,,,0,15,,14488,330,,,0,17,,14489,330,,,0,70,,14490,330,,,0,31,,14491,330,,,0,69,,14492,330,,,0,30,,14493,330,,,0,70,,14494,330,,,0,30,,14495,330,,,0,70,,14496,330,,,0,30,,14497,330,,,0,70,,14498,330,,,0,30,,14499,330,,,0,70,,14500,330,,,0,30,,14501,330,,,0,70,,14502,330,,,0,30,,14503,330,,,0,68,,14504,330,,,0,7,,14505,330,,,0,23,,14506,330,,,0,7,,14507,330,,,0,63,,14508,330,,,0,7,,14509,330,,,0,23,,14510,330,,,0,7,,14511,330,,,0,63,,14512,330,,,0,7,,14513,330,,,0,23,,14514,330,,,0,3,,14515,330,,,0,67,,14516,330,,,0,30,,14517,330,,,0,70,,14518,330,,,0,30,,14519,330,,,0,70,,14520,330,,,0,30,,14521,330,,,0,20,,14522,330,,,0,70,,14523,330,,,0,89,,14524,330,,,0,92,,14525,330,,,0,100,,14526,330,,,0,100,,14527,330,,,0
70800,'Week-end-03',742,,16993,330,,,0,104,,16994,330,,,0,89,,16995,330,,,0,100,,16996,330,,,0,102,,16997,330,,,0,99,,16998,330,,,0,100,,16999,330,,,0,100,,17000,330,,,0,100,,17001,330,,,0,100,,17002,330,,,0,100,,17003,330,,,0,100,,17004,330,,,0,100,,17005,330,,,0,95,,17006,330,,,0,103,,17007,330,,,0,80,,17008,330,,,0,43,,17009,330,,,0,80,,16991,330,,,0,117,,16992,330,,,0
70800,'Week-end-53',742,,14530,330,,,0,104,,14531,330,,,0,89,,14532,330,,,0,100,,14533,330,,,0,102,,14534,330,,,0,99,,14535,330,,,0,100,,14536,330,,,0,100,,14537,330,,,0,100,,14538,330,,,0,100,,14539,330,,,0,100,,14540,330,,,0,100,,14541,330,,,0,100,,14542,330,,,0,95,,14543,330,,,0,103,,14544,330,,,0,80,,14545,330,,,0,43,,14546,330,,,0,80,,14528,330,,,0,117,,14529,330,,,0
