25001,'Fête-1-02',720,,22201,260,,,0,99,,22185,260,,,0,30,,22188,260,,,0,99,,22195,260,,,0,70,,22196,260,,,0,101,,22187,260,,,0,30,,22190,260,,,0,100,,22198,260,,,0,70,,22199,260,,,0,100,,22186,260,,,0,29,,22197,260,,,0,100,,22189,260,,,0,71,,22194,260,,,0,101,,22200,260,,,0,30,,22191,260,,,0,100,,22192,260,,,0,70,,22184,260,,,0,101,,22193,260,,,0,30,,22202,260,,,0,101,,22183,260,,,0,70,,22203,260,,,0
25001,'Semaine-02',545,,19172,260,,,0,65,,19173,260,,,0,28,,19174,260,0,8 27 75,0,21,,19175,260,,,0,85,,19176,260,,,0,96,,19177,260,,,0,72,,19178,260,,,0,96,,19179,260,,,0,100,,19180,260,,,0,103,,19181,260,,,0,100,,19182,260,,,0,102,,19183,260,,,0,115,,19184,260,,,0,99,,19185,260,,,0,26,,19186,260,,,0,70,,19187,260,,,0,28,,19188,260,,,0,83,,19189,260,,,0,87,,19190,260,,,0,108,,19191,260,,,0,93,,19192,260,,,0,101,,19193,260,,,0
25001,'Semaine-03',545,,22204,260,,,0,65,,22205,260,,,0,28,,22206,260,0,8 27 75,0,21,,22207,260,,,0,85,,22208,260,,,0,96,,22209,260,,,0,72,,22210,260,,,0,96,,22211,260,,,0,100,,22212,260,,,0,103,,22213,260,,,0,100,,22214,260,,,0,102,,22215,260,,,0,115,,22216,260,,,0,99,,22217,260,,,0,26,,22218,260,,,0,70,,22219,260,,,0,28,,22220,260,,,0,83,,22221,260,,,0,87,,22222,260,,,0,108,,22223,260,,,0,93,,22224,260,,,0,101,,22225,260,,,0
25001,'Week-end-01',720,,19212,260,,,0,99,,19196,260,,,0,30,,19199,260,,,0,99,,19206,260,,,0,70,,19207,260,,,0,101,,19198,260,,,0,30,,19201,260,,,0,100,,19209,260,,,0,70,,19210,260,,,0,100,,19197,260,,,0,29,,19208,260,,,0,100,,19200,260,,,0,71,,19205,260,,,0,101,,19211,260,,,0,30,,19202,260,,,0,100,,19203,260,,,0,70,,19195,260,,,0,101,,19204,260,,,0,30,,19213,260,,,0,101,,19194,260,,,0,70,,19214,260,,,0
31700,'Semaine-02',656,,20276,220,,,0,70,,20277,220,,,0,110,,20278,220,,,0,290,,20279,220,,,0,300,,20280,220,,,0
31700,'Semaine-03',656,,22754,220,,,0,70,,22755,220,,,0,110,,22756,220,,,0,290,,22757,220,,,0,300,,22758,220,,,0
31701,'Semaine-02',1236,,20291,230,,,0,270,,20296,230,,,0,100,,20292,230,,,0,130,,20293,230,,,0,100,,20294,230,,,0,475,,20295,230,,,0
31701,'Semaine-03',1236,,22761,230,,,0,270,,22766,230,,,0,100,,22762,230,,,0,130,,22763,230,,,0,100,,22764,230,,,0,475,,22765,230,,,0
51401,'Semaine-02',535,,20310,260,,,0,95,,20311,260,,,0,74,,20312,260,,,0
51401,'Semaine-03',535,,22772,260,,,0,95,,22773,260,,,0,74,,22774,260,,,0
