24001,'Semaine-51',537,,655,40,,,0,64,,656,40,,,0,34,,657,40,,,0,23,,658,40,,,0,77,,659,40,,,0,66,,660,40,,,0,33,,661,40,,,0,69,,662,40,,,0,100,,663,40,,,0,100,,664,40,,,0,100,,665,40,,,0,100,,666,40,,,0,100,,667,40,,,0,107,,668,40,,,0,40,,670,40,,,0,72,,671,40,,,0,28,,672,40,,,0,71,,673,40,,,0,28,,674,40,,,0,71,,675,40,,,0,33,,676,40,,,0,66,,677,40,,,0,31,,678,40,,,0,68,,679,40,,,0,99,,680,40,,,0,98,,681,40,,,0,97,,682,40,,,0
24300,'Semaine-51',627,,751,40,,,0,22,,752,40,,,0,88,,753,40,,,0,18,,754,40,,,0,88,,755,40,,,0,14,,756,40,,,0,145,,757,40,,,0,100,,758,40,,,0,100,,759,40,,,0,100,,760,40,,,0,100,,761,40,,,0,110,,762,40,,,0,40,,763,40,,,0,75,,764,40,,,0,85,,765,40,,,0,30,,766,40,,,0,77,,767,40,,,0,35,,768,40,,,0,73,,769,40,,,0,84,,770,40,,,0,102,,771,40,,,0,100,,772,40,,,0,100,,748,40,0,8 9 1 10,0
24601,'Semaine-51',527,,782,40,,,0,87,,781,40,,,0,92,,780,40,,,0,48,,779,40,,,0,91,,778,40,,,0,697,,777,40,,,0,90,,776,40,,,0,93,,775,40,,,0,92,,774,40,,,0,90,,773,40,,,0
24700,'Semaine-51',636,,791,40,,,0,82,,792,40,,,0,103,,793,40,,,0,186,,799,40,,,0,130,,800,40,,,0,170,,797,40,,,0,130,,798,40,,,0,71,,783,40,,,0,112,,784,40,,,0,28,,785,40,,,0,64,,786,40,,,0,47,,787,40,,,0,60,,788,40,,,0,33,,789,40,,,0,99,,790,40,,,0,62,,794,40,,,0,129,,795,40,,,0,170,,796,40,,,0
24700,'Week-end-51',807,,807,40,,,0,130,,801,40,,,0,170,,803,40,,,0,130,,808,40,,,0,170,,809,40,,,0,130,,804,40,,,0,170,,802,40,,,0,130,,805,40,,,0,170,,806,40,,,0
24701,'Semaine-51',553,,815,480,,,0,70,,816,480,,,0,82,,817,480,,,0,40,,818,480,,,0,60,,819,480,,,0,42,,820,480,,,0,106,,821,480,,,0,171,,822,480,,,0,130,,823,480,,,0,170,,824,480,,,0,183,,825,480,,,0,24,,826,480,,,0,116,,810,480,,,0,72,,827,480,,,0,19,,811,480,,,0,163,,812,480,,,0,129,,813,480,,,0,129,,814,480,,,0
24701,'Week-end-51',754,,828,480,,,0,170,,829,480,,,0,130,,830,480,,,0,170,,831,480,,,0,130,,832,480,,,0,170,,833,480,,,0,130,,834,480,,,0,170,,835,480,,,0,130,,836,480,,,0
24900,'Semaine-51',634,,849,40,,,0,68,,850,40,,,0,33,,851,40,,,0,98,,852,40,,,0,69,,853,40,,,0,105,,854,40,,,0,100,,855,40,,,0,100,,856,40,,,0,100,,857,40,,,0,100,,858,40,,,0,105,,859,40,,,0,35,,860,40,,,0,73,,861,40,,,0,93,,862,40,,,0,32,,863,40,,,0,76,,864,40,,,0,91,,865,40,,,0,100,,866,40,,,0,100,,867,40,,,0,100,,868,40,,,0,100,,848,40,,,0
24900,'Week-end-51',807,,869,40,0,5,0,130,,870,40,0,5,0,170,,879,40,0,5,0,130,,871,40,0,5,0,170,,872,40,0,5,0,130,,873,40,0,5,0,170,,874,40,0,5,0,130,,875,40,0,5,0,170,,876,40,0,5,0,130,,877,40,0,5,0,170,,878,40,0,5,0
24901,'Semaine-51',622,,880,590,,,0,23,,881,590,,,0,78,,882,590,,,0,98,,883,590,,,0,24,,884,590,,,0,100,,885,590,,,0,95,,886,590,,,0,100,,887,590,,,0,100,,888,590,,,0,100,,889,590,,,0,100,,890,590,,,0,95,,891,590,,,0,66,,892,590,,,0,54,,893,590,,,0,75,,894,590,,,0,76,,895,590,,,0,51,,896,590,,,0,98,,897,590,,,0,102,,898,590,,,0,143,,899,590,,,0,57,,900,590,,,0
24901,'Week-end-51',755,,901,560,,,0,170,,902,560,,,0,130,,903,560,,,0,170,,904,560,,,0,130,,905,560,,,0,170,,906,560,,,0,130,,907,560,,,0,170,,908,560,,,0,130,,909,560,,,0,170,,910,560,,,0,130,,911,560,,,0
25000,'Semaine-51',636,,912,40,,,0,23,,913,40,,,0,72,,914,40,,,0,25,,915,40,,,0,81,,916,40,,,0,65,,917,40,,,0,100,,918,40,,,0,100,,919,40,,,0,100,,920,40,,,0,100,,921,40,,,0,100,,922,40,,,0,105,,923,40,,,0,40,,924,40,,,0,73,,925,40,,,0,27,,927,40,,,0,68,,926,40,,,0,30,,928,40,,,0,72,,929,40,,,0,35,,930,40,,,0,60,,931,40,,,0,100,,932,40,,,0,100,,933,40,,,0,100,,934,40,,,0,100,,935,40,,,0
25000,'Week-end-51',807,,938,40,,,0,100,,936,40,,,0,30,,939,40,,,0,100,,940,40,,,0,70,,941,40,,,0,100,,937,40,,,0,30,,954,40,,,0,100,,949,40,,,0,70,,952,40,,,0,100,,955,40,,,0,30,,946,40,,,0,100,,945,40,,,0,70,,947,40,,,0,100,,948,40,,,0,30,,953,40,,,0,100,,943,40,,,0,70,,956,40,,,0,100,,950,40,,,0,30,,942,40,,,0,100,,951,40,,,0,70,,944,40,,,0
25100,'Semaine-51',902,,1004,40,,,0,100,,1003,40,,,0,100,,1012,40,,,0,100,,1008,40,,,0,100,,1011,40,,,0,100,,1006,40,,,0,615,,1009,40,,,0,97,,1007,40,,,0,98,,1005,40,,,0,100,,1010,40,,,0
25100,'Week-end-51',807,,1027,40,,,0,100,,1025,40,,,0,100,,1028,40,,,0,100,,1024,40,,,0,100,,1023,40,,,0,100,,1026,40,,,0,100,,1019,40,,,0,100,,1022,40,,,0,100,,1018,40,,,0,100,,1020,40,,,0,100,,1016,40,,,0,100,,1021,40,,,0,100,,1013,40,,,0,100,,1014,40,,,0,100,,1015,40,,,0,100,,1017,40,,,0
25201,'Semaine-51',606,,1062,40,,,0,38,,1054,40,,,0,76,,1068,40,,,0,36,,1066,40,,,0,73,,1063,40,,,0,678,,1064,40,,,0,40,,1060,40,,,0,70,,1057,40,,,0,31,,1059,40,,,0,71,,1065,40,,,0,30,,1055,40,,,0,69,,1067,40,,,0,30,,1061,40,,,0,70,,1058,40,,,0,31,,1056,40,,,0
40500,'Semaine-51',715,,1605,120,,,0,100,,1606,120,,,0,910,,1607,120,,,0
60000,'Semaine-51',635,,1821,750,,,0,70,,1823,750,,,0,36,,1825,750,,,0,70,,1827,750,,,0,30,,1829,750,,,0,70,,1831,750,,,0,30,,1832,750,,,0,94,,1833,750,,,0,100,,1834,750,,,0,100,,1835,750,,,0,70,,1836,750,,,0,30,,1837,750,,,0,70,,1838,750,,,0,100,,1839,750,,,0,30,,1840,750,,,0,70,,1819,750,,,0,31,,1818,750,,,0,70,,1817,750,,,0,30,,1816,750,,,0,70,,1814,750,,,0,30,,1815,750,,,0,99,,1830,750,,,0,100,,1828,750,,,0,100,,1826,750,,,0,96,,1824,750,,,0,104,,1822,750,,,0
60000,'Week-end-51',735,,1857,750,,,0,100,,1856,750,,,0,100,,1855,750,,,0,100,,1854,750,,,0,100,,1853,750,,,0,100,,1852,750,,,0,100,,1851,750,,,0,100,,1850,750,,,0,100,,1849,750,,,0,100,,1848,750,,,0,100,,1847,750,,,0,100,,1846,750,,,0,100,,1845,750,,,0,100,,1844,750,,,0,100,,1843,750,,,0,100,,1841,750,,,0,88,,1842,750,,,0
60500,'Semaine-51',731,,1917,490,,,0,205,,1918,490,,,0
70900,'Semaine-51',552,,2143,120,0,11 12 13,0,52,,2201,120,0,11 12 13,0,26,,2144,120,0,11 12 13,0,10,,2145,120,0,11 12 13,0,10,,2146,120,0,11 12 13,0,7,,2147,120,0,11 12 13,0,59,,2148,120,0,11 12 13,0,19,,2149,120,0,11 12 13,0,10,,2150,120,0,11 12 13,0,9,,2151,120,0,11 12 13,0,53,,2152,120,0,11 12 13,0,12,,2153,120,0,11 12 13,0,17,,2154,120,0,11 12 13,0,11,,2155,120,0,11 12 13,0,59,,2199,120,0,11 12 13,0,15,,2156,120,0,11 12 13,0,25,,2198,120,0,11 12 13,0,55,,2157,120,0,11 12 13,0,13,,2158,120,0,11 12 13,0,15,,2159,120,0,11 12 13,0,29,,2160,120,0,11 12 13,0,55,,2161,120,0,11 12 13,0,15,,2162,120,0,11 12 13,0,23,,2163,120,0,11 12 13,0,70,,2164,120,0,11 12 13,0,15,,2194,120,0,11 12 13,0,15,,2197,120,0,11 12 13,0,55,,2196,120,0,11 12 13,0,30,,2195,120,0,11 12 13,0,85,,2193,120,0,11 12 13,0,15,,2165,120,0,11 12 13,0,21,,2166,120,0,11 12 13,0,84,,2167,120,,,0,13,,2168,120,,,0,53,,2169,120,,,0,20,,2191,120,,,0,17,,2192,120,,,0,11,,2185,120,,,0,56,,2190,120,,,0,13,,2186,120,,,0,13,,2187,120,,,0,9,,2188,120,,,0,11,,2189,120,,,0,53,,2184,120,,,0,14,,2170,120,,,0,14,,2171,120,,,0,13,,2172,120,,,0,52,,2173,120,,,0,12,,2174,120,,,0,27,,2183,120,,,0,59,,2175,120,,,0,29,,2176,120,,,0,22,,2202,120,,,0,70,,2177,120,,,0,15,,2178,120,,,0,67,,2179,120,,,0,30,,2180,120,,,0,69,,2181,120,,,0,44,,2200,120,,,0,99,,2182,120,,,0,108,,2142,120,,,0
70900,'Week-end-51',637,,2203,120,,,0,65,,2204,120,,,0,15,,2205,120,,,0,30,,2206,120,,,0,70,,2207,120,,,0,30,,2208,120,,,0,70,,2209,120,,,0,30,,2210,120,,,0,70,,2211,120,,,0,30,,2212,120,,,0,70,,2213,120,,,0,30,,2214,120,,,0,70,,2215,120,,,0,30,,2216,120,,,0,70,,2217,120,,,0,30,,2218,120,,,0,70,,2219,120,,,0,30,,2220,120,,,0,70,,2221,120,,,0,30,,2222,120,,,0,70,,2223,120,,,0,30,,2224,120,,,0,70,,2225,120,,,0,30,,2226,120,,,0,70,,2227,120,,,0,30,,2228,120,,,0,70,,2229,120,,,0,30,,2230,120,,,0,70,,2231,120,,,0,30,,2232,120,,,0,70,,2233,120,,,0,30,,2234,120,,,0,70,,2235,120,,,0,20,,2236,120,,,0,70,,2237,120,,,0,30,,2238,120,,,0,70,,2239,120,,,0,30,,2240,120,,,0,109,,2241,120,,,0
