60001,'LA-H26-LA_GTFS-Fête-1-01',821,,5957,,,0,100,,5956,,,0,100,,5954,,,0,100,,5955,,,0,100,,5952,,,0,100,,5953,,,0,100,,5949,,,0,100,,5950,,,0,100,,5951,,,0,100,,5948,,,0,100,,5945,,,0,100,,5946,,,0,100,,5947,,,0,100,,5943,,,0,89,,5944,,,0,145,,5942,,,0
60001,'LA-H26-LA_GTFS-Fête-1-02',821,,5973,,,0,100,,5972,,,0,100,,5970,,,0,100,,5971,,,0,100,,5968,,,0,100,,5969,,,0,100,,5965,,,0,100,,5966,,,0,100,,5967,,,0,100,,5964,,,0,100,,5961,,,0,100,,5962,,,0,100,,5963,,,0,100,,5959,,,0,89,,5960,,,0,145,,5958,,,0
60001,'LA-H26-LA_GTFS-Fête-2-02',518,,5995,,,0,30,,5996,,,0,70,,5997,,,0,30,,5998,,,0,96,,5974,,,0,72,,5975,,,0,100,,5976,,,0,99,,5977,,,0,98,,5978,,,0,100,,5979,,,0,100,,5980,,,0,100,,5981,,,0,100,,5982,,,0,32,,5983,,,0,70,,5984,,,0,30,,5985,,,0,70,,5986,,,0,30,,5987,,,0,70,,5988,,,0,100,,5989,,,0,97,,5990,,,0,100,,5991,,,0,100,,5992,,,0,100,,5993,,,0,100,,5994,,,0
60001,'LA-H26-LA_GTFS-Semaine-01',518,,6024,,,0,30,,6025,,,0,70,,6026,,,0,30,,6027,,,0,64,,5999,,,0,32,,6000,,,0,72,,6001,,,0,100,,6002,,,0,99,,6003,,,0,98,,6004,,,0,100,,6005,,,0,30,,6006,,,0,100,,6007,,,0,70,,6008,,,0,30,,6009,,,0,70,,6010,,,0,32,,6011,,,0,70,,6012,,,0,30,,6013,,,0,70,,6014,,,0,30,,6015,,,0,70,,6016,,,0,30,,6017,,,0,70,,6018,,,0,97,,6019,,,0,100,,6020,,,0,100,,6021,,,0,100,,6022,,,0,100,,6023,,,0
60001,'LA-H26-LA_GTFS-Semaine-50',518,,6053,,,0,30,,6054,,,0,70,,6055,,,0,30,,6056,,,0,64,,6028,,,0,32,,6029,,,0,72,,6030,,,0,100,,6031,,,0,99,,6032,,,0,98,,6033,,,0,100,,6034,,,0,30,,6035,,,0,100,,6036,,,0,70,,6037,,,0,30,,6038,,,0,70,,6039,,,0,32,,6040,,,0,70,,6041,,,0,30,,6042,,,0,70,,6043,,,0,30,,6044,,,0,70,,6045,,,0,30,,6046,,,0,70,,6047,,,0,97,,6048,,,0,100,,6049,,,0,100,,6050,,,0,100,,6051,,,0,100,,6052,,,0
60001,'LA-H26-LA_GTFS-Week-end-01',821,,6072,,,0,100,,6071,,,0,100,,6069,,,0,100,,6070,,,0,100,,6067,,,0,100,,6068,,,0,100,,6064,,,0,100,,6065,,,0,100,,6066,,,0,100,,6063,,,0,100,,6060,,,0,100,,6061,,,0,100,,6062,,,0,100,,6058,,,0,89,,6059,,,0,145,,6057,,,0
60001,'LA-H26-LA_GTFS-Week-end-50',821,,6088,,,0,100,,6087,,,0,100,,6085,,,0,100,,6086,,,0,100,,6083,,,0,100,,6084,,,0,100,,6080,,,0,100,,6081,,,0,100,,6082,,,0,100,,6079,,,0,100,,6076,,,0,100,,6077,,,0,100,,6078,,,0,100,,6074,,,0,89,,6075,,,0,145,,6073,,,0
70800,'LA-H26-LA_GTFS-Fête-1-01',728,,6444,,,0,102,,6445,,,0,93,,6446,,,0,100,,6447,,,0,100,,6448,,,0,100,,6449,,,0,99,,6450,,,0,100,,6451,,,0,100,,6452,,,0,100,,6453,,,0,100,,6454,,,0,100,,6455,,,0,100,,6456,,,0,97,,6457,,,0,103,,6458,,,0,80,,6459,,,0,43,,6460,,,0,80,,6442,,,0,118,,6443,,,0
70800,'LA-H26-LA_GTFS-Fête-1-02',728,,6463,,,0,102,,6464,,,0,93,,6465,,,0,100,,6466,,,0,100,,6467,,,0,100,,6468,,,0,99,,6469,,,0,100,,6470,,,0,100,,6471,,,0,100,,6472,,,0,100,,6473,,,0,100,,6474,,,0,100,,6475,,,0,97,,6476,,,0,103,,6477,,,0,80,,6478,,,0,43,,6479,,,0,80,,6461,,,0,118,,6462,,,0
70800,'LA-H26-LA_GTFS-Fête-2-02',548,,6480,,,0,70,,6481,,,0,30,,6482,,,0,70,,6483,,,0,30,,6484,,,0,55,,6485,,,0,17,,6486,,,0,30,,6487,,,0,71,,6488,,,0,99,,6489,,,0,30,,6490,,,0,70,,6491,,,0,100,,6492,,,0,100,,6493,,,0,100,,6494,,,0,100,,6495,,,0,35,,6496,,,0,63,,6497,,,0,7,,6498,,,0,23,,6499,,,0,7,,6500,,,0,63,,6501,,,0,7,,6502,,,0,23,,6503,,,0,7,,6504,,,0,63,,6505,,,0,3,,6506,,,0,27,,6507,,,0,70,,6508,,,0,30,,6509,,,0,70,,6510,,,0,100,,6511,,,0,90,,6512,,,0,49,,6513,,,0,92,,6514,,,0,100,,6515,,,0,100,,6516,,,0
70800,'LA-H26-LA_GTFS-Semaine-01',548,,6517,,,0,70,,6518,,,0,30,,6519,,,0,70,,6520,,,0,30,,6521,,,0,55,,6522,,,0,17,,6523,,,0,30,,6524,,,0,71,,6525,,,0,29,,6526,,,0,70,,6527,,,0,30,,6528,,,0,70,,6529,,,0,30,,6530,,,0,70,,6531,,,0,30,,6532,,,0,70,,6533,,,0,30,,6534,,,0,70,,6535,,,0,30,,6536,,,0,70,,6537,,,0,28,,6538,,,0,7,,6539,,,0,63,,6540,,,0,7,,6541,,,0,23,,6542,,,0,7,,6543,,,0,63,,6544,,,0,7,,6545,,,0,23,,6546,,,0,7,,6547,,,0,63,,6548,,,0,3,,6549,,,0,27,,6550,,,0,70,,6551,,,0,30,,6552,,,0,70,,6553,,,0,30,,6554,,,0,70,,6555,,,0,20,,6556,,,0,70,,6557,,,0,49,,6558,,,0,92,,6559,,,0,100,,6560,,,0,100,,6561,,,0
70800,'LA-H26-LA_GTFS-Semaine-50',548,,6562,,,0,70,,6563,,,0,30,,6564,,,0,70,,6565,,,0,30,,6566,,,0,55,,6567,,,0,17,,6568,,,0,30,,6569,,,0,71,,6570,,,0,29,,6571,,,0,70,,6572,,,0,30,,6573,,,0,70,,6574,,,0,30,,6575,,,0,70,,6576,,,0,30,,6577,,,0,70,,6578,,,0,30,,6579,,,0,70,,6580,,,0,30,,6581,,,0,70,,6582,,,0,28,,6583,,,0,7,,6584,,,0,63,,6585,,,0,7,,6586,,,0,23,,6587,,,0,7,,6588,,,0,63,,6589,,,0,7,,6590,,,0,23,,6591,,,0,7,,6592,,,0,63,,6593,,,0,3,,6594,,,0,27,,6595,,,0,70,,6596,,,0,30,,6597,,,0,70,,6598,,,0,30,,6599,,,0,70,,6600,,,0,20,,6601,,,0,70,,6602,,,0,49,,6603,,,0,92,,6604,,,0,100,,6605,,,0,100,,6606,,,0
70800,'LA-H26-LA_GTFS-Week-end-01',728,,6609,,,0,102,,6610,,,0,93,,6611,,,0,100,,6612,,,0,100,,6613,,,0,100,,6614,,,0,99,,6615,,,0,100,,6616,,,0,100,,6617,,,0,100,,6618,,,0,100,,6619,,,0,100,,6620,,,0,100,,6621,,,0,97,,6622,,,0,103,,6623,,,0,80,,6624,,,0,43,,6625,,,0,80,,6607,,,0,118,,6608,,,0
70800,'LA-H26-LA_GTFS-Week-end-50',728,,6628,,,0,102,,6629,,,0,93,,6630,,,0,100,,6631,,,0,100,,6632,,,0,100,,6633,,,0,99,,6634,,,0,100,,6635,,,0,100,,6636,,,0,100,,6637,,,0,100,,6638,,,0,100,,6639,,,0,100,,6640,,,0,97,,6641,,,0,103,,6642,,,0,80,,6643,,,0,43,,6644,,,0,80,,6626,,,0,118,,6627,,,0
