23001,'Semaine-03',620,,15433,190,,,0,33,,15426,190,,,0,70,,15427,190,,,0,30,,15428,190,,,0,70,,15429,190,,,0,28,,15430,190,,,0,70,,15431,190,,,0,100,,15432,190,,,0,100,,15442,190,,,0,100,,15443,190,,,0,100,,15444,190,,,0,100,,15445,190,,,0,100,,15446,190,,,0,102,,15448,190,,,0,30,,15438,190,,,0,70,,15439,190,,,0,30,,15440,190,,,0,70,,15441,190,,,0,27,,15437,190,,,0,70,,15447,190,,,0,30,,15436,190,,,0,100,,15435,190,,,0,100,,15434,190,,,0,100,,15425,190,,,0
23001,'Semaine-53',620,,12115,190,,,0,33,,12108,190,,,0,70,,12109,190,,,0,30,,12110,190,,,0,70,,12111,190,,,0,28,,12112,190,,,0,70,,12113,190,,,0,100,,12114,190,,,0,100,,12124,190,,,0,100,,12125,190,,,0,100,,12126,190,,,0,100,,12127,190,,,0,100,,12128,190,,,0,102,,12130,190,,,0,30,,12120,190,,,0,70,,12121,190,,,0,30,,12122,190,,,0,70,,12123,190,,,0,27,,12119,190,,,0,70,,12129,190,,,0,30,,12118,190,,,0,100,,12117,190,,,0,100,,12116,190,,,0,100,,12107,190,,,0
23001,'Week-end-03',814,,15450,190,,,0,101,,15462,190,,,0,101,,15451,190,,,0,101,,15456,190,,,0,102,,15463,190,,,0,100,,15457,190,,,0,100,,15458,190,,,0,99,,15459,190,,,0,100,,15461,190,,,0,98,,15454,190,,,0,100,,15455,190,,,0,98,,15460,190,,,0,99,,15453,190,,,0,100,,15452,190,,,0,100,,15449,190,,,0
23001,'Week-end-53',814,,12132,190,,,0,101,,12144,190,,,0,101,,12133,190,,,0,101,,12138,190,,,0,102,,12145,190,,,0,100,,12139,190,,,0,100,,12140,190,,,0,99,,12141,190,,,0,100,,12143,190,,,0,98,,12136,190,,,0,100,,12137,190,,,0,98,,12142,190,,,0,99,,12135,190,,,0,100,,12134,190,,,0,100,,12131,190,,,0
23200,'Semaine-03',605,,15502,70,,,0,30,,15503,70,,,0,70,,15504,70,,,0,30,,15505,70,,,0,70,,15506,70,,,0,35,,15507,70,,,0,100,,15508,70,,,0,100,,15509,70,,,0,100,,15510,70,,,0,100,,15511,70,,,0,100,,15512,70,,,0,100,,15513,70,,,0,100,,15514,70,,,0,75,,15515,70,,,0,33,,15516,70,,,0,67,,15517,70,,,0,33,,15518,70,,,0,67,,15519,70,,,0,31,,15520,70,,,0,94,,15521,70,,,0,100,,15522,70,,,0,100,,15523,70,,,0
23200,'Semaine-53',605,,12214,70,,,0,30,,12215,70,,,0,70,,12216,70,,,0,30,,12217,70,,,0,70,,12218,70,,,0,35,,12219,70,,,0,100,,12220,70,,,0,100,,12221,70,,,0,100,,12222,70,,,0,100,,12223,70,,,0,100,,12224,70,,,0,100,,12225,70,,,0,100,,12226,70,,,0,75,,12227,70,,,0,33,,12228,70,,,0,67,,12229,70,,,0,33,,12230,70,,,0,67,,12231,70,,,0,31,,12232,70,,,0,94,,12233,70,,,0,100,,12234,70,,,0,100,,12235,70,,,0
23200,'Week-end-03',913,,15534,70,,,0,100,,15529,70,,,0,100,,15535,70,,,0,100,,15528,70,,,0,100,,15536,70,,,0,100,,15527,70,,,0,100,,15537,70,,,0,100,,15532,70,,,0,100,,15538,70,,,0,100,,15531,70,,,0,100,,15539,70,,,0,100,,15526,70,,,0,100,,15540,70,,,0,100,,15533,70,,,0
23200,'Week-end-53',913,,12246,70,,,0,100,,12241,70,,,0,100,,12247,70,,,0,100,,12240,70,,,0,100,,12248,70,,,0,100,,12239,70,,,0,100,,12249,70,,,0,100,,12244,70,,,0,100,,12250,70,,,0,100,,12243,70,,,0,100,,12251,70,,,0,100,,12238,70,,,0,100,,12252,70,,,0,100,,12245,70,,,0
23801,'Semaine-03',610,,15747,70,,,0,24,,15748,70,,,0,83,,15749,70,,,0,19,,15750,70,,,0,95,,15751,70,,,0,111,,15731,70,,,0,100,,15732,70,,,0,100,,15733,70,,,0,100,,15734,70,,,0,100,,15735,70,,,0,100,,15736,70,,,0,100,,15737,70,,,0,73,,15738,70,,,0,32,,15739,70,,,0,74,,15753,70,,,0,31,,15740,70,,,0,75,,15752,70,,,0,30,,15754,70,0,8 39 1 40,0,85,,15741,70,,,0,100,,15744,70,,,0,100,,15743,70,,,0,105,,15742,70,0,8 39 1 40,0
23801,'Semaine-53',610,,12551,70,,,0,24,,12552,70,,,0,83,,12553,70,,,0,19,,12554,70,,,0,95,,12555,70,,,0,111,,12535,70,,,0,100,,12536,70,,,0,100,,12537,70,,,0,100,,12538,70,,,0,100,,12539,70,,,0,100,,12540,70,,,0,100,,12541,70,,,0,73,,12542,70,,,0,32,,12543,70,,,0,74,,12557,70,,,0,31,,12544,70,,,0,75,,12556,70,,,0,30,,12558,70,0,8 39 1 40,0,85,,12545,70,,,0,100,,12548,70,,,0,100,,12547,70,,,0,105,,12546,70,0,8 39 1 40,0
23801,'Week-end-03',841,,15763,70,,,0,100,,15766,70,,,0,100,,15767,70,,,0,100,,15760,70,,,0,100,,15768,70,,,0,100,,15758,70,,,0,100,,15757,70,,,0,100,,15756,70,,,0,100,,15755,70,,,0,100,,15762,70,,,0,100,,15761,70,,,0,100,,15764,70,,,0,98,,15765,70,,,0,100,,15759,70,,,0,100,,15769,70,0,8 39 1 40,0
23801,'Week-end-53',841,,12567,70,,,0,100,,12570,70,,,0,100,,12571,70,,,0,100,,12564,70,,,0,100,,12572,70,,,0,100,,12562,70,,,0,100,,12561,70,,,0,100,,12560,70,,,0,100,,12559,70,,,0,100,,12566,70,,,0,100,,12565,70,,,0,100,,12568,70,,,0,98,,12569,70,,,0,100,,12563,70,,,0,100,,12573,70,0,8 39 1 40,0
