'LA-E24-LAGTFS-Semaine-01',1701,50800,,'',0,9600,,'',0,2200,,'',0,7500,,'',0,1900,,'',0
'LA-E24-LAGTFS-Dimanche-01',2200,83900,4,'',0,10000,4,'',0,10200,4,'',0,10000,4,'',0,10000,4,'',0,10000,4,'',0,10100,4,'',0,9900,4,'',0,10000,4,'',0,10100,4,'',0,9700,4,'',0,10000,4,'',0,10000,4,'',0,10000,4,'',0,10000,4,'',0,9900,4,'',0
'LA-E24-LAGTFS-Dimanche-01',2201,74400,,'',0,10000,,'',0,9900,,'',0,10000,,'',0,10000,,'',0,10000,,'',0,10000,,'',0,10000,,'',0,10100,,'',0,10000,,'',0,10000,,'',0,10100,,'',0,10000,,'',0,10000,,'',0,10000,,'',0,10000,,'',0
'LA-E24-LAGTFS-Fête-1-01',2200,83900,4,'',0,10000,4,'',0,10200,4,'',0,10000,4,'',0,10000,4,'',0,10000,4,'',0,10100,4,'',0,9900,4,'',0,10000,4,'',0,10100,4,'',0,9700,4,'',0,10000,4,'',0,10000,4,'',0,10000,4,'',0,10000,4,'',0,9900,4,'',0
'LA-E24-LAGTFS-Fête-1-01',2201,74400,,'',0,10000,,'',0,9900,,'',0,10000,,'',0,10000,,'',0,10000,,'',0,10000,,'',0,10000,,'',0,10100,,'',0,10000,,'',0,10000,,'',0,10100,,'',0,10000,,'',0,10000,,'',0,10000,,'',0,10000,,'',0
'LA-E24-LAGTFS-Samedi-01',2200,83900,4,'',0,10000,4,'',0,10200,4,'',0,10000,4,'',0,10000,4,'',0,10000,4,'',0,10100,4,'',0,9900,4,'',0,10000,4,'',0,10100,4,'',0,9700,4,'',0,10000,4,'',0,10000,4,'',0,10000,4,'',0,10000,4,'',0,9900,4,'',0
'LA-E24-LAGTFS-Samedi-01',2201,74400,,'',0,10000,,'',0,9900,,'',0,10000,,'',0,10000,,'',0,10000,,'',0,10000,,'',0,10000,,'',0,10100,,'',0,10000,,'',0,10000,,'',0,10100,,'',0,10000,,'',0,10000,,'',0,10000,,'',0,10000,,'',0
'LA-E24-LAGTFS-Semaine-01',2200,70600,4,'',0,2000,4,'',0,7900,4,'',0,1900,4,'',0,7700,4,'',0,2300,4,'',0,11600,4,'',0,10100,4,'',0,10000,4,'',0,10000,4,'',0,10000,4,'',0,10100,4,'',0,7900,4,'',0,3600,4,'',0,9300,4,'',0,6400,4,'',0,2800,4,'',0,7500,4,'',0,2300,4,'',0,7400,4,'',0,3000,4,'',0,9500,4,'',0,10000,4,'',0,9900,4,'',0
'LA-E24-LAGTFS-Semaine-01',2201,55700,,'',0,6100,,'',0,3700,,'',0,5800,,'',0,4300,,'',0,7000,,'',0,11600,,'',0,10000,,'',0,10100,,'',0,10000,,'',0,10000,,'',0,10100,,'',0,6700,,'',0,3300,,'',0,8200,,'',0,7400,,'',0,3700,,'',0,7500,,'',0,3300,,'',0,7500,,'',0,3100,,'',0,9500,,'',0,10000,,'',0,10000,,'',0
'LA-E24-LAGTFS-Semaine-01',2000001701,104000,,'',0
