22001,'Fête-1-02',831,,21270,790,,,0,200,,21267,790,,,0,199,,21265,790,,,0,200,,21266,790,,,0,200,,21264,790,,,0,201,,21269,790,,,0,200,,21268,790,,,0
22001,'Semaine-02',539,,17323,460,0,6 7,0,70,,17324,460,0,6 7,0,27,,17325,790,,,0,70,,17326,790,,,0,31,,17327,790,,,0,71,,17328,790,,,0,31,,17329,790,,,0,69,,17330,790,,,0,99,,17331,790,,,0,100,,17332,790,,,0,100,,17333,790,,,0,100,,17334,790,,,0,100,,17335,790,,,0,101,,17336,790,,,0,100,,17337,790,,,0,102,,17338,790,,,0,30,,17339,790,,,0,70,,17340,790,,,0,30,,17341,790,,,0,68,,17342,790,,,0,27,,17343,790,,,0,70,,17344,790,,,0,100,,17345,790,,,0,99,,17346,790,,,0,100,,17347,790,,,0
22001,'Semaine-03',539,,21271,460,0,6 7,0,70,,21272,460,0,6 7,0,27,,21273,790,,,0,70,,21274,790,,,0,31,,21275,790,,,0,71,,21276,790,,,0,31,,21277,790,,,0,69,,21278,790,,,0,99,,21279,790,,,0,100,,21280,790,,,0,100,,21281,790,,,0,100,,21282,790,,,0,100,,21283,790,,,0,101,,21284,790,,,0,100,,21285,790,,,0,102,,21286,790,,,0,30,,21287,790,,,0,70,,21288,790,,,0,30,,21289,790,,,0,68,,21290,790,,,0,27,,21291,790,,,0,70,,21292,790,,,0,100,,21293,790,,,0,99,,21294,790,,,0,100,,21295,790,,,0
22001,'Week-end-01',831,,17356,790,,,0,200,,17353,790,,,0,199,,17351,790,,,0,200,,17352,790,,,0,200,,17350,790,,,0,201,,17355,790,,,0,200,,17354,790,,,0
22100,'Fête-1-02',931,,21297,790,,,0,200,,21301,790,,,0,200,,21302,790,,,0,200,,21303,790,,,0,199,,21298,790,,,0,200,,21300,790,,,0,200,,21299,790,,,0
22100,'Semaine-02',554,,17389,400,0,6 7,0,70,,17390,400,0,6 7,0,31,,17391,790,,,0,70,,17388,790,,,0,31,,17392,790,,,0,70,,17393,790,,,0,30,,17394,790,,,0,85,,17395,790,,,0,100,,17396,790,,,0,100,,17397,790,,,0,100,,17398,790,,,0,100,,17399,790,,,0,100,,17400,790,,,0,100,,17401,790,,,0,100,,17402,790,,,0,85,,17403,790,,,0,30,,17404,790,,,0,70,,17405,790,,,0,29,,17406,790,,,0,67,,17407,790,,,0,30,,17408,790,,,0,85,,17409,790,,,0,99,,17410,790,,,0,100,,17411,790,,,0
22100,'Semaine-03',554,,21305,400,0,6 7,0,70,,21306,400,0,6 7,0,31,,21307,790,,,0,70,,21304,790,,,0,31,,21308,790,,,0,70,,21309,790,,,0,30,,21310,790,,,0,85,,21311,790,,,0,100,,21312,790,,,0,100,,21313,790,,,0,100,,21314,790,,,0,100,,21315,790,,,0,100,,21316,790,,,0,100,,21317,790,,,0,100,,21318,790,,,0,85,,21319,790,,,0,30,,21320,790,,,0,70,,21321,790,,,0,29,,21322,790,,,0,67,,21323,790,,,0,30,,21324,790,,,0,85,,21325,790,,,0,99,,21326,790,,,0,100,,21327,790,,,0
22100,'Week-end-01',931,,17412,790,,,0,200,,17416,790,,,0,200,,17417,790,,,0,200,,17418,790,,,0,199,,17413,790,,,0,200,,17415,790,,,0,200,,17414,790,,,0
22201,'Fête-1-02',841,,21342,990,,,0,100,,21330,990,,,0,100,,21329,990,,,0,100,,21328,990,,,0,100,,21331,990,,,0,100,,21332,990,,,0,100,,21333,990,,,0,100,,21334,990,,,0,100,,21335,990,,,0,100,,21336,990,,,0,100,,21337,990,,,0,100,,21338,990,,,0,100,,21339,990,,,0,100,,21340,990,,,0
22201,'Semaine-02',607,,17475,500,0,6 7,0,23,,17472,990,,,0,80,,17455,990,,,0,30,,17473,990,,,0,83,,17456,990,,,0,80,,17457,990,,,0,108,,17458,990,,,0,99,,17459,990,,,0,100,,17460,990,,,0,100,,17461,990,,,0,100,,17462,990,,,0,100,,17463,990,,,0,100,,17464,990,,,0,103,,17465,990,,,0,40,,17474,990,,,0,75,,17466,990,,,0,80,,17467,990,,,0,102,,17468,990,,,0,100,,17469,990,,,0,100,,17470,990,,,0
22201,'Semaine-03',607,,21363,500,0,6 7,0,23,,21360,990,,,0,80,,21343,990,,,0,30,,21361,990,,,0,83,,21344,990,,,0,80,,21345,990,,,0,108,,21346,990,,,0,99,,21347,990,,,0,100,,21348,990,,,0,100,,21349,990,,,0,100,,21350,990,,,0,100,,21351,990,,,0,100,,21352,990,,,0,103,,21353,990,,,0,40,,21362,990,,,0,75,,21354,990,,,0,80,,21355,990,,,0,102,,21356,990,,,0,100,,21357,990,,,0,100,,21358,990,,,0
22201,'Week-end-01',841,,17490,990,,,0,100,,17478,990,,,0,100,,17477,990,,,0,100,,17476,990,,,0,100,,17479,990,,,0,100,,17480,990,,,0,100,,17481,990,,,0,100,,17482,990,,,0,100,,17483,990,,,0,100,,17484,990,,,0,100,,17485,990,,,0,100,,17486,990,,,0,100,,17487,990,,,0,100,,17488,990,,,0
22501,'Fête-1-02',933,,21364,640,,,0,204,,21365,640,,,0,201,,21366,640,,,0,200,,21367,640,,,0,197,,21368,640,,,0,197,,21369,640,,,0,198,,21370,640,,,0
22501,'Semaine-02',555,,17520,350,0,6 7,0,83,,17521,640,,,0,70,,17522,640,,,0,32,,17523,640,,,0,80,,17524,640,,,0,80,,17525,640,,,0,40,,17526,640,,,0,96,,17527,640,,,0,103,,17528,640,,,0,100,,17529,640,,,0,99,,17530,640,,,0,102,,17531,640,,,0,100,,17532,640,,,0,100,,17533,640,,,0,90,,17534,640,,,0,80,,17535,640,,,0,40,,17536,640,,,0,70,,17537,640,,,0,30,,17538,640,,,0,85,,17539,640,,,0,100,,17540,640,,,0,98,,17541,640,,,0
22501,'Semaine-03',555,,21371,350,0,6 7,0,83,,21372,640,,,0,70,,21373,640,,,0,32,,21374,640,,,0,80,,21375,640,,,0,80,,21376,640,,,0,40,,21377,640,,,0,96,,21378,640,,,0,103,,21379,640,,,0,100,,21380,640,,,0,99,,21381,640,,,0,102,,21382,640,,,0,100,,21383,640,,,0,100,,21384,640,,,0,90,,21385,640,,,0,80,,21386,640,,,0,40,,21387,640,,,0,70,,21388,640,,,0,30,,21389,640,,,0,85,,21390,640,,,0,100,,21391,640,,,0,98,,21392,640,,,0
22501,'Week-end-01',933,,17542,640,,,0,204,,17543,640,,,0,201,,17544,640,,,0,200,,17545,640,,,0,197,,17546,640,,,0,197,,17547,640,,,0,198,,17548,640,,,0
