23001,'Fête-1-01',807,,17812,40,,,0,100,,17824,40,,,0,100,,17813,40,,,0,101,,17818,40,,,0,100,,17825,40,,,0,100,,17819,40,,,0,100,,17820,40,,,0,100,,17821,40,,,0,100,,17823,40,,,0,99,,17816,40,,,0,100,,17817,40,,,0,100,,17822,40,,,0,100,,17815,40,,,0,100,,17814,40,,,0,100,,17811,40,,,0
23001,'Semaine-01',607,,17834,40,,,0,31,,17827,40,,,0,70,,17828,40,,,0,30,,17829,40,,,0,70,,17830,40,,,0,30,,17831,40,,,0,70,,17832,40,,,0,100,,17833,40,,,0,105,,17842,40,,,0,105,,17843,40,,,0,115,,17844,40,,,0,115,,17845,40,,,0,156,,17847,40,,,0,40,,17839,40,,,0,75,,17840,40,,,0,35,,17841,40,,,0,70,,17838,40,,,0,29,,17846,40,,,0,69,,17837,40,,,0,100,,17836,40,,,0,100,,17835,40,,,0,100,,17826,40,,,0
23001,'Semaine-02',607,,17856,40,,,0,31,,17849,40,,,0,70,,17850,40,,,0,30,,17851,40,,,0,70,,17852,40,,,0,30,,17853,40,,,0,70,,17854,40,,,0,100,,17855,40,,,0,105,,17864,40,,,0,105,,17865,40,,,0,115,,17866,40,,,0,115,,17867,40,,,0,156,,17869,40,,,0,40,,17861,40,,,0,75,,17862,40,,,0,35,,17863,40,,,0,70,,17860,40,,,0,29,,17868,40,,,0,69,,17859,40,,,0,100,,17858,40,,,0,100,,17857,40,,,0,100,,17848,40,,,0
23001,'Week-end-01',807,,17871,40,,,0,100,,17883,40,,,0,100,,17872,40,,,0,101,,17877,40,,,0,100,,17884,40,,,0,100,,17878,40,,,0,100,,17879,40,,,0,100,,17880,40,,,0,100,,17882,40,,,0,99,,17875,40,,,0,100,,17876,40,,,0,100,,17881,40,,,0,100,,17874,40,,,0,100,,17873,40,,,0,100,,17870,40,,,0
23200,'Fête-1-01',928,,17969,270,,,0,102,,17964,270,,,0,100,,17970,270,,,0,102,,17963,270,,,0,101,,17971,270,,,0,100,,17962,270,,,0,100,,17972,270,,,0,98,,17967,270,,,0,100,,17973,270,,,0,99,,17966,270,,,0,100,,17974,270,,,0,100,,17961,270,,,0,100,,17975,270,,,0,100,,17968,270,,,0
23200,'Semaine-01',630,,17976,270,,,0,26,,17977,270,,,0,74,,17978,270,,,0,29,,17979,270,,,0,72,,17980,270,,,0,70,,17981,270,,,0,99,,17982,270,,,0,100,,17983,270,,,0,101,,17984,270,,,0,100,,17985,270,,,0,102,,17986,270,,,0,102,,17987,270,,,0,105,,17988,270,,,0,37,,17989,270,,,0,70,,17990,270,,,0,89,,17991,270,,,0,28,,17992,270,,,0,74,,17993,270,,,0,95,,17994,270,,,0,54,,17995,270,,,0,100,,17996,270,,,0
23200,'Semaine-02',630,,17999,270,,,0,26,,18000,270,,,0,74,,18001,270,,,0,29,,18002,270,,,0,72,,18003,270,,,0,70,,18004,270,,,0,99,,18005,270,,,0,100,,18006,270,,,0,101,,18007,270,,,0,100,,18008,270,,,0,102,,18009,270,,,0,102,,18010,270,,,0,105,,18011,270,,,0,37,,18012,270,,,0,70,,18013,270,,,0,89,,18014,270,,,0,28,,18015,270,,,0,74,,18016,270,,,0,95,,18017,270,,,0,54,,18018,270,,,0,100,,18019,270,,,0
23200,'Week-end-01',928,,18030,270,,,0,102,,18025,270,,,0,100,,18031,270,,,0,102,,18024,270,,,0,101,,18032,270,,,0,100,,18023,270,,,0,100,,18033,270,,,0,98,,18028,270,,,0,100,,18034,270,,,0,99,,18027,270,,,0,100,,18035,270,,,0,100,,18022,270,,,0,100,,18036,270,,,0,100,,18029,270,,,0
23501,'Fête-1-01',808,,18201,40,,,0,100,,18205,40,,,0,100,,18198,40,,,0,100,,18199,40,,,0,101,,18195,40,,,0,100,,18197,40,,,0,100,,18196,40,,,0,100,,18200,40,,,0,100,,18203,40,,,0,100,,18208,40,,,0,100,,18209,40,,,0,99,,18202,40,,,0,100,,18204,40,,,0,100,,18206,40,,,0,100,,18207,40,,,0
23501,'Semaine-01',537,,18210,40,,,0,20,,18231,40,,,0,80,,18212,40,,,0,20,,18211,40,,,0,80,,18214,40,,,0,66,,18213,40,,,0,105,,18215,40,,,0,100,,18216,40,,,0,100,,18217,40,,,0,100,,18218,40,,,0,100,,18219,40,,,0,100,,18220,40,,,0,105,,18221,40,,,0,35,,18223,40,,,0,76,,18222,40,,,0,84,,18224,40,,,0,30,,18226,40,,,0,75,,18225,40,,,0,99,,18227,40,,,0,100,,18228,40,,,0,100,,18229,40,,,0,100,,18230,40,,,0
23501,'Semaine-02',537,,18232,40,,,0,20,,18253,40,,,0,80,,18234,40,,,0,20,,18233,40,,,0,80,,18236,40,,,0,66,,18235,40,,,0,105,,18237,40,,,0,100,,18238,40,,,0,100,,18239,40,,,0,100,,18240,40,,,0,100,,18241,40,,,0,100,,18242,40,,,0,105,,18243,40,,,0,35,,18245,40,,,0,76,,18244,40,,,0,84,,18246,40,,,0,30,,18248,40,,,0,75,,18247,40,,,0,99,,18249,40,,,0,100,,18250,40,,,0,100,,18251,40,,,0,100,,18252,40,,,0
23501,'Week-end-01',808,,18260,40,,,0,100,,18264,40,,,0,100,,18257,40,,,0,100,,18258,40,,,0,101,,18254,40,,,0,100,,18256,40,,,0,100,,18255,40,,,0,100,,18259,40,,,0,100,,18262,40,,,0,100,,18267,40,,,0,100,,18268,40,,,0,99,,18261,40,,,0,100,,18263,40,,,0,100,,18265,40,,,0,100,,18266,40,,,0
