'LA-H25-LAGTFS-Dimanche-01',10300,85200,4,'',0,10000,4,'',0,10000,4,'',0,10000,4,'',0,10000,4,'',0,10000,4,'',0,10000,4,'',0,10000,4,'',0,10000,4,'',0,10000,4,'',0,10000,4,'',0,10000,4,'',0,10000,4,'',0,10000,4,'',0,10000,4,'',0
'LA-H25-LAGTFS-Dimanche-01',10301,80500,,'',0,9500,,'',0,10000,,'',0,10000,,'',0,10000,,'',0,10000,,'',0,10000,,'',0,10000,,'',0,10000,,'',0,10000,,'',0,10000,,'',0,10000,,'',0,10000,,'',0,10000,,'',0,10000,,'',0
'LA-H25-LAGTFS-Fête-1-01',10300,85200,4,'',0,10000,4,'',0,10000,4,'',0,10000,4,'',0,10000,4,'',0,10000,4,'',0,10000,4,'',0,10000,4,'',0,10000,4,'',0,10000,4,'',0,10000,4,'',0,10000,4,'',0,10000,4,'',0,10000,4,'',0,10000,4,'',0
'LA-H25-LAGTFS-Fête-1-01',10301,80500,,'',0,9500,,'',0,10000,,'',0,10000,,'',0,10000,,'',0,10000,,'',0,10000,,'',0,10000,,'',0,10000,,'',0,10000,,'',0,10000,,'',0,10000,,'',0,10000,,'',0,10000,,'',0,10000,,'',0
'LA-H25-LAGTFS-Fête-2-01',10300,65800,4,'',0,9400,4,'',0,10000,4,'',0,10000,4,'',0,10000,4,'',0,10000,4,'',0,10000,4,'',0,10000,4,'',0,10000,4,'',0,10000,4,'',0,10000,4,'',0,10000,4,'',0,10000,4,'',0,10000,4,'',0,10000,4,'',0,10000,4,'',0,10000,4,'',0
'LA-H25-LAGTFS-Fête-2-01',10301,61100,,'',0,9200,,'',0,9700,,'',0,10000,,'',0,10000,,'',0,10000,,'',0,10000,,'',0,10000,,'',0,10000,,'',0,10000,,'',0,10000,,'',0,10000,,'',0,10000,,'',0,10000,,'',0,10000,,'',0,10000,,'',0,10000,,'',0
'LA-H25-LAGTFS-Samedi-01',10300,85200,4,'',0,10000,4,'',0,10000,4,'',0,10000,4,'',0,10000,4,'',0,10000,4,'',0,10000,4,'',0,10000,4,'',0,10000,4,'',0,10000,4,'',0,10000,4,'',0,10000,4,'',0,10000,4,'',0,10000,4,'',0,10000,4,'',0
'LA-H25-LAGTFS-Samedi-01',10301,80500,,'',0,9500,,'',0,10000,,'',0,10000,,'',0,10000,,'',0,10000,,'',0,10000,,'',0,10000,,'',0,10000,,'',0,10000,,'',0,10000,,'',0,10000,,'',0,10000,,'',0,10000,,'',0,10000,,'',0
'LA-H25-LAGTFS-Semaine-01',10300,63600,4,'',0,2300,4,'',0,7700,4,'',0,2000,4,'',0,7600,4,'',0,2700,4,'',0,9400,4,'',0,10000,4,'',0,10100,4,'',0,10000,4,'',0,10000,4,'',0,10000,4,'',0,10400,4,'',0,7300,4,'',0,7600,4,'',0,3400,4,'',0,6300,4,'',0,3500,4,'',0,6600,4,'',0,3400,4,'',0,9900,4,'',0,10000,4,'',0,10000,4,'',0
'LA-H25-LAGTFS-Semaine-01',10301,54300,,'',0,6700,,'',0,3200,,'',0,6300,,'',0,3700,,'',0,6900,,'',0,9700,,'',0,9500,,'',0,10000,,'',0,10000,,'',0,10000,,'',0,10000,,'',0,10000,,'',0,3700,,'',0,7500,,'',0,3400,,'',0,6600,,'',0,3400,,'',0,6600,,'',0,3400,,'',0,10000,,'',0,10000,,'',0,10000,,'',0
'LA-H25-LAGTFS-Semaine-03',10300,63600,4,'',0,2300,4,'',0,7700,4,'',0,2000,4,'',0,7600,4,'',0,2700,4,'',0,9400,4,'',0,10000,4,'',0,10100,4,'',0,10000,4,'',0,10000,4,'',0,10000,4,'',0,10400,4,'',0,7300,4,'',0,7600,4,'',0,3400,4,'',0,6300,4,'',0,3500,4,'',0,6600,4,'',0,3400,4,'',0,9900,4,'',0,10000,4,'',0,10000,4,'',0
'LA-H25-LAGTFS-Semaine-03',10301,54300,,'',0,6700,,'',0,3200,,'',0,6300,,'',0,3700,,'',0,6900,,'',0,9700,,'',0,9500,,'',0,10000,,'',0,10000,,'',0,10000,,'',0,10000,,'',0,10000,,'',0,3700,,'',0,7500,,'',0,3400,,'',0,6600,,'',0,3400,,'',0,6600,,'',0,3400,,'',0,10000,,'',0,10000,,'',0,10000,,'',0
'LA-H25-LAGTFS-Fête-2-01',2000010300,133100,4,'',0
'LA-H25-LAGTFS-Fête-2-01',2000010301,103500,,'',0
'LA-H25-LAGTFS-Semaine-01',2000010300,133100,4,'',0
'LA-H25-LAGTFS-Semaine-01',2000010301,103500,,'',0
'LA-H25-LAGTFS-Semaine-03',2000010300,133100,4,'',0
'LA-H25-LAGTFS-Semaine-03',2000010301,103500,,'',0
