22501,'Fête-1-01',909,,17491,260,,,0,200,,17492,260,,,0,200,,17493,260,,,0,200,,17494,260,,,0,200,,17495,260,,,0,199,,17496,260,,,0,198,,17497,260,,,0
22501,'Semaine-01',610,,17499,260,,,0,30,,17500,260,,,0,69,,17501,260,,,0,40,,17502,260,,,0,81,,17503,260,,,0,80,,17504,260,,,0,99,,17505,260,,,0,100,,17506,260,,,0,100,,17507,260,,,0,100,,17508,260,,,0,100,,17509,260,,,0,100,,17510,260,,,0,100,,17511,260,,,0,50,,17512,260,,,0,80,,17513,260,,,0,81,,17514,260,,,0,34,,17515,260,,,0,70,,17516,260,,,0,85,,17517,260,,,0,100,,17518,260,,,0,98,,17519,260,,,0
22501,'Semaine-02',610,,17521,260,,,0,30,,17522,260,,,0,69,,17523,260,,,0,40,,17524,260,,,0,81,,17525,260,,,0,80,,17526,260,,,0,99,,17527,260,,,0,100,,17528,260,,,0,100,,17529,260,,,0,100,,17530,260,,,0,100,,17531,260,,,0,100,,17532,260,,,0,100,,17533,260,,,0,50,,17534,260,,,0,80,,17535,260,,,0,81,,17536,260,,,0,34,,17537,260,,,0,70,,17538,260,,,0,85,,17539,260,,,0,100,,17540,260,,,0,98,,17541,260,,,0
22501,'Week-end-01',909,,17542,260,,,0,200,,17543,260,,,0,200,,17544,260,,,0,200,,17545,260,,,0,200,,17546,260,,,0,199,,17547,260,,,0,198,,17548,260,,,0
22701,'Fête-1-01',858,,17613,140,,,0,200,,17614,140,,,0,200,,17615,140,,,0,200,,17616,140,,,0,200,,17617,140,,,0,200,,17618,140,,,0,200,,17619,140,,,0
22701,'Semaine-01',558,,17622,140,,,0,70,,17623,140,,,0,72,,17624,140,,,0,40,,17625,140,,,0,80,,17626,140,,,0,38,,17627,140,,,0,100,,17628,140,,,0,100,,17629,140,,,0,100,,17630,140,,,0,100,,17631,140,,,0,100,,17632,140,,,0,100,,17633,140,,,0,142,,17634,140,,,0,50,,17635,140,,,0,80,,17636,140,,,0,80,,17637,140,,,0,33,,17638,140,,,0,70,,17639,140,,,0,45,,17640,140,,,0,100,,17641,140,,,0,100,,17642,140,,,0,100,,17643,140,0,8 14 1 15 16 17,0
22701,'Semaine-02',558,,17646,140,,,0,70,,17647,140,,,0,72,,17648,140,,,0,40,,17649,140,,,0,80,,17650,140,,,0,38,,17651,140,,,0,100,,17652,140,,,0,100,,17653,140,,,0,100,,17654,140,,,0,100,,17655,140,,,0,100,,17656,140,,,0,100,,17657,140,,,0,142,,17658,140,,,0,50,,17659,140,,,0,80,,17660,140,,,0,80,,17661,140,,,0,33,,17662,140,,,0,70,,17663,140,,,0,45,,17664,140,,,0,100,,17665,140,,,0,100,,17666,140,,,0,100,,17667,140,0,8 14 1 15 16 17,0
22701,'Week-end-01',858,,17668,140,,,0,200,,17669,140,,,0,200,,17670,140,,,0,200,,17671,140,,,0,200,,17672,140,,,0,200,,17673,140,,,0,200,,17674,140,,,0
70800,'Fête-1-01',738,,20661,280,,,0,104,,20662,280,,,0,89,,20663,280,,,0,100,,20664,280,,,0,102,,20665,280,,,0,99,,20666,280,,,0,100,,20667,280,,,0,100,,20668,280,,,0,100,,20669,280,,,0,100,,20670,280,,,0,100,,20671,280,,,0,100,,20672,280,,,0,100,,20673,280,,,0,96,,20674,280,,,0,103,,20675,280,,,0,80,,20676,280,,,0,43,,20677,280,,,0,80,,20659,280,,,0,117,,20660,280,,,0
70800,'Semaine-01',558,,20678,280,,,0,70,,20679,280,,,0,31,,20680,280,,,0,70,,20681,280,,,0,30,,20682,280,,,0,55,,20683,280,,,0,17,,20684,280,,,0,27,,20685,280,,,0,72,,20686,280,,,0,99,,20687,280,,,0,100,,20688,280,,,0,100,,20689,280,,,0,100,,20690,280,,,0,99,,20691,280,,,0,99,,20692,280,,,0,77,,20693,280,,,0,20,,20694,280,,,0,10,,20695,280,,,0,21,,20696,280,,,0,49,,20697,280,,,0,21,,20698,280,,,0,9,,20699,280,,,0,21,,20700,280,,,0,49,,20701,280,,,0,13,,20702,280,,,0,15,,20703,280,,,0,25,,20704,280,,,0,70,,20705,280,,,0,100,,20706,280,,,0,90,,20707,280,,,0,90,,20708,280,,,0,95,,20709,280,,,0,98,,20710,280,,,0,100,,20711,280,,,0,100,,20712,280,,,0
70800,'Semaine-02',558,,20713,280,,,0,70,,20714,280,,,0,31,,20715,280,,,0,70,,20716,280,,,0,74,,20717,280,,,0,11,,20718,280,,,0,17,,20719,280,,,0,27,,20720,280,,,0,72,,20721,280,,,0,99,,20722,280,,,0,100,,20723,280,,,0,100,,20724,280,,,0,100,,20725,280,,,0,99,,20726,280,,,0,99,,20727,280,,,0,77,,20728,280,,,0,20,,20729,280,,,0,10,,20730,280,,,0,21,,20731,280,,,0,49,,20732,280,,,0,21,,20733,280,,,0,9,,20734,280,,,0,21,,20735,280,,,0,49,,20736,280,,,0,13,,20737,280,,,0,15,,20738,280,,,0,25,,20739,280,,,0,70,,20740,280,,,0,100,,20741,280,,,0,90,,20742,280,,,0,90,,20743,280,,,0,95,,20744,280,,,0,98,,20745,280,,,0,100,,20746,280,,,0,100,,20747,280,,,0
70800,'Week-end-01',738,,20750,280,,,0,104,,20751,280,,,0,89,,20752,280,,,0,100,,20753,280,,,0,102,,20754,280,,,0,99,,20755,280,,,0,100,,20756,280,,,0,100,,20757,280,,,0,100,,20758,280,,,0,100,,20759,280,,,0,100,,20760,280,,,0,100,,20761,280,,,0,100,,20762,280,,,0,96,,20763,280,,,0,103,,20764,280,,,0,80,,20765,280,,,0,43,,20766,280,,,0,80,,20748,280,,,0,117,,20749,280,,,0
