22201,'Fête-1-02',813,,21342,500,,,0,100,,21330,500,,,0,100,,21329,500,,,0,100,,21328,500,,,0,100,,21331,500,,,0,100,,21332,500,,,0,100,,21333,500,,,0,100,,21334,500,,,0,100,,21335,500,,,0,100,,21336,500,,,0,100,,21337,500,,,0,100,,21338,500,,,0,100,,21339,500,,,0,100,,21340,500,,,0,98,,21341,500,4,,0
22201,'Semaine-02',538,,17475,10,0,6 7,0,63,,17472,500,,,0,40,,17455,500,,,0,70,,17473,500,,,0,41,,17456,500,,,0,80,,17457,500,,,0,109,,17458,500,,,0,100,,17459,500,,,0,100,,17460,500,,,0,100,,17461,500,,,0,100,,17462,500,,,0,100,,17463,500,,,0,100,,17464,500,,,0,101,,17465,500,,,0,80,,17474,500,,,0,35,,17466,500,,,0,80,,17467,500,,,0,104,,17468,500,,,0,100,,17469,500,,,0,100,,17470,500,,,0,100,,17471,500,4,,0
22201,'Semaine-03',538,,21363,10,0,6 7,0,63,,21360,500,,,0,40,,21343,500,,,0,70,,21361,500,,,0,41,,21344,500,,,0,80,,21345,500,,,0,109,,21346,500,,,0,100,,21347,500,,,0,100,,21348,500,,,0,100,,21349,500,,,0,100,,21350,500,,,0,100,,21351,500,,,0,100,,21352,500,,,0,101,,21353,500,,,0,80,,21362,500,,,0,35,,21354,500,,,0,80,,21355,500,,,0,104,,21356,500,,,0,100,,21357,500,,,0,100,,21358,500,,,0,100,,21359,500,4,,0
22201,'Week-end-01',813,,17490,500,,,0,100,,17478,500,,,0,100,,17477,500,,,0,100,,17476,500,,,0,100,,17479,500,,,0,100,,17480,500,,,0,100,,17481,500,,,0,100,,17482,500,,,0,100,,17483,500,,,0,100,,17484,500,,,0,100,,17485,500,,,0,100,,17486,500,,,0,100,,17487,500,,,0,100,,17488,500,,,0,98,,17489,500,4,,0
22501,'Fête-1-02',857,,21364,110,,,0,200,,21365,110,,,0,200,,21366,110,,,0,200,,21367,110,,,0,200,,21368,110,,,0,200,,21369,110,,,0,199,,21370,110,,,0
22501,'Semaine-02',557,,17521,110,,,0,70,,17522,110,,,0,30,,17523,110,,,0,80,,17524,110,,,0,80,,17525,110,,,0,40,,17526,110,,,0,100,,17527,110,,,0,100,,17528,110,,,0,100,,17529,110,,,0,100,,17530,110,,,0,100,,17531,110,,,0,100,,17532,110,,,0,100,,17533,110,,,0,90,,17534,110,,,0,80,,17535,110,,,0,80,,17536,110,,,0,35,,17537,110,,,0,70,,17538,110,,,0,45,,17539,110,,,0,100,,17540,110,,,0,100,,17541,110,,,0
22501,'Semaine-03',557,,21372,110,,,0,70,,21373,110,,,0,30,,21374,110,,,0,80,,21375,110,,,0,80,,21376,110,,,0,40,,21377,110,,,0,100,,21378,110,,,0,100,,21379,110,,,0,100,,21380,110,,,0,100,,21381,110,,,0,100,,21382,110,,,0,100,,21383,110,,,0,100,,21384,110,,,0,90,,21385,110,,,0,80,,21386,110,,,0,80,,21387,110,,,0,35,,21388,110,,,0,70,,21389,110,,,0,45,,21390,110,,,0,100,,21391,110,,,0,100,,21392,110,,,0
22501,'Week-end-01',857,,17542,110,,,0,200,,17543,110,,,0,200,,17544,110,,,0,200,,17545,110,,,0,200,,17546,110,,,0,200,,17547,110,,,0,199,,17548,110,,,0
22600,'Fête-1-02',825,,21399,560,,,0,202,,21393,560,,,0,205,,21394,560,,,0,198,,21395,560,,,0,199,,21396,560,,,0,200,,21400,560,0,6 7,0,198,,21397,560,,,0
22600,'Semaine-02',536,,17603,400,0,6 7,0,70,,17604,400,0,6 7,0,40,,17581,560,,,0,70,,17582,560,,,0,36,,17583,560,,,0,80,,17584,560,,,0,80,,17585,560,,,0,90,,17586,560,,,0,100,,17587,560,,,0,100,,17588,560,,,0,100,,17589,560,,,0,101,,17590,560,,,0,100,,17591,560,,,0,102,,17592,560,,,0,100,,17593,560,,,0,40,,17594,560,,,0,78,,17595,560,,,0,80,,17596,560,,,0,28,,17597,560,,,0,70,,17598,560,,,0,58,,17599,560,,,0,98,,17600,560,,,0,100,,17601,560,,,0,98,,17602,560,,,0
22600,'Semaine-03',536,,21423,400,0,6 7,0,70,,21424,400,0,6 7,0,40,,21401,560,,,0,70,,21402,560,,,0,36,,21403,560,,,0,80,,21404,560,,,0,80,,21405,560,,,0,90,,21406,560,,,0,100,,21407,560,,,0,100,,21408,560,,,0,100,,21409,560,,,0,101,,21410,560,,,0,100,,21411,560,,,0,102,,21412,560,,,0,100,,21413,560,,,0,40,,21414,560,,,0,78,,21415,560,,,0,80,,21416,560,,,0,28,,21417,560,,,0,70,,21418,560,,,0,58,,21419,560,,,0,98,,21420,560,,,0,100,,21421,560,,,0,98,,21422,560,,,0
22600,'Week-end-01',825,,17611,560,,,0,202,,17605,560,,,0,205,,17606,560,,,0,198,,17607,560,,,0,199,,17608,560,,,0,200,,17612,560,,,0,198,,17609,560,,,0
