22001,'Semaine-03',551,,15160,60,,,0,70,,15161,60,,,0,31,,15162,60,,,0,70,,15163,60,,,0,30,,15164,60,,,0,69,,15165,60,,,0,100,,15166,60,,,0,100,,15167,60,,,0,100,,15168,60,,,0,100,,15169,60,,,0,100,,15170,60,,,0,100,,15171,60,,,0,100,,15172,60,,,0,100,,15173,60,,,0,30,,15174,60,,,0,71,,15175,60,,,0,30,,15176,60,,,0,69,,15177,60,,,0,30,,15178,60,,,0,70,,15179,60,,,0,100,,15180,60,,,0,100,,15181,60,,,0,100,,15182,60,,,0,100,,15183,60,0,8 20 1 21,0
22001,'Semaine-53',551,,11760,60,,,0,70,,11761,60,,,0,31,,11762,60,,,0,70,,11763,60,,,0,30,,11764,60,,,0,69,,11765,60,,,0,100,,11766,60,,,0,100,,11767,60,,,0,100,,11768,60,,,0,100,,11769,60,,,0,100,,11770,60,,,0,100,,11771,60,,,0,100,,11772,60,,,0,100,,11773,60,,,0,30,,11774,60,,,0,71,,11775,60,,,0,30,,11776,60,,,0,69,,11777,60,,,0,30,,11778,60,,,0,70,,11779,60,,,0,100,,11780,60,,,0,100,,11781,60,,,0,100,,11782,60,,,0,100,,11783,60,0,8 20 1 21,0
22001,'Week-end-03',751,,15191,60,,,0,200,,15188,60,,,0,200,,15186,60,,,0,200,,15187,60,,,0,200,,15185,60,,,0,200,,15190,60,,,0,200,,15189,60,,,0,200,,15184,60,0,8 20 1 21,0
22001,'Week-end-53',751,,11791,60,,,0,200,,11788,60,,,0,200,,11786,60,,,0,200,,11787,60,,,0,200,,11785,60,,,0,200,,11790,60,,,0,200,,11789,60,,,0,200,,11784,60,0,8 20 1 21,0
22100,'Semaine-03',606,,15195,60,,,0,30,,15192,60,,,0,71,,15196,60,,,0,30,,15197,60,,,0,70,,15198,60,,,0,45,,15199,60,,,0,100,,15200,60,,,0,100,,15201,60,,,0,100,,15202,60,,,0,100,,15203,60,,,0,100,,15204,60,,,0,100,,15205,60,,,0,100,,15206,60,,,0,85,,15207,60,,,0,70,,15208,60,,,0,30,,15209,60,,,0,69,,15210,60,,,0,30,,15211,60,,,0,70,,15212,60,,,0,45,,15213,60,,,0,100,,15214,60,,,0,100,,15215,60,,,0
22100,'Semaine-53',606,,11802,60,,,0,30,,11799,60,,,0,71,,11803,60,,,0,30,,11804,60,,,0,70,,11805,60,,,0,45,,11806,60,,,0,100,,11807,60,,,0,100,,11808,60,,,0,100,,11809,60,,,0,100,,11810,60,,,0,100,,11811,60,,,0,100,,11812,60,,,0,100,,11813,60,,,0,85,,11814,60,,,0,70,,11815,60,,,0,30,,11816,60,,,0,69,,11817,60,,,0,30,,11818,60,,,0,70,,11819,60,,,0,45,,11820,60,,,0,100,,11821,60,,,0,100,,11822,60,,,0
22100,'Week-end-03',851,,15216,60,,,0,200,,15220,60,,,0,200,,15221,60,,,0,200,,15222,60,,,0,200,,15217,60,,,0,200,,15219,60,,,0,200,,15218,60,,,0
22100,'Week-end-53',851,,11823,60,,,0,200,,11827,60,,,0,200,,11828,60,,,0,200,,11829,60,,,0,200,,11824,60,,,0,200,,11826,60,,,0,200,,11825,60,,,0
22201,'Semaine-03',537,,15240,60,,,0,80,,15223,60,,,0,30,,15241,60,,,0,80,,15224,60,,,0,80,,15225,60,,,0,110,,15226,60,,,0,100,,15227,60,,,0,100,,15228,60,,,0,100,,15229,60,,,0,100,,15230,60,,,0,100,,15231,60,,,0,100,,15232,60,,,0,100,,15233,60,,,0,40,,15242,60,,,0,75,,15234,60,,,0,80,,15235,60,,,0,105,,15236,60,,,0,100,,15237,60,,,0,100,,15238,60,,,0,100,,15239,60,0,8 6 22,0
22201,'Semaine-53',537,,11862,60,,,0,80,,11845,60,,,0,30,,11863,60,,,0,80,,11846,60,,,0,80,,11847,60,,,0,110,,11848,60,,,0,100,,11849,60,,,0,100,,11850,60,,,0,100,,11851,60,,,0,100,,11852,60,,,0,100,,11853,60,,,0,100,,11854,60,,,0,100,,11855,60,,,0,40,,11864,60,,,0,75,,11856,60,,,0,80,,11857,60,,,0,105,,11858,60,,,0,100,,11859,60,,,0,100,,11860,60,,,0,100,,11861,60,0,8 6 22,0
22201,'Week-end-03',748,,15258,60,,,0,100,,15246,60,,,0,100,,15245,60,,,0,100,,15244,60,,,0,100,,15247,60,,,0,100,,15248,60,,,0,100,,15249,60,,,0,100,,15250,60,,,0,100,,15251,60,,,0,100,,15252,60,,,0,100,,15253,60,,,0,100,,15254,60,,,0,100,,15255,60,,,0,100,,15256,60,,,0,100,,15257,60,0,8 6 22,0
22201,'Week-end-53',749,,11880,60,,,0,100,,11868,60,,,0,100,,11867,60,,,0,100,,11866,60,,,0,100,,11869,60,,,0,100,,11870,60,,,0,100,,11871,60,,,0,100,,11872,60,,,0,100,,11873,60,,,0,100,,11874,60,,,0,100,,11875,60,,,0,100,,11876,60,,,0,100,,11877,60,,,0,100,,11878,60,,,0,99,,11879,60,0,8 6 22,0
