30300,'Semaine-03',619,,16261,40,,,0,30,,16262,40,,,0,70,,16263,40,,,0,30,,16264,40,,,0,70,,16265,40,,,0,30,,16266,40,,,0,100,,16277,40,,,0,100,,16267,40,,,0,100,,16268,40,,,0,100,,16269,40,,,0,100,,16270,40,,,0,100,,16271,40,,,0,100,,16272,40,,,0,70,,16278,40,,,0,30,,16279,40,,,0,70,,16273,40,,,0,30,,16274,40,,,0,70,,16275,40,,,0,30,,16276,40,,,0,100,,16280,40,,,0,100,,16281,40,,,0,100,,16282,40,,,0,100,,16283,40,,,0
30300,'Semaine-53',619,,13226,40,,,0,30,,13227,40,,,0,70,,13228,40,,,0,30,,13229,40,,,0,70,,13230,40,,,0,30,,13231,40,,,0,100,,13242,40,,,0,100,,13232,40,,,0,100,,13233,40,,,0,100,,13234,40,,,0,100,,13235,40,,,0,100,,13236,40,,,0,100,,13237,40,,,0,70,,13243,40,,,0,30,,13244,40,,,0,70,,13238,40,,,0,30,,13239,40,,,0,70,,13240,40,,,0,30,,13241,40,,,0,100,,13245,40,,,0,100,,13246,40,,,0,100,,13247,40,,,0,100,,13248,40,,,0
30300,'Week-end-03',849,,16284,40,0,48 49 50,0,100,,16285,40,0,48 49 50,0,100,,16286,40,0,48 49 50,0,100,,16287,40,0,48 49 50,0,100,,16288,40,0,48 49 50,0,100,,16289,40,0,48 49 50,0,100,,16290,40,0,48 49 50,0,100,,16291,40,0,48 49 50,0,100,,16292,40,0,48 49 50,0,100,,16293,40,0,48 49 50,0,100,,16294,40,0,48 49 50,0,100,,16295,40,0,48 49 50,0,100,,16296,40,0,48 49 50,0,100,,16297,40,0,48 49 50,0,100,,16298,40,0,48 49 50,0
30300,'Week-end-53',849,,13249,40,,,0,100,,13250,40,,,0,100,,13251,40,,,0,100,,13252,40,,,0,100,,13253,40,,,0,100,,13254,40,,,0,100,,13255,40,,,0,100,,13256,40,,,0,100,,13257,40,,,0,100,,13258,40,,,0,100,,13259,40,,,0,100,,13260,40,,,0,100,,13261,40,,,0,100,,13262,40,,,0,100,,13263,40,,,0
30301,'Semaine-03',544,,16312,180,,,0,100,,16313,180,,,0,70,,16314,180,,,0,32,,16315,180,,,0,70,,16316,180,,,0,98,,16318,180,,,0,100,,16319,180,,,0,100,,16317,180,,,0,100,,16310,180,,,0,100,,16311,180,,,0,100,,16309,180,,,0,101,,16305,180,,,0,30,,16320,180,,,0,70,,16304,180,,,0,30,,16299,180,,,0,70,,16300,180,,,0,30,,16301,180,,,0,70,,16306,180,,,0,98,,16307,180,,,0,100,,16308,180,,,0,99,,16302,180,,,0,100,,16303,180,,,0
30301,'Semaine-53',544,,13292,180,,,0,100,,13293,180,,,0,70,,13294,180,,,0,32,,13295,180,,,0,70,,13296,180,,,0,98,,13298,180,,,0,100,,13299,180,,,0,100,,13297,180,,,0,100,,13290,180,,,0,100,,13291,180,,,0,100,,13289,180,,,0,101,,13285,180,,,0,30,,13300,180,,,0,70,,13284,180,,,0,30,,13279,180,,,0,70,,13280,180,,,0,30,,13281,180,,,0,70,,13286,180,,,0,98,,13287,180,,,0,100,,13288,180,,,0,99,,13282,180,,,0,100,,13283,180,,,0
30301,'Week-end-03',812,,16321,180,0,47 13,0,100,,16322,180,0,47 13,0,100,,16323,180,0,47 13,0,100,,16324,180,0,47 13,0,101,,16325,180,0,47 13,0,100,,16326,180,0,47 13,0,100,,16327,180,0,47 13,0,100,,16328,180,0,47 13,0,100,,16329,180,0,47 13,0,100,,16330,180,0,47 13,0,100,,16331,180,0,47 13,0,99,,16332,180,0,47 13,0,100,,16333,180,0,47 13,0,100,,16334,180,0,47 13,0,100,,16335,180,0,47 13,0
30301,'Week-end-53',812,,13301,180,,,0,100,,13302,180,,,0,100,,13303,180,,,0,100,,13304,180,,,0,101,,13305,180,,,0,100,,13306,180,,,0,100,,13307,180,,,0,100,,13308,180,,,0,100,,13309,180,,,0,100,,13310,180,,,0,100,,13311,180,,,0,99,,13312,180,,,0,100,,13313,180,,,0,100,,13314,180,,,0,100,,13315,180,,,0
30600,'Semaine-03',618,,16336,30,,,0,30,,16337,30,,,0,70,,16338,30,,,0,30,,16339,30,,,0,70,,16340,30,,,0,30,,16341,30,,,0,100,,16342,30,,,0,100,,16343,30,,,0,100,,16344,30,,,0,100,,16345,30,,,0,100,,16346,30,,,0,100,,16347,30,,,0,100,,16348,30,,,0,70,,16349,30,,,0,30,,16350,30,,,0,70,,16351,30,,,0,30,,16352,30,,,0,70,,16353,30,,,0,30,,16354,30,,,0,100,,16355,30,,,0,100,,16356,30,,,0,100,,16357,30,,,0,100,,16358,30,,,0
30600,'Semaine-53',618,,13331,30,,,0,30,,13332,30,,,0,70,,13333,30,,,0,30,,13334,30,,,0,70,,13335,30,,,0,30,,13336,30,,,0,100,,13337,30,,,0,100,,13338,30,,,0,100,,13339,30,,,0,100,,13340,30,,,0,100,,13341,30,,,0,100,,13342,30,,,0,100,,13343,30,,,0,70,,13344,30,,,0,30,,13345,30,,,0,70,,13346,30,,,0,30,,13347,30,,,0,70,,13348,30,,,0,30,,13349,30,,,0,100,,13350,30,,,0,100,,13351,30,,,0,100,,13352,30,,,0,100,,13353,30,,,0
30600,'Week-end-03',848,,16359,30,,,0,100,,16360,30,,,0,100,,16361,30,,,0,100,,16362,30,,,0,100,,16363,30,,,0,100,,16364,30,,,0,100,,16365,30,,,0,100,,16366,30,,,0,100,,16367,30,,,0,100,,16368,30,,,0,100,,16369,30,,,0,100,,16370,30,,,0,100,,16371,30,,,0,100,,16372,30,,,0,100,,16373,30,,,0
30600,'Week-end-53',848,,13354,30,,,0,100,,13355,30,,,0,100,,13356,30,,,0,100,,13357,30,,,0,100,,13358,30,,,0,100,,13359,30,,,0,100,,13360,30,,,0,100,,13361,30,,,0,100,,13362,30,,,0,100,,13363,30,,,0,100,,13364,30,,,0,100,,13365,30,,,0,100,,13366,30,,,0,100,,13367,30,,,0,100,,13368,30,,,0
30601,'Semaine-03',543,,16374,80,,,0,100,,16375,80,,,0,70,,16376,80,,,0,32,,16377,80,,,0,70,,16378,80,,,0,98,,16379,80,,,0,100,,16380,80,,,0,100,,16381,80,,,0,100,,16382,80,,,0,100,,16383,80,,,0,100,,16384,80,,,0,101,,16385,80,,,0,30,,16386,80,,,0,70,,16387,80,,,0,30,,16388,80,,,0,70,,16389,80,,,0,30,,16390,80,,,0,70,,16391,80,,,0,98,,16395,80,,,0,100,,16392,80,,,0,99,,16393,80,,,0,100,,16394,80,,,0
30601,'Semaine-53',543,,13384,80,,,0,100,,13385,80,,,0,70,,13386,80,,,0,32,,13387,80,,,0,70,,13388,80,,,0,98,,13389,80,,,0,100,,13390,80,,,0,100,,13391,80,,,0,100,,13392,80,,,0,100,,13393,80,,,0,100,,13394,80,,,0,101,,13395,80,,,0,30,,13396,80,,,0,70,,13397,80,,,0,30,,13398,80,,,0,70,,13399,80,,,0,30,,13400,80,,,0,70,,13401,80,,,0,98,,13405,80,,,0,100,,13402,80,,,0,99,,13403,80,,,0,100,,13404,80,,,0
30601,'Week-end-03',811,,16396,80,,,0,100,,16397,80,,,0,100,,16398,80,,,0,100,,16399,80,,,0,101,,16400,80,,,0,100,,16401,80,,,0,100,,16402,80,,,0,100,,16403,80,,,0,100,,16404,80,,,0,100,,16405,80,,,0,100,,16406,80,,,0,99,,16407,80,,,0,100,,16408,80,,,0,100,,16409,80,,,0,100,,16410,80,,,0
30601,'Week-end-53',811,,13406,80,,,0,100,,13407,80,,,0,100,,13408,80,,,0,100,,13409,80,,,0,101,,13410,80,,,0,100,,13411,80,,,0,100,,13412,80,,,0,100,,13413,80,,,0,100,,13414,80,,,0,100,,13415,80,,,0,100,,13416,80,,,0,99,,13417,80,,,0,100,,13418,80,,,0,100,,13419,80,,,0,100,,13420,80,,,0
30900,'Semaine-03',620,,16411,30,,,0,30,,16412,30,,,0,70,,16413,30,,,0,30,,16414,30,,,0,70,,16415,30,,,0,30,,16416,30,,,0,100,,16417,30,,,0,100,,16418,30,,,0,100,,16419,30,,,0,100,,16420,30,,,0,100,,16421,30,,,0,100,,16422,30,,,0,100,,16423,30,,,0,70,,16424,30,,,0,30,,16425,30,,,0,70,,16426,30,,,0,30,,16427,30,,,0,70,,16428,30,,,0,30,,16429,30,,,0,100,,16430,30,,,0,100,,16431,30,,,0,100,,16432,30,,,0,100,,16433,30,,,0
30900,'Semaine-53',620,,13436,30,,,0,30,,13437,30,,,0,70,,13438,30,,,0,30,,13439,30,,,0,70,,13440,30,,,0,30,,13441,30,,,0,100,,13442,30,,,0,100,,13443,30,,,0,100,,13444,30,,,0,100,,13445,30,,,0,100,,13446,30,,,0,100,,13447,30,,,0,100,,13448,30,,,0,70,,13449,30,,,0,30,,13450,30,,,0,70,,13451,30,,,0,30,,13452,30,,,0,70,,13453,30,,,0,30,,13454,30,,,0,100,,13455,30,,,0,100,,13456,30,,,0,100,,13457,30,,,0,100,,13458,30,,,0
30900,'Week-end-03',850,,16434,30,,,0,100,,16435,30,,,0,100,,16436,30,,,0,100,,16437,30,,,0,100,,16438,30,,,0,100,,16439,30,,,0,100,,16440,30,,,0,100,,16441,30,,,0,100,,16442,30,,,0,100,,16443,30,,,0,100,,16444,30,,,0,100,,16445,30,,,0,100,,16446,30,,,0,100,,16447,30,,,0,100,,16448,30,,,0
30900,'Week-end-53',850,,13459,30,,,0,100,,13460,30,,,0,100,,13461,30,,,0,100,,13462,30,,,0,100,,13463,30,,,0,100,,13464,30,,,0,100,,13465,30,,,0,100,,13466,30,,,0,100,,13467,30,,,0,100,,13468,30,,,0,100,,13469,30,,,0,100,,13470,30,,,0,100,,13471,30,,,0,100,,13472,30,,,0,100,,13473,30,,,0
30901,'Semaine-03',545,,16449,20,,,0,100,,16450,20,,,0,70,,16451,20,,,0,32,,16452,20,,,0,70,,16453,20,,,0,98,,16454,20,,,0,100,,16455,20,,,0,100,,16456,20,,,0,100,,16457,20,,,0,100,,16458,20,,,0,100,,16459,20,,,0,101,,16460,20,,,0,30,,16461,20,,,0,70,,16462,20,,,0,30,,16463,20,,,0,70,,16464,20,,,0,30,,16465,20,,,0,70,,16466,20,,,0,98,,16470,20,,,0,100,,16467,20,,,0,99,,16468,20,,,0,100,,16469,20,,,0
30901,'Semaine-53',545,,13489,20,,,0,100,,13490,20,,,0,70,,13491,20,,,0,32,,13492,20,,,0,70,,13493,20,,,0,98,,13494,20,,,0,100,,13495,20,,,0,100,,13496,20,,,0,100,,13497,20,,,0,100,,13498,20,,,0,100,,13499,20,,,0,101,,13500,20,,,0,30,,13501,20,,,0,70,,13502,20,,,0,30,,13503,20,,,0,70,,13504,20,,,0,30,,13505,20,,,0,70,,13506,20,,,0,98,,13510,20,,,0,100,,13507,20,,,0,99,,13508,20,,,0,100,,13509,20,,,0
30901,'Week-end-03',813,,16471,20,,,0,100,,16472,20,,,0,100,,16473,20,,,0,100,,16474,20,,,0,101,,16475,20,,,0,100,,16476,20,,,0,100,,16477,20,,,0,100,,16478,20,,,0,100,,16479,20,,,0,100,,16480,20,,,0,100,,16481,20,,,0,99,,16482,20,,,0,100,,16483,20,,,0,100,,16484,20,,,0,100,,16485,20,,,0
30901,'Week-end-53',813,,13511,20,,,0,100,,13512,20,,,0,100,,13513,20,,,0,100,,13514,20,,,0,101,,13515,20,,,0,100,,13516,20,,,0,100,,13517,20,,,0,100,,13518,20,,,0,100,,13519,20,,,0,100,,13520,20,,,0,100,,13521,20,,,0,99,,13522,20,,,0,100,,13523,20,,,0,100,,13524,20,,,0,100,,13525,20,,,0
31000,'Semaine-03',618,,16486,30,,,0,30,,16487,30,,,0,70,,16488,30,,,0,30,,16489,30,,,0,70,,16490,30,,,0,30,,16491,30,,,0,100,,16492,30,,,0,100,,16493,30,,,0,100,,16494,30,,,0,100,,16495,30,,,0,100,,16496,30,,,0,100,,16497,30,,,0,100,,16498,30,,,0,70,,16499,30,,,0,30,,16500,30,,,0,70,,16501,30,,,0,30,,16502,30,,,0,70,,16503,30,,,0,30,,16504,30,,,0,100,,16505,30,,,0,100,,16506,30,,,0,100,,16507,30,,,0,100,,16508,30,,,0
31000,'Semaine-53',618,,13541,30,,,0,30,,13542,30,,,0,70,,13543,30,,,0,30,,13544,30,,,0,70,,13545,30,,,0,30,,13546,30,,,0,100,,13547,30,,,0,100,,13548,30,,,0,100,,13549,30,,,0,100,,13550,30,,,0,100,,13551,30,,,0,100,,13552,30,,,0,100,,13553,30,,,0,70,,13554,30,,,0,30,,13555,30,,,0,70,,13556,30,,,0,30,,13557,30,,,0,70,,13558,30,,,0,30,,13559,30,,,0,100,,13560,30,,,0,100,,13561,30,,,0,100,,13562,30,,,0,100,,13563,30,,,0
31000,'Week-end-03',848,,16509,30,,,0,100,,16510,30,,,0,100,,16511,30,,,0,100,,16512,30,,,0,100,,16513,30,,,0,100,,16514,30,,,0,100,,16515,30,,,0,100,,16516,30,,,0,100,,16517,30,,,0,100,,16518,30,,,0,100,,16519,30,,,0,100,,16520,30,,,0,100,,16521,30,,,0,100,,16522,30,,,0,100,,16523,30,,,0
31000,'Week-end-53',848,,13564,30,,,0,100,,13565,30,,,0,100,,13566,30,,,0,100,,13567,30,,,0,100,,13568,30,,,0,100,,13569,30,,,0,100,,13570,30,,,0,100,,13571,30,,,0,100,,13572,30,,,0,100,,13573,30,,,0,100,,13574,30,,,0,100,,13575,30,,,0,100,,13576,30,,,0,100,,13577,30,,,0,100,,13578,30,,,0
31001,'Semaine-03',543,,16524,160,,,0,100,,16525,160,,,0,70,,16526,160,,,0,32,,16527,160,,,0,70,,16528,160,,,0,98,,16529,160,,,0,100,,16530,160,,,0,100,,16531,160,,,0,100,,16532,160,,,0,100,,16533,160,,,0,100,,16534,160,,,0,101,,16535,160,,,0,30,,16536,160,,,0,70,,16537,160,,,0,30,,16538,160,,,0,70,,16539,160,,,0,30,,16540,160,,,0,70,,16541,160,,,0,98,,16545,160,,,0,100,,16542,160,,,0,99,,16543,160,,,0,100,,16544,160,,,0
31001,'Semaine-53',543,,13594,160,,,0,100,,13595,160,,,0,70,,13596,160,,,0,32,,13597,160,,,0,70,,13598,160,,,0,98,,13599,160,,,0,100,,13600,160,,,0,100,,13601,160,,,0,100,,13602,160,,,0,100,,13603,160,,,0,100,,13604,160,,,0,101,,13605,160,,,0,30,,13606,160,,,0,70,,13607,160,,,0,30,,13608,160,,,0,70,,13609,160,,,0,30,,13610,160,,,0,70,,13611,160,,,0,98,,13615,160,,,0,100,,13612,160,,,0,99,,13613,160,,,0,100,,13614,160,,,0
31001,'Week-end-03',811,,16546,160,,,0,100,,16547,160,,,0,100,,16548,160,,,0,100,,16549,160,,,0,101,,16550,160,,,0,100,,16551,160,,,0,100,,16552,160,,,0,100,,16553,160,,,0,100,,16554,160,,,0,100,,16555,160,,,0,100,,16556,160,,,0,99,,16557,160,,,0,100,,16558,160,,,0,100,,16559,160,,,0,100,,16560,160,,,0
31001,'Week-end-53',811,,13616,160,,,0,100,,13617,160,,,0,100,,13618,160,,,0,100,,13619,160,,,0,101,,13620,160,,,0,100,,13621,160,,,0,100,,13622,160,,,0,100,,13623,160,,,0,100,,13624,160,,,0,100,,13625,160,,,0,100,,13626,160,,,0,99,,13627,160,,,0,100,,13628,160,,,0,100,,13629,160,,,0,100,,13630,160,,,0
31100,'Semaine-03',620,,16561,30,,,0,30,,16562,30,,,0,70,,16563,30,,,0,30,,16564,30,,,0,70,,16565,30,,,0,30,,16566,30,,,0,100,,16567,30,,,0,100,,16568,30,,,0,100,,16569,30,,,0,100,,16570,30,,,0,100,,16571,30,,,0,100,,16572,30,,,0,100,,16573,30,,,0,70,,16574,30,,,0,30,,16575,30,,,0,70,,16576,30,,,0,30,,16577,30,,,0,70,,16578,30,,,0,30,,16579,30,,,0,100,,16580,30,,,0,100,,16581,30,,,0,100,,16582,30,,,0,100,,16583,30,,,0
31100,'Semaine-53',620,,13646,30,,,0,30,,13647,30,,,0,70,,13648,30,,,0,30,,13649,30,,,0,70,,13650,30,,,0,30,,13651,30,,,0,100,,13652,30,,,0,100,,13653,30,,,0,100,,13654,30,,,0,100,,13655,30,,,0,100,,13656,30,,,0,100,,13657,30,,,0,100,,13658,30,,,0,70,,13659,30,,,0,30,,13660,30,,,0,70,,13661,30,,,0,30,,13662,30,,,0,70,,13663,30,,,0,30,,13664,30,,,0,100,,13665,30,,,0,100,,13666,30,,,0,100,,13667,30,,,0,100,,13668,30,,,0
31100,'Week-end-03',850,,16584,30,,,0,100,,16585,30,,,0,100,,16586,30,,,0,100,,16587,30,,,0,100,,16588,30,,,0,100,,16589,30,,,0,100,,16590,30,,,0,100,,16591,30,,,0,100,,16592,30,,,0,100,,16593,30,,,0,100,,16594,30,,,0,100,,16595,30,,,0,100,,16596,30,,,0,100,,16597,30,,,0,100,,16598,30,,,0
31100,'Week-end-53',850,,13669,30,,,0,100,,13670,30,,,0,100,,13671,30,,,0,100,,13672,30,,,0,100,,13673,30,,,0,100,,13674,30,,,0,100,,13675,30,,,0,100,,13676,30,,,0,100,,13677,30,,,0,100,,13678,30,,,0,100,,13679,30,,,0,100,,13680,30,,,0,100,,13681,30,,,0,100,,13682,30,,,0,100,,13683,30,,,0
31101,'Semaine-03',544,,16599,190,,,0,101,,16600,190,,,0,70,,16601,190,,,0,32,,16602,190,,,0,70,,16603,190,,,0,98,,16604,190,,,0,100,,16605,190,,,0,100,,16606,190,,,0,100,,16607,190,,,0,100,,16608,190,,,0,100,,16609,190,,,0,101,,16610,190,,,0,30,,16611,190,,,0,70,,16612,190,,,0,30,,16613,190,,,0,70,,16614,190,,,0,30,,16615,190,,,0,70,,16616,190,,,0,98,,16620,190,,,0,100,,16617,190,,,0,99,,16618,190,,,0,100,,16619,190,,,0
31101,'Semaine-53',544,,13699,190,,,0,101,,13700,190,,,0,70,,13701,190,,,0,32,,13702,190,,,0,70,,13703,190,,,0,98,,13704,190,,,0,100,,13705,190,,,0,100,,13706,190,,,0,100,,13707,190,,,0,100,,13708,190,,,0,100,,13709,190,,,0,101,,13710,190,,,0,30,,13711,190,,,0,70,,13712,190,,,0,30,,13713,190,,,0,70,,13714,190,,,0,30,,13715,190,,,0,70,,13716,190,,,0,98,,13720,190,,,0,100,,13717,190,,,0,99,,13718,190,,,0,100,,13719,190,,,0
31101,'Week-end-03',813,,16621,190,,,0,100,,16622,190,,,0,100,,16623,190,,,0,100,,16624,190,,,0,101,,16625,190,,,0,100,,16626,190,,,0,100,,16627,190,,,0,100,,16628,190,,,0,100,,16629,190,,,0,100,,16630,190,,,0,100,,16631,190,,,0,99,,16632,190,,,0,100,,16633,190,,,0,100,,16634,190,,,0,100,,16635,190,,,0
31101,'Week-end-53',813,,13721,190,,,0,100,,13722,190,,,0,100,,13723,190,,,0,100,,13724,190,,,0,101,,13725,190,,,0,100,,13726,190,,,0,100,,13727,190,,,0,100,,13728,190,,,0,100,,13729,190,,,0,100,,13730,190,,,0,100,,13731,190,,,0,99,,13732,190,,,0,100,,13733,190,,,0,100,,13734,190,,,0,100,,13735,190,,,0
31200,'Semaine-03',547,,16636,210,,,0,100,,16637,210,,,0,70,,16638,210,,,0,32,,16639,210,,,0,70,,16640,210,,,0,98,,16641,210,,,0,100,,16642,210,,,0,100,,16643,210,,,0,100,,16644,210,,,0,100,,16645,210,,,0,100,,16646,210,,,0,101,,16647,210,,,0,30,,16648,210,,,0,70,,16649,210,,,0,30,,16650,210,,,0,70,,16651,210,,,0,30,,16652,210,,,0,70,,16653,210,,,0,98,,16657,210,,,0,100,,16654,210,,,0,99,,16655,210,,,0,100,,16656,210,,,0
31200,'Semaine-53',547,,13751,210,,,0,100,,13752,210,,,0,70,,13753,210,,,0,32,,13754,210,,,0,70,,13755,210,,,0,98,,13756,210,,,0,100,,13757,210,,,0,100,,13758,210,,,0,100,,13759,210,,,0,100,,13760,210,,,0,100,,13761,210,,,0,101,,13762,210,,,0,30,,13763,210,,,0,70,,13764,210,,,0,30,,13765,210,,,0,70,,13766,210,,,0,30,,13767,210,,,0,70,,13768,210,,,0,98,,13772,210,,,0,100,,13769,210,,,0,99,,13770,210,,,0,100,,13771,210,,,0
31200,'Week-end-03',812,,16658,210,,,0,100,,16659,210,,,0,100,,16660,210,,,0,100,,16661,210,,,0,101,,16662,210,,,0,100,,16663,210,,,0,100,,16664,210,,,0,100,,16665,210,,,0,100,,16666,210,,,0,100,,16667,210,,,0,100,,16668,210,,,0,99,,16669,210,,,0,100,,16670,210,,,0,100,,16671,210,,,0,100,,16672,210,,,0
31200,'Week-end-53',812,,13773,210,,,0,100,,13774,210,,,0,100,,13775,210,,,0,100,,13776,210,,,0,101,,13777,210,,,0,100,,13778,210,,,0,100,,13779,210,,,0,100,,13780,210,,,0,100,,13781,210,,,0,100,,13782,210,,,0,100,,13783,210,,,0,99,,13784,210,,,0,100,,13785,210,,,0,100,,13786,210,,,0,100,,13787,210,,,0
31201,'Semaine-03',616,,16673,30,,,0,30,,16674,30,,,0,70,,16675,30,,,0,30,,16676,30,,,0,70,,16677,30,,,0,30,,16678,30,,,0,100,,16679,30,,,0,100,,16680,30,,,0,100,,16681,30,,,0,100,,16682,30,,,0,100,,16683,30,,,0,100,,16684,30,,,0,100,,16685,30,,,0,70,,16686,30,,,0,30,,16687,30,,,0,70,,16688,30,,,0,30,,16689,30,,,0,70,,16690,30,,,0,30,,16691,30,,,0,100,,16692,30,,,0,100,,16693,30,,,0,100,,16694,30,,,0,100,,16695,30,,,0
31201,'Semaine-53',616,,13803,30,,,0,30,,13804,30,,,0,70,,13805,30,,,0,30,,13806,30,,,0,70,,13807,30,,,0,30,,13808,30,,,0,100,,13809,30,,,0,100,,13810,30,,,0,100,,13811,30,,,0,100,,13812,30,,,0,100,,13813,30,,,0,100,,13814,30,,,0,100,,13815,30,,,0,70,,13816,30,,,0,30,,13817,30,,,0,70,,13818,30,,,0,30,,13819,30,,,0,70,,13820,30,,,0,30,,13821,30,,,0,100,,13822,30,,,0,100,,13823,30,,,0,100,,13824,30,,,0,100,,13825,30,,,0
31201,'Week-end-03',849,,16696,30,,,0,100,,16697,30,,,0,100,,16698,30,,,0,100,,16699,30,,,0,100,,16700,30,,,0,100,,16701,30,,,0,100,,16702,30,,,0,100,,16703,30,,,0,100,,16704,30,,,0,100,,16705,30,,,0,100,,16706,30,,,0,100,,16707,30,,,0,100,,16708,30,,,0,100,,16709,30,,,0,100,,16710,30,,,0
31201,'Week-end-53',849,,13826,30,,,0,100,,13827,30,,,0,100,,13828,30,,,0,100,,13829,30,,,0,100,,13830,30,,,0,100,,13831,30,,,0,100,,13832,30,,,0,100,,13833,30,,,0,100,,13834,30,,,0,100,,13835,30,,,0,100,,13836,30,,,0,100,,13837,30,,,0,100,,13838,30,,,0,100,,13839,30,,,0,100,,13840,30,,,0
