23701,'LA-H26-LA_GTFS-Fête-1-01',901,,1805,,,0,100,,1796,,,0,100,,1802,,,0,100,,1804,,,0,102,,1793,,,0,100,,1795,,,0,100,,1794,,,0,100,,1801,,,0,100,,1797,,,0,100,,1799,,,0,100,,1800,,,0,98,,1803,,,0,100,,1798,,,0,100,,1806,,,0
23701,'LA-H26-LA_GTFS-Fête-1-02',901,,1820,,,0,100,,1811,,,0,100,,1817,,,0,100,,1819,,,0,102,,1808,,,0,100,,1810,,,0,100,,1809,,,0,100,,1816,,,0,100,,1812,,,0,100,,1814,,,0,100,,1815,,,0,98,,1818,,,0,100,,1813,,,0,100,,1821,,,0
23701,'LA-H26-LA_GTFS-Fête-2-02',601,,1842,,,0,33,,1823,,,0,73,,1843,,,0,33,,1837,,,0,64,,1838,,,0,33,,1824,,,0,100,,1840,,,0,98,,1839,,,0,100,,1825,,,0,100,,1826,,,0,100,,1827,,,0,100,,1828,,,0,105,,1829,,,0,100,,1830,,,0,73,,1834,,,0,33,,1831,,,0,109,,1835,,,0,150,,1832,,,0,100,,1836,,,0,100,,1833,,,0
23701,'LA-H26-LA_GTFS-Semaine-01',601,,1863,,,0,33,,1844,,,0,73,,1864,,,0,33,,1858,,,0,64,,1859,,,0,33,,1845,,,0,100,,1861,,,0,98,,1860,,,0,100,,1846,,,0,100,,1847,,,0,100,,1848,,,0,100,,1849,,,0,105,,1850,,,0,100,,1851,,,0,73,,1855,,,0,33,,1852,,,0,109,,1856,,,0,150,,1853,,,0,100,,1857,,,0,100,,1854,,,0
23701,'LA-H26-LA_GTFS-Semaine-50',601,,1884,,,0,33,,1865,,,0,73,,1885,,,0,33,,1879,,,0,64,,1880,,,0,33,,1866,,,0,100,,1882,,,0,98,,1881,,,0,100,,1867,,,0,100,,1868,,,0,100,,1869,,,0,100,,1870,,,0,105,,1871,,,0,100,,1872,,,0,73,,1876,,,0,33,,1873,,,0,109,,1877,,,0,150,,1874,,,0,100,,1878,,,0,100,,1875,,,0
23701,'LA-H26-LA_GTFS-Week-end-01',901,,1898,,,0,100,,1889,,,0,100,,1895,,,0,100,,1897,,,0,102,,1886,,,0,100,,1888,,,0,100,,1887,,,0,100,,1894,,,0,100,,1890,,,0,100,,1892,,,0,100,,1893,,,0,98,,1896,,,0,100,,1891,,,0,100,,1899,,,0
23701,'LA-H26-LA_GTFS-Week-end-50',901,,1913,,,0,100,,1904,,,0,100,,1910,,,0,100,,1912,,,0,102,,1901,,,0,100,,1903,,,0,100,,1902,,,0,100,,1909,,,0,100,,1905,,,0,100,,1907,,,0,100,,1908,,,0,98,,1911,,,0,100,,1906,,,0,100,,1914,,,0
70901,'LA-H26-LA_GTFS-Fête-1-01',556,,7175,,,0,70,,7176,,,0,29,,7177,,,0,70,,7178,,,0,30,,7179,,,0,55,,7180,,,0,30,,7181,,,0,70,,7182,,,0,30,,7183,,,0,70,,7184,,,0,30,,7185,,,0,70,,7186,,,0,30,,7187,,,0,70,,7188,,,0,30,,7189,,,0,70,,7190,,,0,30,,7191,,,0,70,,7192,,,0,30,,7193,,,0,70,,7194,,,0,30,,7195,,,0,70,,7196,,,0,30,,7197,,,0,70,,7198,,,0,30,,7199,,,0,70,,7200,,,0,31,,7201,,,0,70,,7202,,,0,30,,7203,,,0,71,,7204,,,0,30,,7205,,,0,70,,7206,,,0,30,,7207,,,0,71,,7208,,,0,30,,7209,,,0,70,,7210,,,0,111,,7211,,,0
70901,'LA-H26-LA_GTFS-Fête-1-02',556,,7212,,,0,70,,7213,,,0,29,,7214,,,0,70,,7215,,,0,30,,7216,,,0,55,,7217,,,0,30,,7218,,,0,70,,7219,,,0,30,,7220,,,0,70,,7221,,,0,30,,7222,,,0,70,,7223,,,0,30,,7224,,,0,70,,7225,,,0,30,,7226,,,0,70,,7227,,,0,30,,7228,,,0,70,,7229,,,0,30,,7230,,,0,70,,7231,,,0,30,,7232,,,0,70,,7233,,,0,30,,7234,,,0,70,,7235,,,0,30,,7236,,,0,70,,7237,,,0,31,,7238,,,0,70,,7239,,,0,30,,7240,,,0,71,,7241,,,0,30,,7242,,,0,70,,7243,,,0,30,,7244,,,0,71,,7245,,,0,30,,7246,,,0,70,,7247,,,0,111,,7248,,,0
70901,'LA-H26-LA_GTFS-Fête-2-02',426,,7253,,,0,30,,7298,,,0,60,,7250,,,0,10,,7249,,,0,10,,7251,,,0,10,,7252,,,0,60,,7254,,,0,10,,7255,,,0,10,,7256,,,0,25,,7257,,,0,51,,7258,,,0,10,,7259,,,0,10,,7260,,,0,10,,7261,,,0,10,,7262,,,0,60,,7263,,,0,10,,7264,,,0,15,,7265,,,0,15,,7267,,,0,15,,7304,,,0,55,,7266,,,0,30,,7268,,,0,15,,7269,,,0,62,,7270,,,0,30,,7271,,,0,55,,7272,,,0,15,,7273,,,0,15,,7274,,,0,15,,7307,,,0,55,,7275,,,0,45,,7276,,,0,55,,7277,,,0,15,,7278,,,0,30,,7299,,,0,70,,7300,,,0,30,,7301,,,0,55,,7302,,,0,15,,7303,,,0,85,,7280,,,0,16,,7279,,,0,29,,7281,,,0,55,,7282,,,0,10,,7283,,,0,15,,7284,,,0,15,,7305,,,0,15,,7306,,,0,55,,7285,,,0,20,,7286,,,0,15,,7287,,,0,55,,7288,,,0,23,,7289,,,0,30,,7290,,,0,55,,7291,,,0,20,,7292,,,0,79,,7293,,,0,30,,7294,,,0,85,,7295,,,0,100,,7296,,,0,108,,7297,,,0
70901,'LA-H26-LA_GTFS-Semaine-01',426,,7312,,,0,30,,7361,,,0,60,,7309,,,0,10,,7308,,,0,10,,7310,,,0,10,,7311,,,0,10,,7313,,,0,50,,7314,,,0,10,,7315,,,0,10,,7316,,,0,15,,7317,,,0,10,,7318,,,0,51,,7319,,,0,10,,7320,,,0,10,,7321,,,0,10,,7322,,,0,10,,7323,,,0,10,,7324,,,0,50,,7325,,,0,10,,7326,,,0,15,,7327,,,0,15,,7329,,,0,15,,7368,,,0,55,,7328,,,0,30,,7330,,,0,15,,7331,,,0,62,,7332,,,0,30,,7333,,,0,55,,7334,,,0,15,,7335,,,0,15,,7336,,,0,15,,7371,,,0,55,,7337,,,0,15,,7372,,,0,30,,7338,,,0,55,,7339,,,0,15,,7340,,,0,30,,7363,,,0,70,,7364,,,0,30,,7365,,,0,55,,7366,,,0,15,,7367,,,0,30,,7362,,,0,55,,7342,,,0,16,,7341,,,0,15,,7343,,,0,14,,7344,,,0,55,,7345,,,0,10,,7346,,,0,15,,7347,,,0,15,,7369,,,0,15,,7370,,,0,55,,7348,,,0,20,,7349,,,0,15,,7350,,,0,55,,7351,,,0,23,,7352,,,0,30,,7353,,,0,55,,7354,,,0,29,,7355,,,0,70,,7356,,,0,30,,7357,,,0,85,,7358,,,0,100,,7359,,,0,108,,7360,,,0
70901,'LA-H26-LA_GTFS-Semaine-50',426,,7377,,,0,30,,7426,,,0,60,,7374,,,0,10,,7373,,,0,10,,7375,,,0,10,,7376,,,0,10,,7378,,,0,50,,7379,,,0,10,,7380,,,0,10,,7381,,,0,15,,7382,,,0,10,,7383,,,0,51,,7384,,,0,10,,7385,,,0,10,,7386,,,0,10,,7387,,,0,10,,7388,,,0,10,,7389,,,0,50,,7390,,,0,10,,7391,,,0,15,,7392,,,0,15,,7394,,,0,15,,7433,,,0,55,,7393,,,0,30,,7395,,,0,15,,7396,,,0,62,,7397,,,0,30,,7398,,,0,55,,7399,,,0,15,,7400,,,0,15,,7401,,,0,15,,7436,,,0,55,,7402,,,0,15,,7437,,,0,30,,7403,,,0,55,,7404,,,0,15,,7405,,,0,30,,7428,,,0,70,,7429,,,0,30,,7430,,,0,55,,7431,,,0,15,,7432,,,0,30,,7427,,,0,55,,7407,,,0,16,,7406,,,0,15,,7408,,,0,14,,7409,,,0,55,,7410,,,0,10,,7411,,,0,15,,7412,,,0,15,,7434,,,0,15,,7435,,,0,55,,7413,,,0,20,,7414,,,0,15,,7415,,,0,55,,7416,,,0,23,,7417,,,0,30,,7418,,,0,55,,7419,,,0,29,,7420,,,0,70,,7421,,,0,30,,7422,,,0,85,,7423,,,0,100,,7424,,,0,108,,7425,,,0
70901,'LA-H26-LA_GTFS-Week-end-01',556,,7438,,,0,70,,7439,,,0,29,,7440,,,0,70,,7441,,,0,30,,7442,,,0,55,,7443,,,0,30,,7444,,,0,70,,7445,,,0,30,,7446,,,0,70,,7447,,,0,30,,7448,,,0,70,,7449,,,0,30,,7450,,,0,70,,7451,,,0,30,,7452,,,0,70,,7453,,,0,30,,7454,,,0,70,,7455,,,0,30,,7456,,,0,70,,7457,,,0,30,,7458,,,0,70,,7459,,,0,30,,7460,,,0,70,,7461,,,0,30,,7462,,,0,70,,7463,,,0,31,,7464,,,0,70,,7465,,,0,30,,7466,,,0,71,,7467,,,0,30,,7468,,,0,70,,7469,,,0,30,,7470,,,0,71,,7471,,,0,30,,7472,,,0,70,,7473,,,0,111,,7474,,,0
70901,'LA-H26-LA_GTFS-Week-end-50',556,,7475,,,0,70,,7476,,,0,29,,7477,,,0,70,,7478,,,0,30,,7479,,,0,55,,7480,,,0,30,,7481,,,0,70,,7482,,,0,30,,7483,,,0,70,,7484,,,0,30,,7485,,,0,70,,7486,,,0,30,,7487,,,0,70,,7488,,,0,30,,7489,,,0,70,,7490,,,0,30,,7491,,,0,70,,7492,,,0,30,,7493,,,0,70,,7494,,,0,30,,7495,,,0,70,,7496,,,0,30,,7497,,,0,70,,7498,,,0,30,,7499,,,0,70,,7500,,,0,31,,7501,,,0,70,,7502,,,0,30,,7503,,,0,71,,7504,,,0,30,,7505,,,0,70,,7506,,,0,30,,7507,,,0,71,,7508,,,0,30,,7509,,,0,70,,7510,,,0,111,,7511,,,0
