25400,'Fête-2-02',504,,3576,,,0,44,,3579,,,0,70,,3580,,,0,30,,3574,,,0,72,,3583,,,0,910,,3575,,,0,94,,3573,,,0,32,,3577,,,0,73,,3578,,,0,75,,3581,,,0,29,,3572,,,0,69,,3582,,,0
25400,'Semaine-01',504,,3588,,,0,44,,3591,,,0,70,,3592,,,0,30,,3586,,,0,72,,3595,,,0,910,,3587,,,0,94,,3585,,,0,32,,3589,,,0,73,,3590,,,0,75,,3593,,,0,29,,3584,,,0,69,,3594,,,0
25400,'Semaine-50',504,,3600,,,0,44,,3603,,,0,70,,3604,,,0,30,,3598,,,0,72,,3607,,,0,910,,3599,,,0,94,,3597,,,0,32,,3601,,,0,73,,3602,,,0,75,,3605,,,0,29,,3596,,,0,69,,3606,,,0
70900,'Fête-1-01',649,,6843,,,0,65,,6844,,,0,15,,6845,,,0,30,,6846,,,0,70,,6847,,,0,71,,6848,,,0,30,,6849,,,0,70,,6850,,,0,30,,6851,,,0,70,,6852,,,0,30,,6853,,,0,70,,6854,,,0,30,,6855,,,0,70,,6856,,,0,30,,6857,,,0,70,,6858,,,0,30,,6859,,,0,70,,6860,,,0,30,,6861,,,0,70,,6862,,,0,30,,6863,,,0,70,,6864,,,0,30,,6865,,,0,29,,6866,,,0,70,,6867,,,0,30,,6868,,,0,70,,6869,,,0,30,,6870,,,0,70,,6871,,,0,30,,6872,,,0,70,,6873,,,0,30,,6874,,,0,70,,6875,,,0,20,,6876,,,0,69,,6877,,,0,30,,6878,,,0,70,,6879,,,0,30,,6880,,,0,109,,6881,,,0
70900,'Fête-1-02',649,,6882,,,0,65,,6883,,,0,15,,6884,,,0,30,,6885,,,0,70,,6886,,,0,71,,6887,,,0,30,,6888,,,0,70,,6889,,,0,30,,6890,,,0,70,,6891,,,0,30,,6892,,,0,70,,6893,,,0,30,,6894,,,0,70,,6895,,,0,30,,6896,,,0,70,,6897,,,0,30,,6898,,,0,70,,6899,,,0,30,,6900,,,0,70,,6901,,,0,30,,6902,,,0,70,,6903,,,0,30,,6904,,,0,29,,6905,,,0,70,,6906,,,0,30,,6907,,,0,70,,6908,,,0,30,,6909,,,0,70,,6910,,,0,30,,6911,,,0,70,,6912,,,0,30,,6913,,,0,70,,6914,,,0,20,,6915,,,0,69,,6916,,,0,30,,6917,,,0,70,,6918,,,0,30,,6919,,,0,109,,6920,,,0
70900,'Fête-2-02',606,,6922,0,11 12 13,0,39,,6923,0,11 12 13,0,60,,6924,0,11 12 13,0,7,,6925,0,11 12 13,0,19,,6926,0,11 12 13,0,19,,6927,0,11 12 13,0,59,,6928,0,11 12 13,0,13,,6929,0,11 12 13,0,12,,6930,0,11 12 13,0,68,,6931,0,11 12 13,0,19,,6972,0,11 12 13,0,15,,6932,0,11 12 13,0,65,,6971,0,11 12 13,0,28,,6933,0,11 12 13,0,15,,6934,0,11 12 13,0,69,,6935,0,11 12 13,0,15,,6936,0,11 12 13,0,15,,6937,0,11 12 13,0,63,,6938,0,11 12 13,0,30,,6939,0,11 12 13,0,15,,6967,0,11 12 13,0,55,,6970,0,11 12 13,0,15,,6969,0,11 12 13,0,30,,6968,0,11 12 13,0,85,,6966,0,11 12 13,0,15,,6940,0,11 12 13,0,63,,6941,0,11 12 13,0,44,,6942,,,0,53,,6943,,,0,16,,6944,,,0,20,,6964,,,0,57,,6965,,,0,9,,6958,,,0,16,,6963,,,0,12,,6959,,,0,13,,6960,,,0,49,,6961,,,0,10,,6962,,,0,13,,6957,,,0,25,,6945,,,0,53,,6946,,,0,12,,6947,,,0,12,,6948,,,0,27,,6956,,,0,59,,6949,,,0,29,,6950,,,0,62,,6974,,,0,30,,6951,,,0,15,,6952,,,0,97,,6953,,,0,69,,6954,,,0,42,,6973,,,0,99,,6955,,,0,148,,6921,,,0
70900,'Semaine-01',606,,6976,0,11 12 13,0,12,,7034,0,11 12 13,0,27,,6977,0,11 12 13,0,10,,6978,0,11 12 13,0,50,,6979,0,11 12 13,0,7,,6980,0,11 12 13,0,19,,6981,0,11 12 13,0,19,,6982,0,11 12 13,0,50,,6983,0,11 12 13,0,9,,6984,0,11 12 13,0,13,,6985,0,11 12 13,0,12,,6986,0,11 12 13,0,17,,6987,0,11 12 13,0,51,,6988,0,11 12 13,0,19,,7032,0,11 12 13,0,15,,6989,0,11 12 13,0,65,,7031,0,11 12 13,0,15,,6990,0,11 12 13,0,13,,6991,0,11 12 13,0,15,,6992,0,11 12 13,0,69,,6993,0,11 12 13,0,15,,6994,0,11 12 13,0,15,,6995,0,11 12 13,0,63,,6996,0,11 12 13,0,30,,6997,0,11 12 13,0,15,,7027,0,11 12 13,0,55,,7030,0,11 12 13,0,15,,7029,0,11 12 13,0,30,,7028,0,11 12 13,0,85,,7026,0,11 12 13,0,15,,6998,0,11 12 13,0,63,,6999,0,11 12 13,0,44,,7000,,,0,53,,7001,,,0,16,,7002,,,0,20,,7024,,,0,57,,7025,,,0,9,,7018,,,0,16,,7023,,,0,12,,7019,,,0,13,,7020,,,0,49,,7021,,,0,10,,7022,,,0,13,,7017,,,0,13,,7003,,,0,12,,7004,,,0,53,,7005,,,0,12,,7006,,,0,12,,7007,,,0,27,,7016,,,0,59,,7008,,,0,29,,7009,,,0,62,,7035,,,0,30,,7010,,,0,15,,7011,,,0,67,,7012,,,0,30,,7013,,,0,69,,7014,,,0,42,,7033,,,0,99,,7015,,,0,148,,6975,,,0
70900,'Semaine-50',606,,7037,0,11 12 13,0,12,,7095,0,11 12 13,0,27,,7038,0,11 12 13,0,10,,7039,0,11 12 13,0,50,,7040,0,11 12 13,0,7,,7041,0,11 12 13,0,19,,7042,0,11 12 13,0,19,,7043,0,11 12 13,0,50,,7044,0,11 12 13,0,9,,7045,0,11 12 13,0,13,,7046,0,11 12 13,0,12,,7047,0,11 12 13,0,17,,7048,0,11 12 13,0,51,,7049,0,11 12 13,0,19,,7093,0,11 12 13,0,15,,7050,0,11 12 13,0,65,,7092,0,11 12 13,0,15,,7051,0,11 12 13,0,13,,7052,0,11 12 13,0,15,,7053,0,11 12 13,0,69,,7054,0,11 12 13,0,15,,7055,0,11 12 13,0,15,,7056,0,11 12 13,0,63,,7057,0,11 12 13,0,30,,7058,0,11 12 13,0,15,,7088,0,11 12 13,0,55,,7091,0,11 12 13,0,15,,7090,0,11 12 13,0,30,,7089,0,11 12 13,0,85,,7087,0,11 12 13,0,15,,7059,0,11 12 13,0,63,,7060,0,11 12 13,0,44,,7061,,,0,53,,7062,,,0,16,,7063,,,0,20,,7085,,,0,57,,7086,,,0,9,,7079,,,0,16,,7084,,,0,12,,7080,,,0,13,,7081,,,0,49,,7082,,,0,10,,7083,,,0,13,,7078,,,0,13,,7064,,,0,12,,7065,,,0,53,,7066,,,0,12,,7067,,,0,12,,7068,,,0,27,,7077,,,0,59,,7069,,,0,29,,7070,,,0,62,,7096,,,0,30,,7071,,,0,15,,7072,,,0,67,,7073,,,0,30,,7074,,,0,69,,7075,,,0,42,,7094,,,0,99,,7076,,,0,148,,7036,,,0
70900,'Week-end-01',649,,7097,,,0,65,,7098,,,0,15,,7099,,,0,30,,7100,,,0,70,,7101,,,0,71,,7102,,,0,30,,7103,,,0,70,,7104,,,0,30,,7105,,,0,70,,7106,,,0,30,,7107,,,0,70,,7108,,,0,30,,7109,,,0,70,,7110,,,0,30,,7111,,,0,70,,7112,,,0,30,,7113,,,0,70,,7114,,,0,30,,7115,,,0,70,,7116,,,0,30,,7117,,,0,70,,7118,,,0,30,,7119,,,0,29,,7120,,,0,70,,7121,,,0,30,,7122,,,0,70,,7123,,,0,30,,7124,,,0,70,,7125,,,0,30,,7126,,,0,70,,7127,,,0,30,,7128,,,0,70,,7129,,,0,20,,7130,,,0,69,,7131,,,0,30,,7132,,,0,70,,7133,,,0,30,,7134,,,0,109,,7135,,,0
70900,'Week-end-50',649,,7136,,,0,65,,7137,,,0,15,,7138,,,0,30,,7139,,,0,70,,7140,,,0,71,,7141,,,0,30,,7142,,,0,70,,7143,,,0,30,,7144,,,0,70,,7145,,,0,30,,7146,,,0,70,,7147,,,0,30,,7148,,,0,70,,7149,,,0,30,,7150,,,0,70,,7151,,,0,30,,7152,,,0,70,,7153,,,0,30,,7154,,,0,70,,7155,,,0,30,,7156,,,0,70,,7157,,,0,30,,7158,,,0,29,,7159,,,0,70,,7160,,,0,30,,7161,,,0,70,,7162,,,0,30,,7163,,,0,70,,7164,,,0,30,,7165,,,0,70,,7166,,,0,30,,7167,,,0,70,,7168,,,0,20,,7169,,,0,69,,7170,,,0,30,,7171,,,0,70,,7172,,,0,30,,7173,,,0,109,,7174,,,0
