22701,'Fête-1-02',850,,21425,40,,,0,200,,21426,40,,,0,200,,21427,40,,,0,200,,21428,40,,,0,200,,21429,40,,,0,200,,21430,40,,,0,200,,21431,40,,,0
22701,'Semaine-02',550,,17646,40,,,0,70,,17647,40,,,0,31,,17648,40,,,0,80,,17649,40,,,0,80,,17650,40,,,0,39,,17651,40,,,0,100,,17652,40,,,0,100,,17653,40,,,0,100,,17654,40,,,0,100,,17655,40,,,0,100,,17656,40,,,0,100,,17657,40,,,0,101,,17658,40,,,0,90,,17659,40,,,0,80,,17660,40,,,0,80,,17661,40,,,0,34,,17662,40,,,0,70,,17663,40,,,0,45,,17664,40,,,0,100,,17665,40,,,0,100,,17666,40,,,0,100,,17667,40,0,8 14 1 15 16 17,0
22701,'Semaine-03',550,,21434,40,,,0,70,,21435,40,,,0,31,,21436,40,,,0,80,,21437,40,,,0,80,,21438,40,,,0,39,,21439,40,,,0,100,,21440,40,,,0,100,,21441,40,,,0,100,,21442,40,,,0,100,,21443,40,,,0,100,,21444,40,,,0,100,,21445,40,,,0,101,,21446,40,,,0,90,,21447,40,,,0,80,,21448,40,,,0,80,,21449,40,,,0,34,,21450,40,,,0,70,,21451,40,,,0,45,,21452,40,,,0,100,,21453,40,,,0,100,,21454,40,,,0,100,,21455,40,0,8 14 1 15 16 17,0
22701,'Week-end-01',850,,17668,40,,,0,200,,17669,40,,,0,200,,17670,40,,,0,200,,17671,40,,,0,200,,17672,40,,,0,200,,17673,40,,,0,200,,17674,40,,,0
22800,'Fête-1-02',751,,21463,40,,,0,200,,21460,40,,,0,200,,21461,40,,,0,200,,21456,40,,,0,200,,21458,40,,,0,200,,21462,40,,,0,200,,21459,40,,,0,200,,21457,40,0,8 14 1 18 19,0
22800,'Semaine-02',606,,17708,40,,,0,30,,17709,40,,,0,75,,17710,40,,,0,40,,17711,40,,,0,80,,17712,40,,,0,90,,17713,40,,,0,100,,17714,40,,,0,100,,17715,40,,,0,100,,17716,40,,,0,100,,17717,40,,,0,100,,17718,40,,,0,100,,17719,40,,,0,100,,17720,40,,,0,80,,17721,40,,,0,40,,17722,40,,,0,80,,17723,40,,,0,30,,17724,40,,,0,70,,17725,40,,,0,100,,17726,40,,,0,100,,17727,40,,,0,100,,17728,40,,,0,100,,17729,40,0,8 14 1 18 19,0
22800,'Semaine-03',606,,21465,40,,,0,30,,21466,40,,,0,75,,21467,40,,,0,40,,21468,40,,,0,80,,21469,40,,,0,90,,21470,40,,,0,100,,21471,40,,,0,100,,21472,40,,,0,100,,21473,40,,,0,100,,21474,40,,,0,100,,21475,40,,,0,100,,21476,40,,,0,100,,21477,40,,,0,80,,21478,40,,,0,40,,21479,40,,,0,80,,21480,40,,,0,30,,21481,40,,,0,70,,21482,40,,,0,100,,21483,40,,,0,100,,21484,40,,,0,100,,21485,40,,,0,100,,21486,40,0,8 14 1 18 19,0
22800,'Week-end-01',751,,17738,40,,,0,200,,17735,40,,,0,200,,17736,40,,,0,200,,17731,40,,,0,200,,17733,40,,,0,200,,17737,40,,,0,200,,17734,40,,,0,200,,17732,40,0,8 14 1 18 19,0
70801,'Fête-1-02',626,,23004,40,,,0,99,,23020,40,,,0,34,,23005,40,,,0,100,,23006,40,,,0,91,,23007,40,,,0,100,,23008,40,,,0,100,,23009,40,,,0,100,,23010,40,,,0,100,,23011,40,,,0,100,,23012,40,,,0,100,,23013,40,,,0,100,,23014,40,,,0,100,,23015,40,,,0,100,,23016,40,,,0,101,,23017,40,,,0,100,,23018,40,,,0,100,,23019,40,,,0,80,,23002,40,,,0,118,,23003,40,,,0
70801,'Semaine-02',437,,20819,40,,,0,69,,20820,40,,,0,45,,20821,40,,,0,70,,20822,40,,,0,30,,20823,40,,,0,70,,20824,40,,,0,30,,20825,40,,,0,70,,20826,40,,,0,30,,20827,40,,,0,100,,20828,40,,,0,100,,20829,40,,,0,100,,20830,40,,,0,100,,20831,40,,,0,100,,20832,40,,,0,100,,20833,40,,,0,100,,20834,40,,,0,70,,20835,40,,,0,30,,20836,40,,,0,70,,20837,40,,,0,30,,20838,40,,,0,70,,20839,40,,,0,30,,20840,40,,,0,100,,20841,40,,,0,100,,20842,40,,,0,100,,20843,40,,,0,100,,20844,40,,,0,96,,20845,40,,,0,100,,20851,40,,,0
70801,'Semaine-03',437,,23021,40,,,0,69,,23022,40,,,0,45,,23023,40,,,0,70,,23024,40,,,0,30,,23025,40,,,0,70,,23026,40,,,0,30,,23027,40,,,0,70,,23028,40,,,0,30,,23029,40,,,0,100,,23030,40,,,0,100,,23031,40,,,0,100,,23032,40,,,0,100,,23033,40,,,0,100,,23034,40,,,0,100,,23035,40,,,0,100,,23036,40,,,0,70,,23037,40,,,0,30,,23038,40,,,0,70,,23039,40,,,0,30,,23040,40,,,0,70,,23041,40,,,0,30,,23042,40,,,0,100,,23043,40,,,0,100,,23044,40,,,0,100,,23045,40,,,0,100,,23046,40,,,0,96,,23047,40,,,0,100,,23053,40,,,0
70801,'Week-end-01',626,,20854,40,,,0,99,,20870,40,,,0,34,,20855,40,,,0,100,,20856,40,,,0,91,,20857,40,,,0,100,,20858,40,,,0,100,,20859,40,,,0,100,,20860,40,,,0,100,,20861,40,,,0,100,,20862,40,,,0,100,,20863,40,,,0,100,,20864,40,,,0,100,,20865,40,,,0,100,,20866,40,,,0,101,,20867,40,,,0,100,,20868,40,,,0,100,,20869,40,,,0,80,,20852,40,,,0,118,,20853,40,,,0
