31100,'LA-H26-LA_GTFS-Fête-1-01',903,,4664,,,0,100,,4665,,,0,100,,4666,,,0,100,,4667,,,0,100,,4668,,,0,100,,4669,,,0,100,,4670,,,0,100,,4671,,,0,100,,4672,,,0,100,,4673,,,0,100,,4674,,,0,100,,4675,,,0,100,,4676,,,0,100,,4677,,,0,100,,4678,,,0
31100,'LA-H26-LA_GTFS-Fête-1-02',903,,4679,,,0,100,,4680,,,0,100,,4681,,,0,100,,4682,,,0,100,,4683,,,0,100,,4684,,,0,100,,4685,,,0,100,,4686,,,0,100,,4687,,,0,100,,4688,,,0,100,,4689,,,0,100,,4690,,,0,100,,4691,,,0,100,,4692,,,0,100,,4693,,,0
31100,'LA-H26-LA_GTFS-Fête-2-02',638,,4694,,,0,70,,4695,,,0,30,,4696,,,0,70,,4697,,,0,30,,4698,,,0,70,,4699,,,0,100,,4700,,,0,100,,4701,,,0,100,,4702,,,0,100,,4703,,,0,100,,4704,,,0,100,,4705,,,0,100,,4706,,,0,30,,4707,,,0,70,,4708,,,0,30,,4709,,,0,70,,4710,,,0,30,,4711,,,0,70,,4712,,,0,100,,4713,,,0,100,,4714,,,0,100,,4715,,,0,100,,4716,,,0
31100,'LA-H26-LA_GTFS-Semaine-01',638,,4717,,,0,70,,4718,,,0,30,,4719,,,0,70,,4720,,,0,30,,4721,,,0,70,,4722,,,0,100,,4723,,,0,100,,4724,,,0,100,,4725,,,0,100,,4726,,,0,100,,4727,,,0,100,,4728,,,0,100,,4729,,,0,30,,4730,,,0,70,,4731,,,0,30,,4732,,,0,70,,4733,,,0,30,,4734,,,0,70,,4735,,,0,100,,4736,,,0,100,,4737,,,0,100,,4738,,,0,100,,4739,,,0
31100,'LA-H26-LA_GTFS-Semaine-50',638,,4740,,,0,70,,4741,,,0,30,,4742,,,0,70,,4743,,,0,30,,4744,,,0,70,,4745,,,0,100,,4746,,,0,100,,4747,,,0,100,,4748,,,0,100,,4749,,,0,100,,4750,,,0,100,,4751,,,0,100,,4752,,,0,30,,4753,,,0,70,,4754,,,0,30,,4755,,,0,70,,4756,,,0,30,,4757,,,0,70,,4758,,,0,100,,4759,,,0,100,,4760,,,0,100,,4761,,,0,100,,4762,,,0
31100,'LA-H26-LA_GTFS-Week-end-01',903,,4763,,,0,100,,4764,,,0,100,,4765,,,0,100,,4766,,,0,100,,4767,,,0,100,,4768,,,0,100,,4769,,,0,100,,4770,,,0,100,,4771,,,0,100,,4772,,,0,100,,4773,,,0,100,,4774,,,0,100,,4775,,,0,100,,4776,,,0,100,,4777,,,0
31100,'LA-H26-LA_GTFS-Week-end-50',903,,4778,,,0,100,,4779,,,0,100,,4780,,,0,100,,4781,,,0,100,,4782,,,0,100,,4783,,,0,100,,4784,,,0,100,,4785,,,0,100,,4786,,,0,100,,4787,,,0,100,,4788,,,0,100,,4789,,,0,100,,4790,,,0,100,,4791,,,0,100,,4792,,,0
31101,'LA-H26-LA_GTFS-Fête-1-01',749,,4793,,,0,100,,4794,,,0,100,,4795,,,0,100,,4796,,,0,101,,4797,,,0,100,,4798,,,0,100,,4799,,,0,100,,4800,,,0,100,,4801,,,0,100,,4802,,,0,100,,4803,,,0,99,,4804,,,0,100,,4805,,,0,100,,4806,,,0,100,,4807,,,0
31101,'LA-H26-LA_GTFS-Fête-1-02',749,,4808,,,0,100,,4809,,,0,100,,4810,,,0,100,,4811,,,0,101,,4812,,,0,100,,4813,,,0,100,,4814,,,0,100,,4815,,,0,100,,4816,,,0,100,,4817,,,0,100,,4818,,,0,99,,4819,,,0,100,,4820,,,0,100,,4821,,,0,100,,4822,,,0
31101,'LA-H26-LA_GTFS-Fête-2-02',525,,4823,,,0,101,,4824,,,0,30,,4825,,,0,72,,4826,,,0,30,,4827,,,0,98,,4828,,,0,100,,4829,,,0,100,,4830,,,0,100,,4831,,,0,100,,4832,,,0,100,,4833,,,0,101,,4834,,,0,70,,4835,,,0,30,,4836,,,0,70,,4837,,,0,30,,4838,,,0,70,,4839,,,0,30,,4840,,,0,98,,4844,,,0,100,,4841,,,0,99,,4842,,,0,100,,4843,,,0
31101,'LA-H26-LA_GTFS-Semaine-01',525,,4845,,,0,101,,4846,,,0,30,,4847,,,0,72,,4848,,,0,30,,4849,,,0,98,,4850,,,0,100,,4851,,,0,100,,4852,,,0,100,,4853,,,0,100,,4854,,,0,100,,4855,,,0,101,,4856,,,0,70,,4857,,,0,30,,4858,,,0,70,,4859,,,0,30,,4860,,,0,70,,4861,,,0,30,,4862,,,0,98,,4866,,,0,100,,4863,,,0,99,,4864,,,0,100,,4865,,,0
31101,'LA-H26-LA_GTFS-Semaine-50',525,,4867,,,0,101,,4868,,,0,30,,4869,,,0,72,,4870,,,0,30,,4871,,,0,98,,4872,,,0,100,,4873,,,0,100,,4874,,,0,100,,4875,,,0,100,,4876,,,0,100,,4877,,,0,101,,4878,,,0,70,,4879,,,0,30,,4880,,,0,70,,4881,,,0,30,,4882,,,0,70,,4883,,,0,30,,4884,,,0,98,,4888,,,0,100,,4885,,,0,99,,4886,,,0,100,,4887,,,0
31101,'LA-H26-LA_GTFS-Week-end-01',749,,4889,,,0,100,,4890,,,0,100,,4891,,,0,100,,4892,,,0,101,,4893,,,0,100,,4894,,,0,100,,4895,,,0,100,,4896,,,0,100,,4897,,,0,100,,4898,,,0,100,,4899,,,0,99,,4900,,,0,100,,4901,,,0,100,,4902,,,0,100,,4903,,,0
31101,'LA-H26-LA_GTFS-Week-end-50',749,,4904,,,0,100,,4905,,,0,100,,4906,,,0,100,,4907,,,0,101,,4908,,,0,100,,4909,,,0,100,,4910,,,0,100,,4911,,,0,100,,4912,,,0,100,,4913,,,0,100,,4914,,,0,99,,4915,,,0,100,,4916,,,0,100,,4917,,,0,100,,4918,,,0
