24601,'Semaine-03',558,,15939,420,,,0,87,,15938,420,,,0,90,,15937,420,,,0,93,,15936,420,,,0,89,,15935,420,,,0,698,,15934,420,,,0,92,,15933,420,,,0,51,,15932,420,,,0,93,,15931,420,,,0,86,,15930,420,,,0
24601,'Semaine-53',558,,12775,420,,,0,87,,12774,420,,,0,90,,12773,420,,,0,93,,12772,420,,,0,89,,12771,420,,,0,698,,12770,420,,,0,92,,12769,420,,,0,51,,12768,420,,,0,93,,12767,420,,,0,86,,12766,420,,,0
25001,'Semaine-03',617,,16114,510,,,0,24,,16115,510,,,0,72,,16116,510,,,0,22,,16117,510,,,0,85,,16118,510,,,0,22,,16119,510,,,0,73,,16120,510,,,0,28,,16121,510,,,0,76,,16122,510,,,0,19,,16123,510,,,0,100,,16124,510,,,0,103,,16125,510,,,0,100,,16126,510,,,0,102,,16127,510,,,0,115,,16128,510,,,0,66,,16129,510,,,0,76,,16130,510,,,0,26,,16131,510,,,0,30,,16132,510,,,0,68,,16133,510,,,0,80,,16134,510,,,0,48,,16135,510,,,0,106,,16136,510,,,0,96,,16137,510,,,0,99,,16138,510,,,0
25001,'Semaine-53',617,,13032,510,,,0,24,,13033,510,,,0,72,,13034,510,,,0,22,,13035,510,,,0,85,,13036,510,,,0,22,,13037,510,,,0,73,,13038,510,,,0,28,,13039,510,,,0,76,,13040,510,,,0,19,,13041,510,,,0,100,,13042,510,,,0,103,,13043,510,,,0,100,,13044,510,,,0,102,,13045,510,,,0,115,,13046,510,,,0,66,,13047,510,,,0,76,,13048,510,,,0,26,,13049,510,,,0,30,,13050,510,,,0,68,,13051,510,,,0,80,,13052,510,,,0,48,,13053,510,,,0,106,,13054,510,,,0,96,,13055,510,,,0,99,,13056,510,,,0
25001,'Week-end-03',748,,16157,510,,,0,100,,16141,510,,,0,70,,16144,510,,,0,100,,16151,510,,,0,30,,16152,510,,,0,100,,16143,510,,,0,70,,16146,510,,,0,100,,16154,510,,,0,30,,16155,510,,,0,100,,16142,510,,,0,70,,16153,510,,,0,100,,16145,510,,,0,31,,16150,510,,,0,100,,16156,510,,,0,70,,16147,510,,,0,100,,16148,510,,,0,30,,16140,510,,,0,100,,16149,510,,,0,70,,16158,510,,,0,100,,16139,510,,,0,30,,16159,510,,,0
25001,'Week-end-53',748,,13075,510,,,0,100,,13059,510,,,0,70,,13062,510,,,0,100,,13069,510,,,0,30,,13070,510,,,0,100,,13061,510,,,0,70,,13064,510,,,0,100,,13072,510,,,0,30,,13073,510,,,0,100,,13060,510,,,0,70,,13071,510,,,0,100,,13063,510,,,0,31,,13068,510,,,0,100,,13074,510,,,0,70,,13065,510,,,0,100,,13066,510,,,0,30,,13058,510,,,0,100,,13067,510,,,0,70,,13076,510,,,0,100,,13057,510,,,0,30,,13077,510,,,0
25101,'Semaine-03',933,,16186,50,,,0,100,,16187,50,,,0,100,,16190,50,,,0,100,,16191,50,,,0,100,,16192,50,,,0,100,,16188,50,,,0,614,,16189,50,,,0,98,,16193,50,,,0,100,,16194,50,,,0
25101,'Semaine-53',933,,13136,50,,,0,100,,13137,50,,,0,100,,13140,50,,,0,100,,13141,50,,,0,100,,13142,50,,,0,100,,13138,50,,,0,614,,13139,50,,,0,98,,13143,50,,,0,100,,13144,50,,,0
25101,'Week-end-03',738,,16205,50,,,0,100,,16210,50,,,0,100,,16209,50,,,0,100,,16204,50,,,0,100,,16207,50,,,0,100,,16208,50,,,0,100,,16206,50,,,0,100,,16201,50,,,0,100,,16199,50,,,0,100,,16200,50,,,0,100,,16202,50,,,0,100,,16196,50,,,0,100,,16197,50,,,0,100,,16198,50,,,0,100,,16195,50,,,0,100,,16203,50,,,0
25101,'Week-end-53',738,,13155,50,,,0,100,,13160,50,,,0,100,,13159,50,,,0,100,,13154,50,,,0,100,,13157,50,,,0,100,,13158,50,,,0,100,,13156,50,,,0,100,,13151,50,,,0,100,,13149,50,,,0,100,,13150,50,,,0,100,,13152,50,,,0,100,,13146,50,,,0,100,,13147,50,,,0,100,,13148,50,,,0,100,,13145,50,,,0,100,,13153,50,,,0
70901,'Semaine-03',454,,17177,440,,,0,70,,17226,440,,,0,20,,17174,440,,,0,10,,17173,440,,,0,51,,17175,440,,,0,11,,17176,440,,,0,10,,17178,440,,,0,10,,17179,440,,,0,10,,17180,440,,,0,10,,17181,440,,,0,57,,17182,440,,,0,10,,17183,440,,,0,12,,17184,440,,,0,11,,17185,440,,,0,10,,17186,440,,,0,50,,17187,440,,,0,10,,17188,440,,,0,10,,17189,440,,,0,10,,17190,440,,,0,10,,17191,440,,,0,54,,17192,440,,,0,13,,17194,440,,,0,15,,17233,440,,,0,15,,17193,440,,,0,70,,17195,440,,,0,15,,17196,440,,,0,22,,17197,470,,,0,70,,17198,470,,,0,15,,17199,470,,,0,15,,17200,470,,,0,55,,17201,470,,,0,15,,17236,470,,,0,15,,17202,470,,,0,15,,17237,470,,,0,70,,17203,470,,,0,15,,17204,470,,,0,15,,17205,470,,,0,70,,17228,470,,,0,30,,17229,470,,,0,70,,17230,470,,,0,16,,17231,470,,,0,16,,17232,470,,,0,74,,17227,470,,,0,15,,17207,470,,,0,15,,17206,470,,,0,55,,17208,470,,,0,13,,17209,470,,,0,15,,17210,470,,,0,9,,17211,470,,,0,53,,17212,470,,,0,15,,17234,470,,,0,13,,17235,470,,,0,14,,17213,470,,,0,59,,17214,470,,,0,14,,17215,470,,,0,15,,17216,470,,,0,23,,17217,440,,,0,70,,17218,440,,,0,15,,17219,440,,,0,68,,17220,440,,,0,30,,17221,440,,,0,69,,17222,440,,,0,44,,17223,440,,,0,99,,17224,440,,,0,108,,17225,440,,,0
70901,'Semaine-53',454,,14809,440,,,0,70,,14858,440,,,0,20,,14806,440,,,0,10,,14805,440,,,0,51,,14807,440,,,0,11,,14808,440,,,0,10,,14810,440,,,0,10,,14811,440,,,0,10,,14812,440,,,0,10,,14813,440,,,0,57,,14814,440,,,0,10,,14815,440,,,0,12,,14816,440,,,0,11,,14817,440,,,0,10,,14818,440,,,0,50,,14819,440,,,0,10,,14820,440,,,0,10,,14821,440,,,0,10,,14822,440,,,0,10,,14823,440,,,0,54,,14824,440,,,0,13,,14826,440,,,0,15,,14865,440,,,0,15,,14825,440,,,0,70,,14827,440,,,0,15,,14828,440,,,0,22,,14829,470,,,0,70,,14830,470,,,0,15,,14831,470,,,0,15,,14832,470,,,0,55,,14833,470,,,0,15,,14868,470,,,0,15,,14834,470,,,0,15,,14869,470,,,0,70,,14835,470,,,0,15,,14836,470,,,0,15,,14837,470,,,0,70,,14860,470,,,0,30,,14861,470,,,0,70,,14862,470,,,0,16,,14863,470,,,0,16,,14864,470,,,0,74,,14859,470,,,0,15,,14839,470,,,0,15,,14838,470,,,0,55,,14840,470,,,0,13,,14841,470,,,0,15,,14842,470,,,0,9,,14843,470,,,0,53,,14844,470,,,0,15,,14866,470,,,0,13,,14867,470,,,0,14,,14845,470,,,0,59,,14846,470,,,0,14,,14847,470,,,0,15,,14848,470,,,0,23,,14849,440,,,0,70,,14850,440,,,0,15,,14851,440,,,0,68,,14852,440,,,0,30,,14853,440,,,0,69,,14854,440,,,0,44,,14855,440,,,0,99,,14856,440,,,0,108,,14857,440,,,0
70901,'Week-end-03',622,,17238,440,,,0,30,,17239,440,,,0,70,,17240,440,,,0,30,,17241,440,,,0,70,,17242,440,,,0,15,,17243,440,,,0,71,,17244,440,,,0,30,,17245,440,,,0,70,,17246,440,,,0,31,,17247,440,,,0,71,,17248,440,,,0,30,,17249,440,,,0,70,,17250,440,,,0,30,,17251,440,,,0,70,,17252,440,,,0,30,,17253,440,,,0,70,,17254,440,,,0,30,,17255,440,,,0,70,,17256,440,,,0,30,,17257,440,,,0,70,,17258,440,,,0,30,,17259,440,,,0,70,,17260,440,,,0,30,,17261,440,,,0,70,,17262,440,,,0,30,,17263,440,,,0,70,,17264,440,,,0,30,,17265,440,,,0,70,,17266,440,,,0,30,,17267,440,,,0,70,,17268,440,,,0,30,,17269,440,,,0,70,,17270,440,,,0,31,,17271,440,,,0,70,,17272,440,,,0,30,,17273,440,,,0,111,,17274,440,,,0
70901,'Week-end-53',622,,14870,440,,,0,30,,14871,440,,,0,70,,14872,440,,,0,30,,14873,440,,,0,70,,14874,440,,,0,15,,14875,440,,,0,71,,14876,440,,,0,30,,14877,440,,,0,70,,14878,440,,,0,31,,14879,440,,,0,71,,14880,440,,,0,30,,14881,440,,,0,70,,14882,440,,,0,30,,14883,440,,,0,70,,14884,440,,,0,30,,14885,440,,,0,70,,14886,440,,,0,30,,14887,440,,,0,70,,14888,440,,,0,30,,14889,440,,,0,70,,14890,440,,,0,30,,14891,440,,,0,70,,14892,440,,,0,30,,14893,440,,,0,70,,14894,440,,,0,30,,14895,440,,,0,70,,14896,440,,,0,30,,14897,440,,,0,70,,14898,440,,,0,30,,14899,440,,,0,70,,14900,440,,,0,30,,14901,440,,,0,70,,14902,440,,,0,31,,14903,440,,,0,70,,14904,440,,,0,30,,14905,440,,,0,111,,14906,440,,,0
