22001,'Fête-1-01',822,,17296,610,,,0,200,,17293,610,,,0,199,,17291,610,,,0,200,,17292,610,,,0,200,,17290,610,,,0,201,,17295,610,,,0,200,,17294,610,,,0
22001,'Semaine-01',529,,17297,280,0,6 7,0,29,,17298,280,0,6 7,0,67,,17299,610,,,0,30,,17300,610,,,0,71,,17301,610,,,0,31,,17302,610,,,0,71,,17303,610,,,0,29,,17304,610,,,0,99,,17305,610,,,0,100,,17306,610,,,0,100,,17307,610,,,0,100,,17308,610,,,0,100,,17309,610,,,0,101,,17310,610,,,0,100,,17311,610,,,0,102,,17312,610,,,0,70,,17313,610,,,0,71,,17314,610,,,0,30,,17315,610,,,0,28,,17316,610,,,0,68,,17317,610,,,0,30,,17318,610,,,0,100,,17319,610,,,0,99,,17320,610,,,0,100,,17321,610,,,0
22001,'Semaine-02',529,,17323,280,0,6 7,0,29,,17324,280,0,6 7,0,67,,17325,610,,,0,30,,17326,610,,,0,71,,17327,610,,,0,31,,17328,610,,,0,71,,17329,610,,,0,29,,17330,610,,,0,99,,17331,610,,,0,100,,17332,610,,,0,100,,17333,610,,,0,100,,17334,610,,,0,100,,17335,610,,,0,101,,17336,610,,,0,100,,17337,610,,,0,102,,17338,610,,,0,70,,17339,610,,,0,71,,17340,610,,,0,30,,17341,610,,,0,28,,17342,610,,,0,68,,17343,610,,,0,30,,17344,610,,,0,100,,17345,610,,,0,99,,17346,610,,,0,100,,17347,610,,,0
22001,'Week-end-01',822,,17356,610,,,0,200,,17353,610,,,0,199,,17351,610,,,0,200,,17352,610,,,0,200,,17350,610,,,0,201,,17355,610,,,0,200,,17354,610,,,0
22100,'Fête-1-01',922,,17357,610,,,0,200,,17361,610,,,0,200,,17362,610,,,0,200,,17363,610,,,0,200,,17358,610,,,0,200,,17360,610,,,0,200,,17359,610,,,0
22100,'Semaine-01',542,,17365,220,0,6 7,0,70,,17366,220,0,6 7,0,31,,17367,610,,,0,70,,17364,610,,,0,31,,17368,610,,,0,70,,17369,610,,,0,30,,17370,610,,,0,85,,17371,610,,,0,100,,17372,610,,,0,100,,17373,610,,,0,100,,17374,610,,,0,100,,17375,610,,,0,100,,17376,610,,,0,100,,17377,610,,,0,100,,17378,610,,,0,85,,17379,610,,,0,30,,17380,610,,,0,70,,17381,610,,,0,31,,17382,610,,,0,68,,17383,610,,,0,30,,17384,610,,,0,85,,17385,610,,,0,99,,17386,610,,,0,100,,17387,610,,,0
22100,'Semaine-02',542,,17389,220,0,6 7,0,70,,17390,220,0,6 7,0,31,,17391,610,,,0,70,,17388,610,,,0,31,,17392,610,,,0,70,,17393,610,,,0,30,,17394,610,,,0,85,,17395,610,,,0,100,,17396,610,,,0,100,,17397,610,,,0,100,,17398,610,,,0,100,,17399,610,,,0,100,,17400,610,,,0,100,,17401,610,,,0,100,,17402,610,,,0,85,,17403,610,,,0,30,,17404,610,,,0,70,,17405,610,,,0,31,,17406,610,,,0,68,,17407,610,,,0,30,,17408,610,,,0,85,,17409,610,,,0,99,,17410,610,,,0,100,,17411,610,,,0
22100,'Week-end-01',922,,17412,610,,,0,200,,17416,610,,,0,200,,17417,610,,,0,200,,17418,610,,,0,200,,17413,610,,,0,200,,17415,610,,,0,200,,17414,610,,,0
22201,'Fête-1-01',758,,17433,220,,,0,100,,17421,220,,,0,100,,17420,220,,,0,100,,17419,220,,,0,100,,17422,220,,,0,100,,17423,220,,,0,100,,17424,220,,,0,100,,17425,220,,,0,100,,17426,220,,,0,100,,17427,220,,,0,100,,17428,220,,,0,100,,17429,220,,,0,100,,17430,220,,,0,100,,17431,220,,,0,99,,17432,220,0,8 6 22,0
22201,'Semaine-01',547,,17451,220,,,0,80,,17434,220,,,0,30,,17452,220,,,0,80,,17435,220,,,0,80,,17436,220,,,0,110,,17437,220,,,0,100,,17438,220,,,0,100,,17439,220,,,0,100,,17440,220,,,0,100,,17441,220,,,0,100,,17442,220,,,0,100,,17443,220,,,0,100,,17444,220,,,0,80,,17453,220,,,0,35,,17445,220,,,0,80,,17446,220,,,0,105,,17447,220,,,0,100,,17448,220,,,0,100,,17449,220,,,0,100,,17450,220,0,8 6 22,0
22201,'Semaine-02',547,,17472,220,,,0,80,,17455,220,,,0,30,,17473,220,,,0,80,,17456,220,,,0,80,,17457,220,,,0,110,,17458,220,,,0,100,,17459,220,,,0,100,,17460,220,,,0,100,,17461,220,,,0,100,,17462,220,,,0,100,,17463,220,,,0,100,,17464,220,,,0,100,,17465,220,,,0,80,,17474,220,,,0,35,,17466,220,,,0,80,,17467,220,,,0,105,,17468,220,,,0,100,,17469,220,,,0,100,,17470,220,,,0,100,,17471,220,0,8 6 22,0
22201,'Week-end-01',758,,17490,220,,,0,100,,17478,220,,,0,100,,17477,220,,,0,100,,17476,220,,,0,100,,17479,220,,,0,100,,17480,220,,,0,100,,17481,220,,,0,100,,17482,220,,,0,100,,17483,220,,,0,100,,17484,220,,,0,100,,17485,220,,,0,100,,17486,220,,,0,100,,17487,220,,,0,100,,17488,220,,,0,99,,17489,220,0,8 6 22,0
