22701,'Fête-1-01',932,,17613,620,,,0,200,,17614,620,,,0,200,,17615,620,,,0,200,,17616,620,,,0,200,,17617,620,,,0,200,,17618,620,,,0,200,,17619,620,,,0
22701,'Semaine-01',541,,17620,320,0,6 7,0,70,,17621,320,0,6 7,0,21,,17622,620,,,0,70,,17623,620,,,0,35,,17624,620,,,0,80,,17625,620,,,0,40,,17626,620,,,0,76,,17627,620,,,0,100,,17628,620,,,0,100,,17629,620,,,0,100,,17630,620,,,0,100,,17631,620,,,0,100,,17632,620,,,0,100,,17633,620,,,0,104,,17634,620,,,0,90,,17635,620,,,0,80,,17636,620,,,0,40,,17637,620,,,0,70,,17638,620,,,0,30,,17639,620,,,0,85,,17640,620,,,0,100,,17641,620,,,0,100,,17642,620,,,0
22701,'Semaine-02',541,,17644,320,0,6 7,0,70,,17645,320,0,6 7,0,21,,17646,620,,,0,70,,17647,620,,,0,35,,17648,620,,,0,80,,17649,620,,,0,40,,17650,620,,,0,76,,17651,620,,,0,100,,17652,620,,,0,100,,17653,620,,,0,100,,17654,620,,,0,100,,17655,620,,,0,100,,17656,620,,,0,100,,17657,620,,,0,104,,17658,620,,,0,90,,17659,620,,,0,80,,17660,620,,,0,40,,17661,620,,,0,70,,17662,620,,,0,30,,17663,620,,,0,85,,17664,620,,,0,100,,17665,620,,,0,100,,17666,620,,,0
22701,'Week-end-01',932,,17668,620,,,0,200,,17669,620,,,0,200,,17670,620,,,0,200,,17671,620,,,0,200,,17672,620,,,0,200,,17673,620,,,0,200,,17674,620,,,0
22800,'Fête-1-01',835,,17682,630,,,0,200,,17679,630,,,0,200,,17680,630,,,0,200,,17675,630,,,0,200,,17677,630,,,0,200,,17681,630,,,0,200,,17678,630,,,0
22800,'Semaine-01',556,,17683,330,0,6 7,0,70,,17706,330,0,6 7,0,24,,17684,630,,,0,77,,17685,630,,,0,75,,17686,630,,,0,40,,17687,630,,,0,80,,17688,630,,,0,83,,17689,630,,,0,100,,17690,630,,,0,100,,17691,630,,,0,100,,17692,630,,,0,100,,17693,630,,,0,100,,17694,630,,,0,100,,17695,630,,,0,107,,17696,630,,,0,40,,17697,630,,,0,80,,17698,630,,,0,80,,17699,630,,,0,23,,17700,630,,,0,70,,17701,630,,,0,100,,17702,630,,,0,100,,17703,630,,,0,100,,17704,630,,,0
22800,'Semaine-02',556,,17707,330,0,6 7,0,70,,17730,330,0,6 7,0,24,,17708,630,,,0,77,,17709,630,,,0,75,,17710,630,,,0,40,,17711,630,,,0,80,,17712,630,,,0,83,,17713,630,,,0,100,,17714,630,,,0,100,,17715,630,,,0,100,,17716,630,,,0,100,,17717,630,,,0,100,,17718,630,,,0,100,,17719,630,,,0,107,,17720,630,,,0,40,,17721,630,,,0,80,,17722,630,,,0,80,,17723,630,,,0,23,,17724,630,,,0,70,,17725,630,,,0,100,,17726,630,,,0,100,,17727,630,,,0,100,,17728,630,,,0
22800,'Week-end-01',835,,17738,630,,,0,200,,17735,630,,,0,200,,17736,630,,,0,200,,17731,630,,,0,200,,17733,630,,,0,200,,17737,630,,,0,200,,17734,630,,,0
70800,'Fête-1-01',745,,20661,390,,,0,104,,20662,390,,,0,89,,20663,390,,,0,100,,20664,390,,,0,102,,20665,390,,,0,99,,20666,390,,,0,100,,20667,390,,,0,100,,20668,390,,,0,100,,20669,390,,,0,100,,20670,390,,,0,100,,20671,390,,,0,100,,20672,390,,,0,100,,20673,390,,,0,96,,20674,390,,,0,103,,20675,390,,,0,80,,20676,390,,,0,83,,20677,390,,,0,40,,20659,390,,,0,117,,20660,390,,,0
70800,'Semaine-01',607,,20678,390,,,0,30,,20679,390,,,0,71,,20680,390,,,0,30,,20681,390,,,0,70,,20682,390,,,0,15,,20683,390,,,0,17,,20684,390,,,0,67,,20685,390,,,0,32,,20686,390,,,0,99,,20687,390,,,0,100,,20688,390,,,0,100,,20689,390,,,0,100,,20690,390,,,0,99,,20691,390,,,0,100,,20692,390,,,0,77,,20693,390,,,0,21,,20694,390,,,0,13,,20695,390,,,0,61,,20696,390,,,0,9,,20697,390,,,0,21,,20698,390,,,0,9,,20699,390,,,0,60,,20700,390,,,0,8,,20701,390,,,0,11,,20702,390,,,0,15,,20703,390,,,0,65,,20704,390,,,0,30,,20705,390,,,0,100,,20706,390,,,0,90,,20707,390,,,0,90,,20708,390,,,0,94,,20709,390,,,0,98,,20710,390,,,0,100,,20711,390,,,0,100,,20712,390,,,0
70800,'Semaine-02',607,,20713,390,,,0,30,,20714,390,,,0,71,,20715,390,,,0,30,,20716,390,,,0,74,,20717,390,,,0,11,,20718,390,,,0,17,,20719,390,,,0,67,,20720,390,,,0,32,,20721,390,,,0,99,,20722,390,,,0,100,,20723,390,,,0,100,,20724,390,,,0,100,,20725,390,,,0,99,,20726,390,,,0,100,,20727,390,,,0,77,,20728,390,,,0,21,,20729,390,,,0,13,,20730,390,,,0,61,,20731,390,,,0,9,,20732,390,,,0,21,,20733,390,,,0,9,,20734,390,,,0,60,,20735,390,,,0,8,,20736,390,,,0,11,,20737,390,,,0,15,,20738,390,,,0,65,,20739,390,,,0,30,,20740,390,,,0,100,,20741,390,,,0,90,,20742,390,,,0,90,,20743,390,,,0,94,,20744,390,,,0,98,,20745,390,,,0,100,,20746,390,,,0,100,,20747,390,,,0
70800,'Week-end-01',745,,20750,390,,,0,104,,20751,390,,,0,89,,20752,390,,,0,100,,20753,390,,,0,102,,20754,390,,,0,99,,20755,390,,,0,100,,20756,390,,,0,100,,20757,390,,,0,100,,20758,390,,,0,100,,20759,390,,,0,100,,20760,390,,,0,100,,20761,390,,,0,100,,20762,390,,,0,96,,20763,390,,,0,103,,20764,390,,,0,80,,20765,390,,,0,83,,20766,390,,,0,40,,20748,390,,,0,117,,20749,390,,,0
