22600,'LA-H26-LA_GTFS-Fête-1-01',819,,437,,,0,200,,431,,,0,200,,432,,,0,200,,433,,,0,200,,434,,,0,200,,438,0,6 7,0,200,,435,,,0
22600,'LA-H26-LA_GTFS-Fête-1-02',819,,445,,,0,200,,439,,,0,200,,440,,,0,200,,441,,,0,200,,442,,,0,200,,446,0,6 7,0,200,,443,,,0
22600,'LA-H26-LA_GTFS-Fête-2-02',532,,470,0,6 7,0,70,,471,0,6 7,0,38,,447,,,0,75,,448,,,0,30,,449,,,0,70,,450,,,0,85,,451,,,0,55,,452,,,0,100,,453,,,0,100,,454,,,0,100,,455,,,0,100,,456,,,0,100,,457,,,0,100,,458,,,0,145,,459,,,0,30,,460,,,0,70,,461,,,0,30,,462,,,0,70,,463,,,0,25,,464,,,0,30,,465,,,0,100,,466,,,0,100,,467,,,0,100,,468,,,0,100,,469,,,0
22600,'LA-H26-LA_GTFS-Semaine-01',532,,495,0,6 7,0,70,,496,0,6 7,0,38,,472,,,0,75,,473,,,0,30,,474,,,0,70,,475,,,0,85,,476,,,0,55,,477,,,0,100,,478,,,0,100,,479,,,0,100,,480,,,0,100,,481,,,0,100,,482,,,0,100,,483,,,0,145,,484,,,0,30,,485,,,0,70,,486,,,0,30,,487,,,0,70,,488,,,0,25,,489,,,0,30,,490,,,0,100,,491,,,0,100,,492,,,0,100,,493,,,0,100,,494,,,0
22600,'LA-H26-LA_GTFS-Semaine-50',532,,520,0,6 7,0,70,,521,0,6 7,0,38,,497,,,0,75,,498,,,0,30,,499,,,0,70,,500,,,0,85,,501,,,0,55,,502,,,0,100,,503,,,0,100,,504,,,0,100,,505,,,0,100,,506,,,0,100,,507,,,0,100,,508,,,0,145,,509,,,0,30,,510,,,0,70,,511,,,0,30,,512,,,0,70,,513,,,0,25,,514,,,0,30,,515,,,0,100,,516,,,0,100,,517,,,0,100,,518,,,0,100,,519,,,0
22600,'LA-H26-LA_GTFS-Week-end-01',819,,528,,,0,200,,522,,,0,200,,523,,,0,200,,524,,,0,200,,525,,,0,200,,529,0,6 7,0,200,,526,,,0
22600,'LA-H26-LA_GTFS-Week-end-50',819,,536,,,0,200,,530,,,0,200,,531,,,0,200,,532,,,0,200,,533,,,0,200,,537,0,6 7,0,200,,534,,,0
60001,'LA-H26-LA_GTFS-Fête-1-01',836,,5957,,,0,100,,5956,,,0,100,,5954,,,0,100,,5955,,,0,100,,5952,,,0,100,,5953,,,0,100,,5949,,,0,100,,5950,,,0,100,,5951,,,0,100,,5948,,,0,100,,5945,,,0,100,,5946,,,0,100,,5947,,,0,100,,5943,,,0,89,,5944,,,0,185,,5942,,,0
60001,'LA-H26-LA_GTFS-Fête-1-02',836,,5973,,,0,100,,5972,,,0,100,,5970,,,0,100,,5971,,,0,100,,5968,,,0,100,,5969,,,0,100,,5965,,,0,100,,5966,,,0,100,,5967,,,0,100,,5964,,,0,100,,5961,,,0,100,,5962,,,0,100,,5963,,,0,100,,5959,,,0,89,,5960,,,0,185,,5958,,,0
60001,'LA-H26-LA_GTFS-Fête-2-02',535,,5995,,,0,70,,5996,,,0,30,,5997,,,0,70,,5998,,,0,96,,5974,,,0,32,,5975,,,0,100,,5976,,,0,99,,5977,,,0,98,,5978,,,0,100,,5979,,,0,100,,5980,,,0,100,,5981,,,0,100,,5982,,,0,73,,5983,,,0,30,,5984,,,0,70,,5985,,,0,30,,5986,,,0,70,,5987,,,0,30,,5988,,,0,100,,5989,,,0,95,,5990,,,0,100,,5991,,,0,100,,5992,,,0,100,,5993,,,0,100,,5994,,,0
60001,'LA-H26-LA_GTFS-Semaine-01',535,,6024,,,0,70,,6025,,,0,30,,6026,,,0,70,,6027,,,0,24,,5999,,,0,72,,6000,,,0,32,,6001,,,0,100,,6002,,,0,99,,6003,,,0,98,,6004,,,0,100,,6005,,,0,70,,6006,,,0,100,,6007,,,0,30,,6008,,,0,70,,6009,,,0,30,,6010,,,0,73,,6011,,,0,30,,6012,,,0,70,,6013,,,0,30,,6014,,,0,70,,6015,,,0,30,,6016,,,0,70,,6017,,,0,30,,6018,,,0,95,,6019,,,0,100,,6020,,,0,100,,6021,,,0,100,,6022,,,0,100,,6023,,,0
60001,'LA-H26-LA_GTFS-Semaine-50',535,,6053,,,0,70,,6054,,,0,30,,6055,,,0,70,,6056,,,0,24,,6028,,,0,72,,6029,,,0,32,,6030,,,0,100,,6031,,,0,99,,6032,,,0,98,,6033,,,0,100,,6034,,,0,70,,6035,,,0,100,,6036,,,0,30,,6037,,,0,70,,6038,,,0,30,,6039,,,0,73,,6040,,,0,30,,6041,,,0,70,,6042,,,0,30,,6043,,,0,70,,6044,,,0,30,,6045,,,0,70,,6046,,,0,30,,6047,,,0,95,,6048,,,0,100,,6049,,,0,100,,6050,,,0,100,,6051,,,0,100,,6052,,,0
60001,'LA-H26-LA_GTFS-Week-end-01',836,,6072,,,0,100,,6071,,,0,100,,6069,,,0,100,,6070,,,0,100,,6067,,,0,100,,6068,,,0,100,,6064,,,0,100,,6065,,,0,100,,6066,,,0,100,,6063,,,0,100,,6060,,,0,100,,6061,,,0,100,,6062,,,0,100,,6058,,,0,89,,6059,,,0,185,,6057,,,0
60001,'LA-H26-LA_GTFS-Week-end-50',836,,6088,,,0,100,,6087,,,0,100,,6085,,,0,100,,6086,,,0,100,,6083,,,0,100,,6084,,,0,100,,6080,,,0,100,,6081,,,0,100,,6082,,,0,100,,6079,,,0,100,,6076,,,0,100,,6077,,,0,100,,6078,,,0,100,,6074,,,0,89,,6075,,,0,185,,6073,,,0
