30300,'Fête-1-01',830,,3644,0,50 51 52,0,100,,3645,0,50 51 52,0,100,,3646,0,50 51 52,0,100,,3647,0,50 51 52,0,100,,3648,0,50 51 52,0,100,,3649,0,50 51 52,0,100,,3650,0,50 51 52,0,100,,3651,0,50 51 52,0,100,,3652,0,50 51 52,0,100,,3653,0,50 51 52,0,100,,3654,0,50 51 52,0,100,,3655,0,50 51 52,0,100,,3656,0,50 51 52,0,100,,3657,0,50 51 52,0,100,,3658,0,50 51 52,0
30300,'Fête-1-02',830,,3659,0,50 51 52,0,100,,3660,0,50 51 52,0,100,,3661,0,50 51 52,0,100,,3662,0,50 51 52,0,100,,3663,0,50 51 52,0,100,,3664,0,50 51 52,0,100,,3665,0,50 51 52,0,100,,3666,0,50 51 52,0,100,,3667,0,50 51 52,0,100,,3668,0,50 51 52,0,100,,3669,0,50 51 52,0,100,,3670,0,50 51 52,0,100,,3671,0,50 51 52,0,100,,3672,0,50 51 52,0,100,,3673,0,50 51 52,0
30300,'Fête-2-02',605,,3674,,,0,30,,3675,,,0,70,,3676,,,0,30,,3677,,,0,70,,3678,,,0,30,,3679,,,0,100,,3690,,,0,100,,3680,,,0,100,,3681,,,0,100,,3682,,,0,100,,3683,,,0,100,,3684,,,0,100,,3685,,,0,70,,3691,,,0,30,,3692,,,0,70,,3686,,,0,30,,3687,,,0,70,,3688,,,0,30,,3689,,,0,100,,3693,,,0,100,,3694,,,0,100,,3695,,,0,100,,3696,,,0
30300,'Semaine-01',605,,3697,,,0,30,,3698,,,0,70,,3699,,,0,30,,3700,,,0,70,,3701,,,0,30,,3702,,,0,100,,3713,,,0,100,,3703,,,0,100,,3704,,,0,100,,3705,,,0,100,,3706,,,0,100,,3707,,,0,100,,3708,,,0,70,,3714,,,0,30,,3715,,,0,70,,3709,,,0,30,,3710,,,0,70,,3711,,,0,30,,3712,,,0,100,,3716,,,0,100,,3717,,,0,100,,3718,,,0,100,,3719,,,0
30300,'Semaine-50',605,,3720,,,0,30,,3721,,,0,70,,3722,,,0,30,,3723,,,0,70,,3724,,,0,30,,3725,,,0,100,,3736,,,0,100,,3726,,,0,100,,3727,,,0,100,,3728,,,0,100,,3729,,,0,100,,3730,,,0,100,,3731,,,0,70,,3737,,,0,30,,3738,,,0,70,,3732,,,0,30,,3733,,,0,70,,3734,,,0,30,,3735,,,0,100,,3739,,,0,100,,3740,,,0,100,,3741,,,0,100,,3742,,,0
30300,'Week-end-01',830,,3743,0,50 51 52,0,100,,3744,0,50 51 52,0,100,,3745,0,50 51 52,0,100,,3746,0,50 51 52,0,100,,3747,0,50 51 52,0,100,,3748,0,50 51 52,0,100,,3749,0,50 51 52,0,100,,3750,0,50 51 52,0,100,,3751,0,50 51 52,0,100,,3752,0,50 51 52,0,100,,3753,0,50 51 52,0,100,,3754,0,50 51 52,0,100,,3755,0,50 51 52,0,100,,3756,0,50 51 52,0,100,,3757,0,50 51 52,0
30300,'Week-end-50',830,,3758,0,50 51 52,0,100,,3759,0,50 51 52,0,100,,3760,0,50 51 52,0,100,,3761,0,50 51 52,0,100,,3762,0,50 51 52,0,100,,3763,0,50 51 52,0,100,,3764,0,50 51 52,0,100,,3765,0,50 51 52,0,100,,3766,0,50 51 52,0,100,,3767,0,50 51 52,0,100,,3768,0,50 51 52,0,100,,3769,0,50 51 52,0,100,,3770,0,50 51 52,0,100,,3771,0,50 51 52,0,100,,3772,0,50 51 52,0
30301,'Fête-1-01',821,,3773,4,,0,100,,3774,4,,0,100,,3775,4,,0,100,,3776,4,,0,101,,3777,4,,0,100,,3778,4,,0,100,,3779,4,,0,100,,3780,4,,0,100,,3781,4,,0,100,,3782,4,,0,100,,3783,4,,0,99,,3784,4,,0,100,,3785,4,,0,100,,3786,4,,0,100,,3787,4,,0
30301,'Fête-1-02',821,,3788,4,,0,100,,3789,4,,0,100,,3790,4,,0,100,,3791,4,,0,101,,3792,4,,0,100,,3793,4,,0,100,,3794,4,,0,100,,3795,4,,0,100,,3796,4,,0,100,,3797,4,,0,100,,3798,4,,0,99,,3799,4,,0,100,,3800,4,,0,100,,3801,4,,0,100,,3802,4,,0
30301,'Fête-2-02',558,,3816,4,,0,100,,3817,4,,0,70,,3818,4,,0,72,,3819,4,,0,30,,3820,4,,0,98,,3822,4,,0,100,,3823,4,,0,100,,3821,4,,0,100,,3814,4,,0,100,,3815,4,,0,100,,3813,4,,0,101,,3809,4,,0,30,,3824,4,,0,70,,3808,4,,0,30,,3803,4,,0,70,,3804,4,,0,30,,3805,4,,0,70,,3810,4,,0,98,,3811,4,,0,100,,3812,4,,0,99,,3806,4,,0,100,,3807,4,,0
30301,'Semaine-01',558,,3838,4,,0,100,,3839,4,,0,70,,3840,4,,0,72,,3841,4,,0,30,,3842,4,,0,98,,3844,4,,0,100,,3845,4,,0,100,,3843,4,,0,100,,3836,4,,0,100,,3837,4,,0,100,,3835,4,,0,101,,3831,4,,0,30,,3846,4,,0,70,,3830,4,,0,30,,3825,4,,0,70,,3826,4,,0,30,,3827,4,,0,70,,3832,4,,0,98,,3833,4,,0,100,,3834,4,,0,99,,3828,4,,0,100,,3829,4,,0
30301,'Semaine-50',558,,3860,4,,0,100,,3861,4,,0,70,,3862,4,,0,72,,3863,4,,0,30,,3864,4,,0,98,,3866,4,,0,100,,3867,4,,0,100,,3865,4,,0,100,,3858,4,,0,100,,3859,4,,0,100,,3857,4,,0,101,,3853,4,,0,30,,3868,4,,0,70,,3852,4,,0,30,,3847,4,,0,70,,3848,4,,0,30,,3849,4,,0,70,,3854,4,,0,98,,3855,4,,0,100,,3856,4,,0,99,,3850,4,,0,100,,3851,4,,0
30301,'Week-end-01',821,,3869,4,,0,100,,3870,4,,0,100,,3871,4,,0,100,,3872,4,,0,101,,3873,4,,0,100,,3874,4,,0,100,,3875,4,,0,100,,3876,4,,0,100,,3877,4,,0,100,,3878,4,,0,100,,3879,4,,0,99,,3880,4,,0,100,,3881,4,,0,100,,3882,4,,0,100,,3883,4,,0
30301,'Week-end-50',821,,3884,4,,0,100,,3885,4,,0,100,,3886,4,,0,100,,3887,4,,0,101,,3888,4,,0,100,,3889,4,,0,100,,3890,4,,0,100,,3891,4,,0,100,,3892,4,,0,100,,3893,4,,0,100,,3894,4,,0,99,,3895,4,,0,100,,3896,4,,0,100,,3897,4,,0,100,,3898,4,,0
