24201,'LA-H26-LA_GTFS-Fête-1-01',709,,2347,,,0,100,,2348,,,0,100,,2349,,,0,100,,2350,,,0,100,,2351,,,0,100,,2352,,,0,100,,2353,,,0,100,,2354,,,0,100,,2355,,,0,100,,2356,,,0,100,,2357,,,0,100,,2358,,,0,100,,2359,,,0,100,,2360,,,0,100,,2361,,,0,100,,2362,,,0
24201,'LA-H26-LA_GTFS-Fête-1-02',709,,2363,,,0,100,,2364,,,0,100,,2365,,,0,100,,2366,,,0,100,,2367,,,0,100,,2368,,,0,100,,2369,,,0,100,,2370,,,0,100,,2371,,,0,100,,2372,,,0,100,,2373,,,0,100,,2374,,,0,100,,2375,,,0,100,,2376,,,0,100,,2377,,,0,100,,2378,,,0
24201,'LA-H26-LA_GTFS-Fête-2-02',549,,2379,,,0,75,,2380,,,0,79,,2381,,,0,35,,2382,,,0,76,,2383,,,0,38,,2384,,,0,152,,2385,,,0,100,,2386,,,0,100,,2387,,,0,100,,2388,,,0,100,,2389,,,0,107,,2390,,,0,48,,2391,,,0,65,,2392,,,0,90,,2393,,,0,32,,2394,,,0,85,,2395,,,0,83,,2396,,,0,100,,2397,,,0,100,,2398,,,0,100,,2399,,,0
24201,'LA-H26-LA_GTFS-Semaine-01',549,,2400,,,0,75,,2401,,,0,79,,2402,,,0,35,,2403,,,0,76,,2404,,,0,38,,2405,,,0,152,,2406,,,0,100,,2407,,,0,100,,2408,,,0,100,,2409,,,0,100,,2410,,,0,107,,2411,,,0,48,,2412,,,0,65,,2413,,,0,90,,2414,,,0,32,,2415,,,0,85,,2416,,,0,83,,2417,,,0,100,,2418,,,0,100,,2419,,,0,100,,2420,,,0
24201,'LA-H26-LA_GTFS-Semaine-50',549,,2421,,,0,75,,2422,,,0,79,,2423,,,0,35,,2424,,,0,76,,2425,,,0,38,,2426,,,0,152,,2427,,,0,100,,2428,,,0,100,,2429,,,0,100,,2430,,,0,100,,2431,,,0,107,,2432,,,0,48,,2433,,,0,65,,2434,,,0,90,,2435,,,0,32,,2436,,,0,85,,2437,,,0,83,,2438,,,0,100,,2439,,,0,100,,2440,,,0,100,,2441,,,0
24201,'LA-H26-LA_GTFS-Week-end-01',709,,2442,,,0,100,,2443,,,0,100,,2444,,,0,100,,2445,,,0,100,,2446,,,0,100,,2447,,,0,100,,2448,,,0,100,,2449,,,0,100,,2450,,,0,100,,2451,,,0,100,,2452,,,0,100,,2453,,,0,100,,2454,,,0,100,,2455,,,0,100,,2456,,,0,100,,2457,,,0
24201,'LA-H26-LA_GTFS-Week-end-50',709,,2458,,,0,100,,2459,,,0,100,,2460,,,0,100,,2461,,,0,100,,2462,,,0,100,,2463,,,0,100,,2464,,,0,100,,2465,,,0,100,,2466,,,0,100,,2467,,,0,100,,2468,,,0,100,,2469,,,0,100,,2470,,,0,100,,2471,,,0,100,,2472,,,0,100,,2473,,,0
61000,'LA-H26-LA_GTFS-Fête-1-01',811,,6139,,,0,100,,6140,,,0,98,,6141,,,0,100,,6142,,,0,100,,6143,,,0,100,,6144,,,0,100,,6145,,,0,100,,6146,,,0,100,,6147,,,0,100,,6148,,,0,100,,6149,,,0,100,,6150,,,0,100,,6151,,,0,100,,6152,,,0,100,,6153,,,0,100,,6154,,,0
61000,'LA-H26-LA_GTFS-Fête-1-02',811,,6155,,,0,100,,6156,,,0,98,,6157,,,0,100,,6158,,,0,100,,6159,,,0,100,,6160,,,0,100,,6161,,,0,100,,6162,,,0,100,,6163,,,0,100,,6164,,,0,100,,6165,,,0,100,,6166,,,0,100,,6167,,,0,100,,6168,,,0,100,,6169,,,0,100,,6170,,,0
61000,'LA-H26-LA_GTFS-Fête-2-02',605,,6171,,,0,99,,6172,,,0,101,,6173,,,0,99,,6174,,,0,100,,6175,,,0,100,,6176,,,0,100,,6177,,,0,100,,6178,,,0,100,,6179,,,0,101,,6180,,,0,51,,6181,,,0,101,,6182,,,0,150,,6183,,,0,31,,6184,,,0,71,,6185,,,0,100,,6186,,,0,100,,6187,,,0,100,,6188,,,0,105,,6189,,,0
61000,'LA-H26-LA_GTFS-Semaine-01',605,,6190,,,0,30,,6213,,,0,69,,6191,,,0,29,,6192,,,0,72,,6193,,,0,34,,6194,,,0,65,,6195,,,0,100,,6196,,,0,100,,6197,,,0,100,,6198,,,0,100,,6199,,,0,100,,6200,,,0,101,,6201,,,0,51,,6202,,,0,66,,6203,,,0,35,,6204,,,0,71,,6205,,,0,79,,6206,,,0,31,,6207,,,0,71,,6208,,,0,100,,6209,,,0,100,,6210,,,0,100,,6211,,,0,105,,6212,,,0
61000,'LA-H26-LA_GTFS-Semaine-50',605,,6214,,,0,30,,6237,,,0,69,,6215,,,0,29,,6216,,,0,72,,6217,,,0,34,,6218,,,0,65,,6219,,,0,100,,6220,,,0,100,,6221,,,0,100,,6222,,,0,100,,6223,,,0,100,,6224,,,0,101,,6225,,,0,51,,6226,,,0,66,,6227,,,0,35,,6228,,,0,71,,6229,,,0,79,,6230,,,0,31,,6231,,,0,71,,6232,,,0,100,,6233,,,0,100,,6234,,,0,100,,6235,,,0,105,,6236,,,0
61000,'LA-H26-LA_GTFS-Week-end-01',811,,6238,,,0,100,,6239,,,0,98,,6240,,,0,100,,6241,,,0,100,,6242,,,0,100,,6243,,,0,100,,6244,,,0,100,,6245,,,0,100,,6246,,,0,100,,6247,,,0,100,,6248,,,0,100,,6249,,,0,100,,6250,,,0,100,,6251,,,0,100,,6252,,,0,100,,6253,,,0
61000,'LA-H26-LA_GTFS-Week-end-50',811,,6254,,,0,100,,6255,,,0,98,,6256,,,0,100,,6257,,,0,100,,6258,,,0,100,,6259,,,0,100,,6260,,,0,100,,6261,,,0,100,,6262,,,0,100,,6263,,,0,100,,6264,,,0,100,,6265,,,0,100,,6266,,,0,100,,6267,,,0,100,,6268,,,0,100,,6269,,,0
