24100,'Semaine-01',624,,18611,640,,,0,23,,18612,640,,,0,76,,18613,640,,,0,24,,18614,640,,,0,102,,18615,640,,,0,100,,18616,640,,,0,100,,18617,640,,,0,100,,18618,640,,,0,100,,18619,640,,,0,100,,18620,640,,,0,101,,18621,640,,,0,107,,18622,640,,,0,151,,18623,640,,,0,100,,18624,640,,,0,28,,18625,640,,,0,71,,18626,640,,,0,33,,18627,640,,,0,97,,18628,640,,,0,69,,18629,640,,,0,98,,18630,640,,,0,97,,18631,640,,,0,58,,18632,640,,,0
24100,'Semaine-02',624,,18633,640,,,0,23,,18634,640,,,0,76,,18635,640,,,0,24,,18636,640,,,0,102,,18637,640,,,0,100,,18638,640,,,0,100,,18639,640,,,0,100,,18640,640,,,0,100,,18641,640,,,0,100,,18642,640,,,0,101,,18643,640,,,0,107,,18644,640,,,0,151,,18645,640,,,0,100,,18646,640,,,0,28,,18647,640,,,0,71,,18648,640,,,0,33,,18649,640,,,0,97,,18650,640,,,0,69,,18651,640,,,0,98,,18652,640,,,0,97,,18653,640,,,0,58,,18654,640,,,0
24300,'Semaine-01',618,,18730,380,0,31 32,0,22,,18731,380,0,31 32,0,83,,18732,630,,,0,22,,18733,630,,,0,87,,18734,630,,,0,18,,18735,630,,,0,85,,18736,630,,,0,14,,18737,630,,,0,106,,18738,630,,,0,100,,18739,630,,,0,100,,18740,630,,,0,100,,18741,630,,,0,100,,18742,630,,,0,156,,18743,630,,,0,40,,18744,630,,,0,72,,18745,630,,,0,84,,18746,630,,,0,30,,18747,630,,,0,78,,18748,630,,,0,32,,18749,630,,,0,72,,18750,630,,,0,84,,18751,630,,,0,100,,18752,630,,,0,100,,18753,630,,,0
24300,'Semaine-02',618,,18755,380,0,31 32,0,22,,18756,380,0,31 32,0,83,,18757,630,,,0,22,,18758,630,,,0,87,,18759,630,,,0,18,,18760,630,,,0,85,,18761,630,,,0,14,,18762,630,,,0,106,,18763,630,,,0,100,,18764,630,,,0,100,,18765,630,,,0,100,,18766,630,,,0,100,,18767,630,,,0,156,,18768,630,,,0,40,,18769,630,,,0,72,,18770,630,,,0,84,,18771,630,,,0,30,,18772,630,,,0,78,,18773,630,,,0,32,,18774,630,,,0,72,,18775,630,,,0,84,,18776,630,,,0,100,,18777,630,,,0,100,,18778,630,,,0
24601,'Semaine-01',604,,18788,520,,,0,47,,18787,520,,,0,90,,18786,520,,,0,93,,18785,520,,,0,89,,18784,520,,,0,699,,18783,520,,,0,92,,18782,520,,,0,93,,18781,520,,,0,51,,18780,520,,,0,87,,18779,520,,,0
24601,'Semaine-02',604,,18798,520,,,0,47,,18797,520,,,0,90,,18796,520,,,0,93,,18795,520,,,0,89,,18794,520,,,0,699,,18793,520,,,0,92,,18792,520,,,0,93,,18791,520,,,0,51,,18790,520,,,0,87,,18789,520,,,0
24701,'Fête-1-01',757,,18847,530,,,0,170,,18848,530,,,0,130,,18849,530,,,0,170,,18850,530,,,0,130,,18851,530,,,0,170,,18852,530,,,0,130,,18853,530,,,0,170,,18854,530,,,0,130,,18855,530,,,0
24701,'Semaine-01',556,,18860,530,,,0,70,,18861,530,,,0,122,,18862,530,,,0,60,,18863,530,,,0,42,,18864,530,,,0,106,,18865,530,,,0,171,,18866,530,,,0,130,,18867,530,,,0,170,,18868,530,,,0,183,,18869,530,,,0,24,,18870,530,,,0,116,,18856,530,,,0,92,,18871,530,,,0,162,,18857,530,,,0,129,,18858,530,,,0,169,,18859,530,,,0
24701,'Semaine-02',556,,18876,530,,,0,70,,18877,530,,,0,122,,18878,530,,,0,60,,18879,530,,,0,42,,18880,530,,,0,106,,18881,530,,,0,171,,18882,530,,,0,130,,18883,530,,,0,170,,18884,530,,,0,183,,18885,530,,,0,24,,18886,530,,,0,116,,18872,530,,,0,92,,18887,530,,,0,162,,18873,530,,,0,129,,18874,530,,,0,169,,18875,530,,,0
24701,'Week-end-01',757,,18888,530,,,0,170,,18889,530,,,0,130,,18890,530,,,0,170,,18891,530,,,0,130,,18892,530,,,0,170,,18893,530,,,0,130,,18894,530,,,0,170,,18895,530,,,0,130,,18896,530,,,0
24901,'Fête-1-01',758,,18981,640,,,0,168,,18982,640,,,0,130,,18983,640,,,0,170,,18984,640,,,0,130,,18985,640,,,0,170,,18986,640,,,0,130,,18987,640,,,0,170,,18988,640,,,0,130,,18989,640,,,0,170,,18990,640,,,0,130,,18991,640,,,0
24901,'Semaine-01',625,,18992,640,,,0,23,,18993,640,0,8 27 75,0,78,,18994,640,,,0,97,,18995,640,,,0,25,,18996,640,,,0,100,,18997,640,,,0,95,,18998,640,,,0,100,,18999,640,,,0,100,,19000,640,,,0,100,,19001,640,,,0,100,,19002,640,,,0,161,,19003,640,,,0,54,,19004,640,,,0,75,,19005,640,,,0,78,,19006,640,,,0,89,,19007,640,,,0,59,,19008,640,,,0,141,,19009,640,,,0,103,,19010,640,,,0,97,,19011,640,,,0
24901,'Semaine-02',625,,19012,640,,,0,23,,19013,640,0,8 27 75,0,78,,19014,640,,,0,97,,19015,640,,,0,25,,19016,640,,,0,100,,19017,640,,,0,95,,19018,640,,,0,100,,19019,640,,,0,100,,19020,640,,,0,100,,19021,640,,,0,100,,19022,640,,,0,161,,19023,640,,,0,54,,19024,640,,,0,75,,19025,640,,,0,78,,19026,640,,,0,89,,19027,640,,,0,59,,19028,640,,,0,141,,19029,640,,,0,103,,19030,640,,,0,97,,19031,640,,,0
24901,'Week-end-01',758,,19032,640,,,0,168,,19033,640,,,0,130,,19034,640,,,0,170,,19035,640,,,0,130,,19036,640,,,0,170,,19037,640,,,0,130,,19038,640,,,0,170,,19039,640,,,0,130,,19040,640,,,0,170,,19041,640,,,0,130,,19042,640,,,0
25001,'Fête-1-01',754,,19147,610,,,0,100,,19131,610,,,0,70,,19134,610,,,0,100,,19141,610,,,0,30,,19142,610,,,0,100,,19133,610,,,0,70,,19136,610,,,0,100,,19144,610,,,0,30,,19145,610,,,0,100,,19132,610,,,0,70,,19143,610,,,0,100,,19135,610,,,0,30,,19140,610,,,0,100,,19146,610,,,0,70,,19137,610,,,0,100,,19138,610,,,0,30,,19130,610,,,0,100,,19139,610,,,0,70,,19148,610,,,0,100,,19129,610,,,0,30,,19149,610,,,0
25001,'Semaine-01',623,,19150,610,,,0,25,,19151,610,,,0,72,,19152,610,0,8 27 75,0,22,,19153,610,,,0,85,,19154,610,,,0,94,,19155,610,,,0,28,,19156,610,,,0,95,,19157,610,,,0,100,,19158,610,,,0,103,,19159,610,,,0,100,,19160,610,,,0,102,,19161,610,,,0,155,,19162,610,,,0,103,,19163,610,,,0,26,,19164,610,,,0,70,,19165,610,,,0,28,,19166,610,,,0,80,,19167,610,,,0,47,,19168,610,,,0,147,,19169,610,,,0,95,,19170,610,,,0,59,,19171,610,,,0
25001,'Semaine-02',623,,19172,610,,,0,25,,19173,610,,,0,72,,19174,610,0,8 27 75,0,22,,19175,610,,,0,85,,19176,610,,,0,94,,19177,610,,,0,28,,19178,610,,,0,95,,19179,610,,,0,100,,19180,610,,,0,103,,19181,610,,,0,100,,19182,610,,,0,102,,19183,610,,,0,155,,19184,610,,,0,103,,19185,610,,,0,26,,19186,610,,,0,70,,19187,610,,,0,28,,19188,610,,,0,80,,19189,610,,,0,47,,19190,610,,,0,147,,19191,610,,,0,95,,19192,610,,,0,59,,19193,610,,,0
25001,'Week-end-01',754,,19212,610,,,0,100,,19196,610,,,0,70,,19199,610,,,0,100,,19206,610,,,0,30,,19207,610,,,0,100,,19198,610,,,0,70,,19201,610,,,0,100,,19209,610,,,0,30,,19210,610,,,0,100,,19197,610,,,0,70,,19208,610,,,0,100,,19200,610,,,0,30,,19205,610,,,0,100,,19211,610,,,0,70,,19202,610,,,0,100,,19203,610,,,0,30,,19195,610,,,0,100,,19204,610,,,0,70,,19213,610,,,0,100,,19194,610,,,0,30,,19214,610,,,0
25100,'Fête-1-01',756,,19215,350,0,31 32,0,93,,19230,690,,,0,100,,19228,690,,,0,100,,19231,690,,,0,100,,19227,690,,,0,100,,19226,690,,,0,100,,19229,690,,,0,100,,19222,690,,,0,100,,19225,690,,,0,100,,19221,690,,,0,100,,19223,690,,,0,100,,19219,690,,,0,99,,19224,690,,,0,100,,19216,690,,,0,100,,19217,690,,,0,100,,19218,690,,,0
25100,'Semaine-01',945,,19233,690,,,0,100,,19232,690,,,0,100,,19241,690,,,0,100,,19237,690,,,0,100,,19240,690,,,0,100,,19235,690,,,0,655,,19238,690,,,0,57,,19236,690,,,0,98,,19234,690,,,0
25100,'Semaine-02',945,,19243,690,,,0,100,,19242,690,,,0,100,,19251,690,,,0,100,,19247,690,,,0,100,,19250,690,,,0,100,,19245,690,,,0,655,,19248,690,,,0,57,,19246,690,,,0,98,,19244,690,,,0
25100,'Week-end-01',756,,19252,350,0,31 32,0,93,,19267,690,,,0,100,,19265,690,,,0,100,,19268,690,,,0,100,,19264,690,,,0,100,,19263,690,,,0,100,,19266,690,,,0,100,,19259,690,,,0,100,,19262,690,,,0,100,,19258,690,,,0,100,,19260,690,,,0,100,,19256,690,,,0,99,,19261,690,,,0,100,,19253,690,,,0,100,,19254,690,,,0,100,,19255,690,,,0
25201,'Semaine-01',627,,19277,320,,,0,78,,19269,320,,,0,36,,19283,320,,,0,76,,19281,320,,,0,33,,19278,320,,,0,679,,19279,320,,,0,79,,19275,320,,,0,34,,19272,320,,,0,71,,19274,320,,,0,30,,19280,320,,,0,69,,19270,320,,,0,29,,19282,320,,,0,71,,19276,320,,,0,28,,19273,320,,,0,68,,19271,320,,,0
25201,'Semaine-02',627,,19292,320,,,0,78,,19284,320,,,0,36,,19298,320,,,0,76,,19296,320,,,0,33,,19293,320,,,0,679,,19294,320,,,0,79,,19290,320,,,0,34,,19287,320,,,0,71,,19289,320,,,0,30,,19295,320,,,0,69,,19285,320,,,0,29,,19297,320,,,0,71,,19291,320,,,0,28,,19288,320,,,0,68,,19286,320,,,0
70901,'Fête-1-01',626,,21049,530,,,0,30,,21050,530,,,0,70,,21051,530,,,0,30,,21052,530,,,0,70,,21053,530,,,0,16,,21054,530,,,0,71,,21055,530,,,0,30,,21056,530,,,0,70,,21057,530,,,0,31,,21058,530,,,0,71,,21059,530,,,0,30,,21060,530,,,0,70,,21061,530,,,0,30,,21062,530,,,0,70,,21063,530,,,0,30,,21064,530,,,0,70,,21065,530,,,0,30,,21066,530,,,0,70,,21067,530,,,0,30,,21068,530,,,0,70,,21069,530,,,0,30,,21070,530,,,0,70,,21071,530,,,0,30,,21072,530,,,0,70,,21073,530,,,0,30,,21074,530,,,0,70,,21075,530,,,0,30,,21076,530,,,0,70,,21077,530,,,0,30,,21078,530,,,0,70,,21079,530,,,0,30,,21080,530,,,0,70,,21081,530,,,0,30,,21082,530,,,0,70,,21083,530,,,0,30,,21084,530,,,0,111,,21085,530,,,0
70901,'Semaine-01',457,,21089,530,,,0,70,,21131,530,,,0,20,,21087,530,,,0,10,,21086,530,,,0,63,,21088,530,,,0,20,,21090,530,,,0,60,,21091,530,,,0,28,,21092,530,,,0,12,,21093,530,,,0,61,,21094,530,,,0,10,,21095,530,,,0,10,,21096,530,,,0,20,,21097,530,,,0,10,,21098,530,,,0,54,,21099,530,,,0,13,,21101,530,,,0,15,,21137,530,,,0,15,,21100,530,,,0,70,,21102,530,,,0,15,,21103,530,,,0,22,,21104,560,,,0,70,,21105,560,,,0,15,,21106,560,,,0,15,,21107,560,,,0,55,,21108,560,,,0,15,,21140,560,,,0,15,,21109,560,,,0,15,,21141,560,,,0,70,,21110,560,,,0,15,,21111,560,,,0,15,,21112,560,,,0,70,,21132,560,,,0,30,,21133,560,,,0,70,,21134,560,,,0,16,,21135,560,,,0,16,,21136,560,,,0,89,,21114,560,,,0,55,,21113,560,,,0,28,,21115,560,,,0,15,,21116,560,,,0,62,,21117,560,,,0,15,,21138,560,,,0,13,,21139,560,,,0,14,,21118,560,,,0,59,,21119,560,,,0,14,,21120,560,,,0,15,,21121,560,,,0,22,,21122,530,,,0,70,,21123,530,,,0,15,,21124,530,,,0,67,,21125,530,,,0,30,,21126,530,,,0,69,,21127,530,,,0,44,,21128,530,,,0,99,,21129,530,,,0,148,,21130,530,,,0
70901,'Semaine-02',457,,21145,530,,,0,70,,21187,530,,,0,20,,21143,530,,,0,10,,21142,530,,,0,63,,21144,530,,,0,20,,21146,530,,,0,60,,21147,530,,,0,28,,21148,530,,,0,12,,21149,530,,,0,61,,21150,530,,,0,10,,21151,530,,,0,10,,21152,530,,,0,20,,21153,530,,,0,10,,21154,530,,,0,54,,21155,530,,,0,13,,21157,530,,,0,15,,21193,530,,,0,15,,21156,530,,,0,70,,21158,530,,,0,15,,21159,530,,,0,22,,21160,560,,,0,70,,21161,560,,,0,15,,21162,560,,,0,15,,21163,560,,,0,55,,21164,560,,,0,15,,21196,560,,,0,15,,21165,560,,,0,15,,21197,560,,,0,70,,21166,560,,,0,15,,21167,560,,,0,15,,21168,560,,,0,70,,21188,560,,,0,30,,21189,560,,,0,70,,21190,560,,,0,16,,21191,560,,,0,16,,21192,560,,,0,89,,21170,560,,,0,55,,21169,560,,,0,28,,21171,560,,,0,15,,21172,560,,,0,62,,21173,560,,,0,15,,21194,560,,,0,13,,21195,560,,,0,14,,21174,560,,,0,59,,21175,560,,,0,14,,21176,560,,,0,15,,21177,560,,,0,22,,21178,530,,,0,70,,21179,530,,,0,15,,21180,530,,,0,67,,21181,530,,,0,30,,21182,530,,,0,69,,21183,530,,,0,44,,21184,530,,,0,99,,21185,530,,,0,148,,21186,530,,,0
70901,'Week-end-01',626,,21198,530,,,0,30,,21199,530,,,0,70,,21200,530,,,0,30,,21201,530,,,0,70,,21202,530,,,0,16,,21203,530,,,0,71,,21204,530,,,0,30,,21205,530,,,0,70,,21206,530,,,0,31,,21207,530,,,0,71,,21208,530,,,0,30,,21209,530,,,0,70,,21210,530,,,0,30,,21211,530,,,0,70,,21212,530,,,0,30,,21213,530,,,0,70,,21214,530,,,0,30,,21215,530,,,0,70,,21216,530,,,0,30,,21217,530,,,0,70,,21218,530,,,0,30,,21219,530,,,0,70,,21220,530,,,0,30,,21221,530,,,0,70,,21222,530,,,0,30,,21223,530,,,0,70,,21224,530,,,0,30,,21225,530,,,0,70,,21226,530,,,0,30,,21227,530,,,0,70,,21228,530,,,0,30,,21229,530,,,0,70,,21230,530,,,0,30,,21231,530,,,0,70,,21232,530,,,0,30,,21233,530,,,0,111,,21234,530,,,0
