22201,'Fête-1-01',808,,225,,,0,100,,213,,,0,100,,212,,,0,100,,211,,,0,100,,214,,,0,100,,215,,,0,100,,216,,,0,100,,217,,,0,100,,218,,,0,100,,219,,,0,100,,220,,,0,100,,221,,,0,100,,222,,,0,100,,223,,,0,100,,224,0,8 6 22,0
22201,'Fête-1-02',808,,240,,,0,100,,228,,,0,100,,227,,,0,100,,226,,,0,100,,229,,,0,100,,230,,,0,100,,231,,,0,100,,232,,,0,100,,233,,,0,100,,234,,,0,100,,235,,,0,100,,236,,,0,100,,237,,,0,100,,238,,,0,100,,239,0,8 6 22,0
22201,'Fête-2-02',557,,258,,,0,80,,241,,,0,70,,259,,,0,40,,242,,,0,80,,243,,,0,110,,244,,,0,100,,245,,,0,100,,246,,,0,100,,247,,,0,100,,248,,,0,100,,249,,,0,100,,250,,,0,100,,251,,,0,80,,260,,,0,35,,252,,,0,80,,253,,,0,105,,254,,,0,100,,255,,,0,100,,256,,,0,100,,257,0,8 6 22,0
22201,'Semaine-01',557,,279,,,0,80,,262,,,0,70,,280,,,0,40,,263,,,0,80,,264,,,0,110,,265,,,0,100,,266,,,0,100,,267,,,0,100,,268,,,0,100,,269,,,0,100,,270,,,0,100,,271,,,0,100,,272,,,0,80,,281,,,0,35,,273,,,0,80,,274,,,0,105,,275,,,0,100,,276,,,0,100,,277,,,0,100,,278,0,8 6 22,0
22201,'Semaine-50',557,,300,,,0,80,,283,,,0,70,,301,,,0,40,,284,,,0,80,,285,,,0,110,,286,,,0,100,,287,,,0,100,,288,,,0,100,,289,,,0,100,,290,,,0,100,,291,,,0,100,,292,,,0,100,,293,,,0,80,,302,,,0,35,,294,,,0,80,,295,,,0,105,,296,,,0,100,,297,,,0,100,,298,,,0,100,,299,0,8 6 22,0
22201,'Week-end-01',808,,318,,,0,100,,306,,,0,100,,305,,,0,100,,304,,,0,100,,307,,,0,100,,308,,,0,100,,309,,,0,100,,310,,,0,100,,311,,,0,100,,312,,,0,100,,313,,,0,100,,314,,,0,100,,315,,,0,100,,316,,,0,100,,317,0,8 6 22,0
22201,'Week-end-50',808,,333,,,0,100,,321,,,0,100,,320,,,0,100,,319,,,0,100,,322,,,0,100,,323,,,0,100,,324,,,0,100,,325,,,0,100,,326,,,0,100,,327,,,0,100,,328,,,0,100,,329,,,0,100,,330,,,0,100,,331,,,0,100,,332,0,8 6 22,0
60000,'Fête-1-01',654,,5813,,,0,100,,5812,,,0,100,,5811,,,0,100,,5810,,,0,100,,5809,,,0,100,,5808,,,0,100,,5807,,,0,100,,5806,,,0,100,,5805,,,0,100,,5804,,,0,100,,5803,,,0,100,,5802,,,0,100,,5801,,,0,100,,5800,,,0,100,,5799,,,0,100,,5797,,,0,88,,5798,,,0
60000,'Fête-1-02',654,,5830,,,0,100,,5829,,,0,100,,5828,,,0,100,,5827,,,0,100,,5826,,,0,100,,5825,,,0,100,,5824,,,0,100,,5823,,,0,100,,5822,,,0,100,,5821,,,0,100,,5820,,,0,100,,5819,,,0,100,,5818,,,0,100,,5817,,,0,100,,5816,,,0,100,,5814,,,0,88,,5815,,,0
60000,'Fête-2-02',535,,5836,,,0,89,,5838,,,0,30,,5840,,,0,70,,5842,,,0,30,,5844,,,0,70,,5846,,,0,30,,5847,,,0,100,,5848,,,0,100,,5849,,,0,100,,5850,,,0,100,,5851,,,0,100,,5852,,,0,100,,5853,,,0,100,,5835,,,0,70,,5834,,,0,30,,5833,,,0,70,,5831,,,0,30,,5832,,,0,100,,5845,,,0,100,,5843,,,0,100,,5841,,,0,96,,5839,,,0,104,,5837,,,0
60000,'Semaine-01',535,,5860,,,0,19,,5861,,,0,70,,5863,,,0,30,,5865,,,0,70,,5867,,,0,30,,5869,,,0,70,,5871,,,0,30,,5872,,,0,100,,5873,,,0,100,,5874,,,0,100,,5875,,,0,70,,5876,,,0,30,,5877,,,0,70,,5878,,,0,100,,5879,,,0,30,,5880,,,0,70,,5859,,,0,30,,5858,,,0,70,,5857,,,0,30,,5856,,,0,70,,5854,,,0,30,,5855,,,0,100,,5870,,,0,100,,5868,,,0,100,,5866,,,0,96,,5864,,,0,104,,5862,,,0
60000,'Semaine-50',535,,5887,,,0,19,,5888,,,0,70,,5890,,,0,30,,5892,,,0,70,,5894,,,0,30,,5896,,,0,70,,5898,,,0,30,,5899,,,0,100,,5900,,,0,100,,5901,,,0,100,,5902,,,0,70,,5903,,,0,30,,5904,,,0,70,,5905,,,0,100,,5906,,,0,30,,5907,,,0,70,,5886,,,0,30,,5885,,,0,70,,5884,,,0,30,,5883,,,0,70,,5881,,,0,30,,5882,,,0,100,,5897,,,0,100,,5895,,,0,100,,5893,,,0,96,,5891,,,0,104,,5889,,,0
60000,'Week-end-01',654,,5924,,,0,100,,5923,,,0,100,,5922,,,0,100,,5921,,,0,100,,5920,,,0,100,,5919,,,0,100,,5918,,,0,100,,5917,,,0,100,,5916,,,0,100,,5915,,,0,100,,5914,,,0,100,,5913,,,0,100,,5912,,,0,100,,5911,,,0,100,,5910,,,0,100,,5908,,,0,88,,5909,,,0
60000,'Week-end-50',654,,5941,,,0,100,,5940,,,0,100,,5939,,,0,100,,5938,,,0,100,,5937,,,0,100,,5936,,,0,100,,5935,,,0,100,,5934,,,0,100,,5933,,,0,100,,5932,,,0,100,,5931,,,0,100,,5930,,,0,100,,5929,,,0,100,,5928,,,0,100,,5927,,,0,100,,5925,,,0,88,,5926,,,0
