24900,'Fête-1-01',821,,18919,330,0,5,0,130,,18920,330,0,5,0,170,,18929,330,0,5,0,130,,18921,330,0,5,0,170,,18922,330,0,5,0,130,,18923,330,0,5,0,170,,18924,330,0,5,0,130,,18925,330,0,5,0,170,,18926,330,0,5,0,130,,18927,330,0,5,0,170,,18928,330,0,5,0
24900,'Semaine-01',657,,18931,330,,,0,65,,18932,330,,,0,33,,18933,330,,,0,98,,18934,330,,,0,173,,18935,330,,,0,99,,18936,330,,,0,101,,18937,330,,,0,100,,18938,330,,,0,100,,18939,330,,,0,108,,18940,330,,,0,75,,18941,330,,,0,36,,18942,330,,,0,91,,18943,330,,,0,72,,18944,330,,,0,34,,18945,330,,,0,90,,18946,330,,,0,99,,18947,330,,,0,97,,18948,330,,,0,100,,18949,330,,,0,99,,18930,330,,,0
24900,'Semaine-02',657,,18951,330,,,0,65,,18952,330,,,0,33,,18953,330,,,0,98,,18954,330,,,0,173,,18955,330,,,0,99,,18956,330,,,0,101,,18957,330,,,0,100,,18958,330,,,0,100,,18959,330,,,0,108,,18960,330,,,0,75,,18961,330,,,0,36,,18962,330,,,0,91,,18963,330,,,0,72,,18964,330,,,0,34,,18965,330,,,0,90,,18966,330,,,0,99,,18967,330,,,0,97,,18968,330,,,0,100,,18969,330,,,0,99,,18950,330,,,0
24900,'Week-end-01',821,,18970,330,0,5,0,130,,18971,330,0,5,0,170,,18980,330,0,5,0,130,,18972,330,0,5,0,170,,18973,330,0,5,0,130,,18974,330,0,5,0,170,,18975,330,0,5,0,130,,18976,330,0,5,0,170,,18977,330,0,5,0,130,,18978,330,0,5,0,170,,18979,330,0,5,0
25300,'Semaine-01',1622,,19301,130,4,,0,96,,19302,130,4,,0,26,,19300,130,4,,0,82,,19304,130,4,,0,28,,19303,130,4,,0,99,,19299,130,4,,0
25300,'Semaine-02',1622,,19307,130,4,,0,96,,19308,130,4,,0,26,,19306,130,4,,0,82,,19310,130,4,,0,28,,19309,130,4,,0,99,,19305,130,4,,0
61000,'Fête-1-01',822,,20495,260,,,0,100,,20496,260,,,0,99,,20497,260,,,0,100,,20498,260,,,0,100,,20499,260,,,0,100,,20500,260,,,0,101,,20501,260,,,0,100,,20502,260,,,0,100,,20503,260,,,0,100,,20504,260,,,0,98,,20505,260,,,0,100,,20506,260,,,0,100,,20507,260,,,0,100,,20508,260,,,0,100,,20509,260,,,0,100,,20510,260,,,0
61000,'Semaine-01',618,,20511,260,,,0,99,,20512,260,,,0,101,,20513,260,,,0,96,,20514,260,,,0,100,,20515,260,,,0,101,,20516,260,,,0,100,,20517,260,,,0,100,,20518,260,,,0,101,,20519,260,,,0,102,,20520,260,,,0,91,,20521,260,,,0,103,,20522,260,,,0,106,,20523,260,,,0,102,,20524,260,,,0,99,,20525,260,,,0,100,,20526,260,,,0,100,,20527,260,,,0,104,,20528,260,,,0
61000,'Semaine-02',618,,20529,260,,,0,99,,20530,260,,,0,101,,20531,260,,,0,96,,20532,260,,,0,100,,20533,260,,,0,101,,20534,260,,,0,100,,20535,260,,,0,100,,20536,260,,,0,101,,20537,260,,,0,102,,20538,260,,,0,91,,20539,260,,,0,103,,20540,260,,,0,106,,20541,260,,,0,102,,20542,260,,,0,99,,20543,260,,,0,100,,20544,260,,,0,100,,20545,260,,,0,104,,20546,260,,,0
61000,'Week-end-01',822,,20547,260,,,0,100,,20548,260,,,0,99,,20549,260,,,0,100,,20550,260,,,0,100,,20551,260,,,0,100,,20552,260,,,0,101,,20553,260,,,0,100,,20554,260,,,0,100,,20555,260,,,0,100,,20556,260,,,0,98,,20557,260,,,0,100,,20558,260,,,0,100,,20559,260,,,0,100,,20560,260,,,0,100,,20561,260,,,0,100,,20562,260,,,0
