'LA-H25-LAGTFS-Dimanche-01',10000,85100,4,'',0,10000,4,'',0,10000,4,'',0,10000,4,'',0,10000,4,'',0,10000,4,'',0,10000,4,'',0,10000,4,'',0,10000,4,'',0,10000,4,'',0,10000,4,'',0,10000,4,'',0,10000,4,'',0,10000,4,'',0,10000,4,'',0
'LA-H25-LAGTFS-Dimanche-01',10001,80200,,'',0,9800,,'',0,10000,,'',0,10000,,'',0,10000,,'',0,10000,,'',0,10000,,'',0,10000,,'',0,10000,,'',0,10000,,'',0,10000,,'',0,10000,,'',0,10000,,'',0,10000,,'',0,10000,,'',0
'LA-H25-LAGTFS-Fête-1-01',10000,85100,4,'',0,10000,4,'',0,10000,4,'',0,10000,4,'',0,10000,4,'',0,10000,4,'',0,10000,4,'',0,10000,4,'',0,10000,4,'',0,10000,4,'',0,10000,4,'',0,10000,4,'',0,10000,4,'',0,10000,4,'',0,10000,4,'',0
'LA-H25-LAGTFS-Fête-1-01',10001,80200,,'',0,9800,,'',0,10000,,'',0,10000,,'',0,10000,,'',0,10000,,'',0,10000,,'',0,10000,,'',0,10000,,'',0,10000,,'',0,10000,,'',0,10000,,'',0,10000,,'',0,10000,,'',0,10000,,'',0
'LA-H25-LAGTFS-Fête-2-01',10000,65700,4,'',0,9400,4,'',0,10000,4,'',0,10000,4,'',0,10000,4,'',0,10000,4,'',0,10000,4,'',0,10000,4,'',0,10000,4,'',0,10000,4,'',0,10000,4,'',0,10000,4,'',0,10000,4,'',0,10000,4,'',0,10000,4,'',0,10000,4,'',0,10000,4,'',0
'LA-H25-LAGTFS-Fête-2-01',10001,60800,,'',0,9500,,'',0,9700,,'',0,10000,,'',0,10000,,'',0,10000,,'',0,10000,,'',0,10000,,'',0,10000,,'',0,10000,,'',0,10000,,'',0,10000,,'',0,10000,,'',0,10000,,'',0,10000,,'',0,10000,,'',0,10000,,'',0
'LA-H25-LAGTFS-Samedi-01',10000,85100,4,'',0,10000,4,'',0,10000,4,'',0,10000,4,'',0,10000,4,'',0,10000,4,'',0,10000,4,'',0,10000,4,'',0,10000,4,'',0,10000,4,'',0,10000,4,'',0,10000,4,'',0,10000,4,'',0,10000,4,'',0,10000,4,'',0
'LA-H25-LAGTFS-Samedi-01',10001,80200,,'',0,9800,,'',0,10000,,'',0,10000,,'',0,10000,,'',0,10000,,'',0,10000,,'',0,10000,,'',0,10000,,'',0,10000,,'',0,10000,,'',0,10000,,'',0,10000,,'',0,10000,,'',0,10000,,'',0
'LA-H25-LAGTFS-Semaine-01',10000,63100,4,'',0,2300,4,'',0,7800,4,'',0,2100,4,'',0,7600,4,'',0,2800,4,'',0,9400,4,'',0,10000,4,'',0,10000,4,'',0,10000,4,'',0,10000,4,'',0,10000,4,'',0,10500,4,'',0,7300,4,'',0,7600,4,'',0,3400,4,'',0,6300,4,'',0,3500,4,'',0,6600,4,'',0,3500,4,'',0,9900,4,'',0,10000,4,'',0,9800,4,'',0
'LA-H25-LAGTFS-Semaine-01',10001,54200,,'',0,6300,,'',0,3700,,'',0,5800,,'',0,3800,,'',0,6700,,'',0,9500,,'',0,5800,,'',0,10000,,'',0,10000,,'',0,10000,,'',0,14200,,'',0,10200,,'',0,3300,,'',0,7400,,'',0,3600,,'',0,6500,,'',0,3500,,'',0,6500,,'',0,3600,,'',0,9900,,'',0,10000,,'',0,10000,,'',0
'LA-H25-LAGTFS-Semaine-03',10000,63100,4,'',0,2300,4,'',0,7800,4,'',0,2100,4,'',0,7600,4,'',0,2800,4,'',0,9400,4,'',0,10000,4,'',0,10000,4,'',0,10000,4,'',0,10000,4,'',0,10000,4,'',0,10500,4,'',0,7300,4,'',0,7600,4,'',0,3400,4,'',0,6300,4,'',0,3500,4,'',0,6600,4,'',0,3500,4,'',0,9900,4,'',0,10000,4,'',0,9800,4,'',0
'LA-H25-LAGTFS-Semaine-03',10001,54200,,'',0,6300,,'',0,3700,,'',0,5800,,'',0,3800,,'',0,6700,,'',0,9500,,'',0,5800,,'',0,10000,,'',0,10000,,'',0,10000,,'',0,14200,,'',0,10200,,'',0,3300,,'',0,7400,,'',0,3600,,'',0,6500,,'',0,3500,,'',0,6500,,'',0,3600,,'',0,9900,,'',0,10000,,'',0,10000,,'',0
'LA-H25-LAGTFS-Fête-2-01',2000010000,132800,4,'',0
'LA-H25-LAGTFS-Fête-2-01',2000010001,102700,,'',0
'LA-H25-LAGTFS-Semaine-01',2000010000,132800,4,'',0
'LA-H25-LAGTFS-Semaine-01',2000010001,102700,,'',0
'LA-H25-LAGTFS-Semaine-03',2000010000,132800,4,'',0
'LA-H25-LAGTFS-Semaine-03',2000010001,102700,,'',0
