25001,'Fête-1-01',715,,19147,140,,,0,99,,19131,140,,,0,30,,19134,140,,,0,99,,19141,140,,,0,70,,19142,140,,,0,101,,19133,140,,,0,30,,19136,140,,,0,100,,19144,140,,,0,70,,19145,140,,,0,100,,19132,140,,,0,29,,19143,140,,,0,100,,19135,140,,,0,71,,19140,140,,,0,101,,19146,140,,,0,30,,19137,140,,,0,100,,19138,140,,,0,70,,19130,140,,,0,101,,19139,140,,,0,30,,19148,140,,,0,101,,19129,140,,,0,70,,19149,140,,,0
25001,'Semaine-01',539,,19150,140,,,0,65,,19151,140,,,0,28,,19152,140,0,8 27 75,0,21,,19153,140,,,0,85,,19154,140,,,0,96,,19155,140,,,0,72,,19156,140,,,0,96,,19157,140,,,0,100,,19158,140,,,0,103,,19159,140,,,0,100,,19160,140,,,0,102,,19161,140,,,0,115,,19162,140,,,0,99,,19163,140,,,0,26,,19164,140,,,0,70,,19165,140,,,0,28,,19166,140,,,0,84,,19167,140,,,0,87,,19168,140,,,0,108,,19169,140,,,0,93,,19170,140,,,0,101,,19171,140,,,0
25001,'Semaine-02',539,,19172,140,,,0,65,,19173,140,,,0,28,,19174,140,0,8 27 75,0,21,,19175,140,,,0,85,,19176,140,,,0,96,,19177,140,,,0,72,,19178,140,,,0,96,,19179,140,,,0,100,,19180,140,,,0,103,,19181,140,,,0,100,,19182,140,,,0,102,,19183,140,,,0,115,,19184,140,,,0,99,,19185,140,,,0,26,,19186,140,,,0,70,,19187,140,,,0,28,,19188,140,,,0,84,,19189,140,,,0,87,,19190,140,,,0,108,,19191,140,,,0,93,,19192,140,,,0,101,,19193,140,,,0
25001,'Week-end-01',715,,19212,140,,,0,99,,19196,140,,,0,30,,19199,140,,,0,99,,19206,140,,,0,70,,19207,140,,,0,101,,19198,140,,,0,30,,19201,140,,,0,100,,19209,140,,,0,70,,19210,140,,,0,100,,19197,140,,,0,29,,19208,140,,,0,100,,19200,140,,,0,71,,19205,140,,,0,101,,19211,140,,,0,30,,19202,140,,,0,100,,19203,140,,,0,70,,19195,140,,,0,101,,19204,140,,,0,30,,19213,140,,,0,101,,19194,140,,,0,70,,19214,140,,,0
31700,'Semaine-01',652,,20270,100,,,0,70,,20271,100,,,0,110,,20272,100,,,0,290,,20273,100,,,0,300,,20274,100,,,0
31700,'Semaine-02',652,,20276,100,,,0,70,,20277,100,,,0,110,,20278,100,,,0,290,,20279,100,,,0,300,,20280,100,,,0
31701,'Semaine-01',1233,,20284,110,,,0,270,,20289,110,,,0,100,,20285,110,,,0,130,,20286,110,,,0,100,,20287,110,,,0,475,,20288,110,,,0
31701,'Semaine-02',1233,,20291,110,,,0,270,,20296,110,,,0,100,,20292,110,,,0,130,,20293,110,,,0,100,,20294,110,,,0,475,,20295,110,,,0
51401,'Semaine-01',530,,20307,140,,,0,95,,20308,140,,,0,34,,20309,140,,,0
51401,'Semaine-02',530,,20310,140,,,0,95,,20311,140,,,0,34,,20312,140,,,0
