23101,'Semaine-03',611,,15464,20,,,0,30,,15465,20,,,0,70,,15466,20,,,0,30,,15467,20,,,0,70,,15468,20,,,0,95,,15469,20,,,0,100,,15470,20,,,0,100,,15471,20,,,0,100,,15472,20,,,0,100,,15473,20,,,0,100,,15474,20,,,0,100,,15475,20,,,0,48,,15476,20,,,0,67,,15477,20,,,0,33,,15478,20,,,0,67,,15479,20,,,0,33,,15480,20,,,0,67,,15481,20,,,0,85,,15482,20,,,0,100,,15483,20,,,0,100,,15484,20,,,0,100,,15485,20,,,0,37,,15486,20,0,8 45 1 46,0
23101,'Semaine-53',611,,12161,20,,,0,30,,12162,20,,,0,70,,12163,20,,,0,30,,12164,20,,,0,70,,12165,20,,,0,95,,12166,20,,,0,100,,12167,20,,,0,100,,12168,20,,,0,100,,12169,20,,,0,100,,12170,20,,,0,100,,12171,20,,,0,100,,12172,20,,,0,48,,12173,20,,,0,67,,12174,20,,,0,33,,12175,20,,,0,67,,12176,20,,,0,33,,12177,20,,,0,67,,12178,20,,,0,85,,12179,20,,,0,100,,12180,20,,,0,100,,12181,20,,,0,100,,12182,20,,,0,37,,12183,20,0,8 45 1 46,0
23101,'Week-end-03',836,,15494,20,,,0,100,,15493,20,,,0,100,,15495,20,,,0,100,,15491,20,,,0,100,,15496,20,,,0,100,,15490,20,,,0,100,,15497,20,,,0,100,,15489,20,,,0,100,,15498,20,,,0,100,,15492,20,,,0,100,,15499,20,,,0,100,,15488,20,,,0,100,,15500,20,,,0,100,,15487,20,,,0,100,,15501,20,0,8 45 1 46,0
23101,'Week-end-53',836,,12191,20,,,0,100,,12190,20,,,0,100,,12192,20,,,0,100,,12188,20,,,0,100,,12193,20,,,0,100,,12187,20,,,0,100,,12194,20,,,0,100,,12186,20,,,0,100,,12195,20,,,0,100,,12189,20,,,0,100,,12196,20,,,0,100,,12185,20,,,0,100,,12197,20,,,0,100,,12184,20,,,0,100,,12198,20,0,8 45 1 46,0
23500,'Semaine-03',606,,15586,20,,,0,27,,15585,20,,,0,73,,15588,20,,,0,30,,15587,20,,,0,70,,15590,20,,,0,30,,15589,20,,,0,100,,15591,20,,,0,100,,15592,20,,,0,100,,15593,20,,,0,100,,15594,20,,,0,100,,15595,20,,,0,100,,15596,20,,,0,100,,15597,20,,,0,70,,15599,20,,,0,30,,15598,20,,,0,70,,15601,20,,,0,31,,15600,20,,,0,70,,15603,20,,,0,29,,15602,20,,,0,100,,15604,20,,,0,100,,15605,20,,,0,100,,15606,20,,,0,107,,15607,20,,,0
23500,'Semaine-53',606,,12329,20,,,0,27,,12328,20,,,0,73,,12331,20,,,0,30,,12330,20,,,0,70,,12333,20,,,0,30,,12332,20,,,0,100,,12334,20,,,0,100,,12335,20,,,0,100,,12336,20,,,0,100,,12337,20,,,0,100,,12338,20,,,0,100,,12339,20,,,0,100,,12340,20,,,0,70,,12342,20,,,0,30,,12341,20,,,0,70,,12344,20,,,0,31,,12343,20,,,0,70,,12346,20,,,0,29,,12345,20,,,0,100,,12347,20,,,0,100,,12348,20,,,0,100,,12349,20,,,0,107,,12350,20,,,0
23500,'Week-end-03',836,,15616,20,,,0,100,,15612,20,,,0,100,,15617,20,,,0,100,,15618,20,,,0,100,,15621,20,,,0,100,,15619,20,,,0,100,,15620,20,,,0,100,,15614,20,,,0,100,,15615,20,,,0,100,,15613,20,,,0,100,,15608,20,,,0,100,,15610,20,,,0,100,,15611,20,,,0,100,,15609,20,,,0,100,,15622,20,,,0
23500,'Week-end-53',836,,12359,20,,,0,100,,12355,20,,,0,100,,12360,20,,,0,100,,12361,20,,,0,100,,12364,20,,,0,100,,12362,20,,,0,100,,12363,20,,,0,100,,12357,20,,,0,100,,12358,20,,,0,100,,12356,20,,,0,100,,12351,20,,,0,100,,12353,20,,,0,100,,12354,20,,,0,100,,12352,20,,,0,100,,12365,20,,,0
70901,'Semaine-03',1007,,17197,20,,,0,30,,17198,20,,,0,15,,17199,20,,,0,55,,17200,20,,,0,15,,17201,20,,,0,15,,17236,20,,,0,15,,17202,20,,,0,55,,17237,20,,,0,30,,17203,20,,,0,15,,17204,20,,,0,55,,17205,20,,,0,30,,17228,20,,,0,70,,17229,20,,,0,30,,17230,20,,,0,15,,17231,20,,,0,55,,17232,20,,,0,30,,17227,20,,,0,15,,17207,20,,,0,55,,17206,20,,,0,15,,17208,20,,,0,15,,17209,20,,,0,15,,17210,20,,,0,50,,17211,20,,,0,15,,17212,20,,,0,15,,17234,20,,,0,15,,17235,20,,,0,55,,17213,20,,,0,20,,17214,20,,,0,15,,17215,20,,,0,15,,17216,20,,,0
70901,'Semaine-53',1007,,14829,20,,,0,30,,14830,20,,,0,15,,14831,20,,,0,55,,14832,20,,,0,15,,14833,20,,,0,15,,14868,20,,,0,15,,14834,20,,,0,55,,14869,20,,,0,30,,14835,20,,,0,15,,14836,20,,,0,55,,14837,20,,,0,30,,14860,20,,,0,70,,14861,20,,,0,30,,14862,20,,,0,15,,14863,20,,,0,55,,14864,20,,,0,30,,14859,20,,,0,15,,14839,20,,,0,55,,14838,20,,,0,15,,14840,20,,,0,15,,14841,20,,,0,15,,14842,20,,,0,50,,14843,20,,,0,15,,14844,20,,,0,15,,14866,20,,,0,15,,14867,20,,,0,55,,14845,20,,,0,20,,14846,20,,,0,15,,14847,20,,,0,15,,14848,20,,,0
