23001,'Semaine-03',617,,15433,150,,,0,32,,15426,150,,,0,70,,15427,150,,,0,30,,15428,150,,,0,70,,15429,150,,,0,29,,15430,150,,,0,70,,15431,150,,,0,100,,15432,150,,,0,100,,15442,150,,,0,100,,15443,150,,,0,100,,15444,150,,,0,100,,15445,150,,,0,100,,15446,150,,,0,101,,15448,150,,,0,30,,15438,150,,,0,70,,15439,150,,,0,30,,15440,150,,,0,70,,15441,150,,,0,28,,15437,150,,,0,70,,15447,150,,,0,30,,15436,150,,,0,100,,15435,150,,,0,100,,15434,150,,,0,100,,15425,150,,,0
23001,'Semaine-53',617,,12115,150,,,0,32,,12108,150,,,0,70,,12109,150,,,0,30,,12110,150,,,0,70,,12111,150,,,0,29,,12112,150,,,0,70,,12113,150,,,0,100,,12114,150,,,0,100,,12124,150,,,0,100,,12125,150,,,0,100,,12126,150,,,0,100,,12127,150,,,0,100,,12128,150,,,0,101,,12130,150,,,0,30,,12120,150,,,0,70,,12121,150,,,0,30,,12122,150,,,0,70,,12123,150,,,0,28,,12119,150,,,0,70,,12129,150,,,0,30,,12118,150,,,0,100,,12117,150,,,0,100,,12116,150,,,0,100,,12107,150,,,0
23001,'Week-end-03',812,,15450,150,,,0,101,,15462,150,,,0,100,,15451,150,,,0,101,,15456,150,,,0,102,,15463,150,,,0,100,,15457,150,,,0,100,,15458,150,,,0,99,,15459,150,,,0,100,,15461,150,,,0,99,,15454,150,,,0,100,,15455,150,,,0,98,,15460,150,,,0,99,,15453,150,,,0,100,,15452,150,,,0,100,,15449,150,,,0
23001,'Week-end-53',812,,12132,150,,,0,101,,12144,150,,,0,100,,12133,150,,,0,101,,12138,150,,,0,102,,12145,150,,,0,100,,12139,150,,,0,100,,12140,150,,,0,99,,12141,150,,,0,100,,12143,150,,,0,99,,12136,150,,,0,100,,12137,150,,,0,98,,12142,150,,,0,99,,12135,150,,,0,100,,12134,150,,,0,100,,12131,150,,,0
23701,'Semaine-03',557,,15714,40,,,0,73,,15695,40,,,0,73,,15715,40,,,0,33,,15709,40,,,0,64,,15710,40,,,0,33,,15696,40,,,0,100,,15712,40,,,0,98,,15711,40,,,0,100,,15697,40,,,0,100,,15698,40,,,0,100,,15699,40,,,0,100,,15700,40,,,0,105,,15701,40,,,0,100,,15702,40,,,0,73,,15706,40,,,0,33,,15703,40,,,0,109,,15707,40,,,0,150,,15704,40,,,0,100,,15708,40,,,0,100,,15705,40,,,0
23701,'Semaine-53',557,,12502,40,,,0,73,,12483,40,,,0,73,,12503,40,,,0,33,,12497,40,,,0,64,,12498,40,,,0,33,,12484,40,,,0,100,,12500,40,,,0,98,,12499,40,,,0,100,,12485,40,,,0,100,,12486,40,,,0,100,,12487,40,,,0,100,,12488,40,,,0,105,,12489,40,,,0,100,,12490,40,,,0,73,,12494,40,,,0,33,,12491,40,,,0,109,,12495,40,,,0,150,,12492,40,,,0,100,,12496,40,,,0,100,,12493,40,,,0
23701,'Week-end-03',905,,15728,40,,,0,98,,15719,40,,,0,101,,15725,40,,,0,100,,15727,40,,,0,100,,15716,40,,,0,100,,15718,40,,,0,100,,15717,40,,,0,100,,15724,40,,,0,100,,15720,40,,,0,100,,15722,40,,,0,100,,15723,40,,,0,101,,15726,40,,,0,99,,15721,40,,,0,100,,15729,40,,,0
23701,'Week-end-53',905,,12516,40,,,0,98,,12507,40,,,0,101,,12513,40,,,0,100,,12515,40,,,0,100,,12504,40,,,0,100,,12506,40,,,0,100,,12505,40,,,0,100,,12512,40,,,0,100,,12508,40,,,0,100,,12510,40,,,0,100,,12511,40,,,0,101,,12514,40,,,0,99,,12509,40,,,0,100,,12517,40,,,0
70901,'Semaine-03',422,,17177,40,,,0,30,,17226,40,,,0,60,,17174,40,,,0,10,,17173,40,,,0,10,,17175,40,,,0,10,,17176,40,,,0,10,,17178,40,,,0,50,,17179,40,,,0,10,,17180,40,,,0,10,,17181,40,,,0,15,,17182,40,,,0,10,,17183,40,,,0,10,,17184,40,,,0,50,,17185,40,,,0,10,,17186,40,,,0,10,,17187,40,,,0,10,,17188,40,,,0,10,,17189,40,,,0,10,,17190,40,,,0,50,,17191,40,,,0,15,,17192,40,,,0,15,,17194,40,,,0,15,,17233,40,,,0,55,,17193,40,,,0,30,,17195,40,,,0,15,,17196,40,,,0,62,,17197,70,,,0,30,,17198,70,,,0,15,,17199,70,,,0,55,,17200,70,,,0,15,,17201,70,,,0,15,,17236,70,,,0,15,,17202,70,,,0,55,,17237,70,,,0,30,,17203,70,,,0,15,,17204,70,,,0,55,,17205,70,,,0,30,,17228,70,,,0,70,,17229,70,,,0,30,,17230,70,,,0,15,,17231,70,,,0,55,,17232,70,,,0,30,,17227,70,,,0,15,,17207,70,,,0,55,,17206,70,,,0,15,,17208,70,,,0,15,,17209,70,,,0,15,,17210,70,,,0,50,,17211,70,,,0,15,,17212,70,,,0,15,,17234,70,,,0,15,,17235,70,,,0,55,,17213,70,,,0,20,,17214,70,,,0,15,,17215,70,,,0,15,,17216,70,,,0,63,,17217,40,,,0,30,,17218,40,,,0,55,,17219,40,,,0,30,,17220,40,,,0,70,,17221,40,,,0,30,,17222,40,,,0,85,,17223,40,,,0,100,,17224,40,,,0,108,,17225,40,,,0
70901,'Semaine-53',422,,14809,40,,,0,30,,14858,40,,,0,60,,14806,40,,,0,10,,14805,40,,,0,10,,14807,40,,,0,10,,14808,40,,,0,10,,14810,40,,,0,50,,14811,40,,,0,10,,14812,40,,,0,10,,14813,40,,,0,15,,14814,40,,,0,10,,14815,40,,,0,10,,14816,40,,,0,50,,14817,40,,,0,10,,14818,40,,,0,10,,14819,40,,,0,10,,14820,40,,,0,10,,14821,40,,,0,10,,14822,40,,,0,50,,14823,40,,,0,15,,14824,40,,,0,15,,14826,40,,,0,15,,14865,40,,,0,55,,14825,40,,,0,30,,14827,40,,,0,15,,14828,40,,,0,62,,14829,70,,,0,30,,14830,70,,,0,15,,14831,70,,,0,55,,14832,70,,,0,15,,14833,70,,,0,15,,14868,70,,,0,15,,14834,70,,,0,55,,14869,70,,,0,30,,14835,70,,,0,15,,14836,70,,,0,55,,14837,70,,,0,30,,14860,70,,,0,70,,14861,70,,,0,30,,14862,70,,,0,15,,14863,70,,,0,55,,14864,70,,,0,30,,14859,70,,,0,15,,14839,70,,,0,55,,14838,70,,,0,15,,14840,70,,,0,15,,14841,70,,,0,15,,14842,70,,,0,50,,14843,70,,,0,15,,14844,70,,,0,15,,14866,70,,,0,15,,14867,70,,,0,55,,14845,70,,,0,20,,14846,70,,,0,15,,14847,70,,,0,15,,14848,70,,,0,63,,14849,40,,,0,30,,14850,40,,,0,55,,14851,40,,,0,30,,14852,40,,,0,70,,14853,40,,,0,30,,14854,40,,,0,85,,14855,40,,,0,100,,14856,40,,,0,108,,14857,40,,,0
70901,'Week-end-03',553,,17238,40,,,0,70,,17239,40,,,0,29,,17240,40,,,0,70,,17241,40,,,0,30,,17242,40,,,0,55,,17243,40,,,0,30,,17244,40,,,0,70,,17245,40,,,0,30,,17246,40,,,0,70,,17247,40,,,0,30,,17248,40,,,0,70,,17249,40,,,0,30,,17250,40,,,0,70,,17251,40,,,0,30,,17252,40,,,0,70,,17253,40,,,0,30,,17254,40,,,0,70,,17255,40,,,0,30,,17256,40,,,0,70,,17257,40,,,0,30,,17258,40,,,0,70,,17259,40,,,0,30,,17260,40,,,0,70,,17261,40,,,0,30,,17262,40,,,0,70,,17263,40,,,0,31,,17264,40,,,0,70,,17265,40,,,0,30,,17266,40,,,0,71,,17267,40,,,0,30,,17268,40,,,0,70,,17269,40,,,0,30,,17270,40,,,0,71,,17271,40,,,0,30,,17272,40,,,0,70,,17273,40,,,0,111,,17274,40,,,0
70901,'Week-end-53',553,,14870,40,,,0,70,,14871,40,,,0,29,,14872,40,,,0,70,,14873,40,,,0,30,,14874,40,,,0,55,,14875,40,,,0,30,,14876,40,,,0,70,,14877,40,,,0,30,,14878,40,,,0,70,,14879,40,,,0,30,,14880,40,,,0,70,,14881,40,,,0,30,,14882,40,,,0,70,,14883,40,,,0,30,,14884,40,,,0,70,,14885,40,,,0,30,,14886,40,,,0,70,,14887,40,,,0,30,,14888,40,,,0,70,,14889,40,,,0,30,,14890,40,,,0,70,,14891,40,,,0,30,,14892,40,,,0,70,,14893,40,,,0,30,,14894,40,,,0,70,,14895,40,,,0,31,,14896,40,,,0,70,,14897,40,,,0,30,,14898,40,,,0,71,,14899,40,,,0,30,,14900,40,,,0,70,,14901,40,,,0,30,,14902,40,,,0,71,,14903,40,,,0,30,,14904,40,,,0,70,,14905,40,,,0,111,,14906,40,,,0
