25001,'Fête-1-01',719,,19147,230,,,0,99,,19131,230,,,0,30,,19134,230,,,0,99,,19141,230,,,0,70,,19142,230,,,0,101,,19133,230,,,0,30,,19136,230,,,0,100,,19144,230,,,0,70,,19145,230,,,0,100,,19132,230,,,0,29,,19143,230,,,0,100,,19135,230,,,0,71,,19140,230,,,0,101,,19146,230,,,0,30,,19137,230,,,0,100,,19138,230,,,0,70,,19130,230,,,0,101,,19139,230,,,0,30,,19148,230,,,0,101,,19129,230,,,0,70,,19149,230,,,0
25001,'Semaine-01',544,,19150,230,,,0,65,,19151,230,,,0,28,,19152,230,0,8 27 75,0,21,,19153,230,,,0,85,,19154,230,,,0,96,,19155,230,,,0,72,,19156,230,,,0,96,,19157,230,,,0,100,,19158,230,,,0,103,,19159,230,,,0,100,,19160,230,,,0,102,,19161,230,,,0,115,,19162,230,,,0,99,,19163,230,,,0,26,,19164,230,,,0,70,,19165,230,,,0,28,,19166,230,,,0,83,,19167,230,,,0,87,,19168,230,,,0,108,,19169,230,,,0,93,,19170,230,,,0,101,,19171,230,,,0
25001,'Semaine-02',544,,19172,230,,,0,65,,19173,230,,,0,28,,19174,230,0,8 27 75,0,21,,19175,230,,,0,85,,19176,230,,,0,96,,19177,230,,,0,72,,19178,230,,,0,96,,19179,230,,,0,100,,19180,230,,,0,103,,19181,230,,,0,100,,19182,230,,,0,102,,19183,230,,,0,115,,19184,230,,,0,99,,19185,230,,,0,26,,19186,230,,,0,70,,19187,230,,,0,28,,19188,230,,,0,83,,19189,230,,,0,87,,19190,230,,,0,108,,19191,230,,,0,93,,19192,230,,,0,101,,19193,230,,,0
25001,'Week-end-01',719,,19212,230,,,0,99,,19196,230,,,0,30,,19199,230,,,0,99,,19206,230,,,0,70,,19207,230,,,0,101,,19198,230,,,0,30,,19201,230,,,0,100,,19209,230,,,0,70,,19210,230,,,0,100,,19197,230,,,0,29,,19208,230,,,0,100,,19200,230,,,0,71,,19205,230,,,0,101,,19211,230,,,0,30,,19202,230,,,0,100,,19203,230,,,0,70,,19195,230,,,0,101,,19204,230,,,0,30,,19213,230,,,0,101,,19194,230,,,0,70,,19214,230,,,0
31700,'Semaine-01',655,,20270,190,,,0,70,,20271,190,,,0,110,,20272,190,,,0,290,,20273,190,,,0,300,,20274,190,,,0
31700,'Semaine-02',655,,20276,190,,,0,70,,20277,190,,,0,110,,20278,190,,,0,290,,20279,190,,,0,300,,20280,190,,,0
31701,'Semaine-01',1235,,20284,200,,,0,270,,20289,200,,,0,100,,20285,200,,,0,130,,20286,200,,,0,100,,20287,200,,,0,475,,20288,200,,,0
31701,'Semaine-02',1235,,20291,200,,,0,270,,20296,200,,,0,100,,20292,200,,,0,130,,20293,200,,,0,100,,20294,200,,,0,475,,20295,200,,,0
51401,'Semaine-01',534,,20307,230,,,0,95,,20308,230,,,0,74,,20309,230,,,0
51401,'Semaine-02',534,,20310,230,,,0,95,,20311,230,,,0,74,,20312,230,,,0
