24901,'Fête-1-02',737,,22109,330,,,0,168,,22110,330,,,0,130,,22111,330,,,0,170,,22112,330,,,0,130,,22113,330,,,0,170,,22114,330,,,0,130,,22115,330,,,0,170,,22116,330,,,0,130,,22117,330,,,0,170,,22118,330,,,0,130,,22119,330,,,0
24901,'Semaine-02',600,,19012,330,,,0,23,,19013,330,0,8 27 75,0,78,,19014,330,,,0,57,,19015,330,,,0,65,,19016,330,,,0,105,,19017,330,,,0,95,,19018,330,,,0,100,,19019,330,,,0,100,,19020,330,,,0,100,,19021,330,,,0,100,,19022,330,,,0,121,,19023,330,,,0,90,,19024,330,,,0,75,,19025,330,,,0,38,,19026,330,,,0,89,,19027,330,,,0,103,,19028,330,,,0,101,,19029,330,,,0,103,,19030,330,,,0,97,,19031,330,,,0
24901,'Semaine-03',600,,22120,330,,,0,23,,22121,330,0,8 27 75,0,78,,22122,330,,,0,57,,22123,330,,,0,65,,22124,330,,,0,105,,22125,330,,,0,95,,22126,330,,,0,100,,22127,330,,,0,100,,22128,330,,,0,100,,22129,330,,,0,100,,22130,330,,,0,121,,22131,330,,,0,90,,22132,330,,,0,75,,22133,330,,,0,38,,22134,330,,,0,89,,22135,330,,,0,103,,22136,330,,,0,101,,22137,330,,,0,103,,22138,330,,,0,97,,22139,330,,,0
24901,'Week-end-01',737,,19032,330,,,0,168,,19033,330,,,0,130,,19034,330,,,0,170,,19035,330,,,0,130,,19036,330,,,0,170,,19037,330,,,0,130,,19038,330,,,0,170,,19039,330,,,0,130,,19040,330,,,0,170,,19041,330,,,0,130,,19042,330,,,0
25301,'Semaine-02',523,,19316,190,,,0,95,,19319,190,,,0,26,,19320,190,,,0,77,,19317,190,,,0,20,,19318,190,,,0
25301,'Semaine-03',523,,22274,190,,,0,95,,22277,190,,,0,26,,22278,190,,,0,77,,22275,190,,,0,20,,22276,190,,,0
61001,'Fête-1-02',745,,22900,420,,,0,100,,22901,420,,,0,70,,22902,420,,,0,100,,22903,420,,,0,100,,22904,420,,,0,100,,22905,420,,,0,100,,22906,420,,,0,100,,22907,420,,,0,100,,22908,420,,,0,100,,22909,420,,,0,100,,22910,420,,,0,99,,22911,420,,,0,100,,22912,420,,,0,100,,22913,420,,,0,100,,22914,420,,,0,100,,22915,420,,,0,100,,22916,420,,,0
61001,'Semaine-02',549,,20599,420,,,0,70,,20600,420,,,0,100,,20601,420,,,0,99,,20602,420,,,0,99,,20603,420,,,0,100,,20604,420,,,0,99,,20605,420,,,0,100,,20606,420,,,0,100,,20607,420,,,0,100,,20608,420,,,0,101,,20609,420,,,0,101,,20610,420,,,0,103,,20611,420,,,0,99,,20612,420,,,0,96,,20613,420,,,0,100,,20614,420,,,0,100,,20615,420,,,0,100,,20616,420,,,0,100,,20617,420,,,0
61001,'Semaine-03',549,,22917,420,,,0,70,,22918,420,,,0,100,,22919,420,,,0,99,,22920,420,,,0,99,,22921,420,,,0,100,,22922,420,,,0,99,,22923,420,,,0,100,,22924,420,,,0,100,,22925,420,,,0,100,,22926,420,,,0,101,,22927,420,,,0,101,,22928,420,,,0,103,,22929,420,,,0,99,,22930,420,,,0,96,,22931,420,,,0,100,,22932,420,,,0,100,,22933,420,,,0,100,,22934,420,,,0,100,,22935,420,,,0
61001,'Week-end-01',745,,20618,420,,,0,100,,20619,420,,,0,70,,20620,420,,,0,100,,20621,420,,,0,100,,20622,420,,,0,100,,20623,420,,,0,100,,20624,420,,,0,100,,20625,420,,,0,100,,20626,420,,,0,100,,20627,420,,,0,100,,20628,420,,,0,99,,20629,420,,,0,100,,20630,420,,,0,100,,20631,420,,,0,100,,20632,420,,,0,100,,20633,420,,,0,100,,20634,420,,,0
