25001,'Fête-1-01',723,,19147,310,,,0,99,,19131,310,,,0,30,,19134,310,,,0,99,,19141,310,,,0,70,,19142,310,,,0,101,,19133,310,,,0,30,,19136,310,,,0,100,,19144,310,,,0,70,,19145,310,,,0,100,,19132,310,,,0,29,,19143,310,,,0,100,,19135,310,,,0,71,,19140,310,,,0,101,,19146,310,,,0,30,,19137,310,,,0,100,,19138,310,,,0,70,,19130,310,,,0,101,,19139,310,,,0,30,,19148,310,,,0,101,,19129,310,,,0,70,,19149,310,,,0
25001,'Semaine-01',548,,19150,310,,,0,65,,19151,310,,,0,28,,19152,310,0,8 27 75,0,62,,19153,310,,,0,45,,19154,310,,,0,96,,19155,310,,,0,71,,19156,310,,,0,96,,19157,310,,,0,100,,19158,310,,,0,103,,19159,310,,,0,100,,19160,310,,,0,102,,19161,310,,,0,115,,19162,310,,,0,99,,19163,310,,,0,26,,19164,310,,,0,70,,19165,310,,,0,28,,19166,310,,,0,83,,19167,310,,,0,87,,19168,310,,,0,108,,19169,310,,,0,93,,19170,310,,,0,101,,19171,310,,,0
25001,'Semaine-02',548,,19172,310,,,0,65,,19173,310,,,0,28,,19174,310,0,8 27 75,0,62,,19175,310,,,0,45,,19176,310,,,0,96,,19177,310,,,0,71,,19178,310,,,0,96,,19179,310,,,0,100,,19180,310,,,0,103,,19181,310,,,0,100,,19182,310,,,0,102,,19183,310,,,0,115,,19184,310,,,0,99,,19185,310,,,0,26,,19186,310,,,0,70,,19187,310,,,0,28,,19188,310,,,0,83,,19189,310,,,0,87,,19190,310,,,0,108,,19191,310,,,0,93,,19192,310,,,0,101,,19193,310,,,0
25001,'Week-end-01',723,,19212,310,,,0,99,,19196,310,,,0,30,,19199,310,,,0,99,,19206,310,,,0,70,,19207,310,,,0,101,,19198,310,,,0,30,,19201,310,,,0,100,,19209,310,,,0,70,,19210,310,,,0,100,,19197,310,,,0,29,,19208,310,,,0,100,,19200,310,,,0,71,,19205,310,,,0,101,,19211,310,,,0,30,,19202,310,,,0,100,,19203,310,,,0,70,,19195,310,,,0,101,,19204,310,,,0,30,,19213,310,,,0,101,,19194,310,,,0,70,,19214,310,,,0
31700,'Fête-1-01',1533,,20269,20,4,,0
31700,'Semaine-01',658,,20270,270,,,0,70,,20271,270,,,0,110,,20272,270,,,0,290,,20273,270,,,0,300,,20274,270,,,0
31700,'Semaine-01-1010100',1533,,20275,20,4,,0
31700,'Semaine-02',658,,20276,270,,,0,70,,20277,270,,,0,110,,20278,270,,,0,290,,20279,270,,,0,300,,20280,270,,,0
31700,'Semaine-02-1010100',1533,,20281,20,4,,0
31700,'Week-end-01',1533,,20282,20,4,,0
31701,'Semaine-01',1238,,20284,280,,,0,270,,20289,280,,,0,100,,20285,280,,,0,130,,20286,280,,,0,100,,20287,280,,,0,475,,20288,280,,,0
31701,'Semaine-02',1238,,20291,280,,,0,270,,20296,280,,,0,100,,20292,280,,,0,130,,20293,280,,,0,100,,20294,280,,,0,475,,20295,280,,,0
51401,'Semaine-01',538,,20307,310,,,0,95,,20308,310,,,0,74,,20309,310,,,0
51401,'Semaine-02',538,,20310,310,,,0,95,,20311,310,,,0,74,,20312,310,,,0
