22001,'Fête-1-01',828,,17296,750,,,0,200,,17293,750,,,0,199,,17291,750,,,0,200,,17292,750,,,0,200,,17290,750,,,0,201,,17295,750,,,0,200,,17294,750,,,0
22001,'Semaine-01',536,,17297,420,0,6 7,0,70,,17298,420,0,6 7,0,27,,17299,750,,,0,70,,17300,750,,,0,31,,17301,750,,,0,71,,17302,750,,,0,31,,17303,750,,,0,69,,17304,750,,,0,99,,17305,750,,,0,100,,17306,750,,,0,100,,17307,750,,,0,100,,17308,750,,,0,100,,17309,750,,,0,101,,17310,750,,,0,100,,17311,750,,,0,102,,17312,750,,,0,30,,17313,750,,,0,70,,17314,750,,,0,30,,17315,750,,,0,68,,17316,750,,,0,27,,17317,750,,,0,70,,17318,750,,,0,100,,17319,750,,,0,99,,17320,750,,,0,100,,17321,750,,,0
22001,'Semaine-02',536,,17323,420,0,6 7,0,70,,17324,420,0,6 7,0,27,,17325,750,,,0,70,,17326,750,,,0,31,,17327,750,,,0,71,,17328,750,,,0,31,,17329,750,,,0,69,,17330,750,,,0,99,,17331,750,,,0,100,,17332,750,,,0,100,,17333,750,,,0,100,,17334,750,,,0,100,,17335,750,,,0,101,,17336,750,,,0,100,,17337,750,,,0,102,,17338,750,,,0,30,,17339,750,,,0,70,,17340,750,,,0,30,,17341,750,,,0,68,,17342,750,,,0,27,,17343,750,,,0,70,,17344,750,,,0,100,,17345,750,,,0,99,,17346,750,,,0,100,,17347,750,,,0
22001,'Week-end-01',828,,17356,750,,,0,200,,17353,750,,,0,199,,17351,750,,,0,200,,17352,750,,,0,200,,17350,750,,,0,201,,17355,750,,,0,200,,17354,750,,,0
22100,'Fête-1-01',928,,17357,750,,,0,200,,17361,750,,,0,200,,17362,750,,,0,200,,17363,750,,,0,200,,17358,750,,,0,200,,17360,750,,,0,200,,17359,750,,,0
22100,'Semaine-01',551,,17365,360,0,6 7,0,70,,17366,360,0,6 7,0,31,,17367,750,,,0,70,,17364,750,,,0,31,,17368,750,,,0,70,,17369,750,,,0,30,,17370,750,,,0,85,,17371,750,,,0,100,,17372,750,,,0,100,,17373,750,,,0,100,,17374,750,,,0,100,,17375,750,,,0,100,,17376,750,,,0,100,,17377,750,,,0,100,,17378,750,,,0,85,,17379,750,,,0,30,,17380,750,,,0,70,,17381,750,,,0,30,,17382,750,,,0,67,,17383,750,,,0,30,,17384,750,,,0,85,,17385,750,,,0,99,,17386,750,,,0,100,,17387,750,,,0
22100,'Semaine-02',551,,17389,360,0,6 7,0,70,,17390,360,0,6 7,0,31,,17391,750,,,0,70,,17388,750,,,0,31,,17392,750,,,0,70,,17393,750,,,0,30,,17394,750,,,0,85,,17395,750,,,0,100,,17396,750,,,0,100,,17397,750,,,0,100,,17398,750,,,0,100,,17399,750,,,0,100,,17400,750,,,0,100,,17401,750,,,0,100,,17402,750,,,0,85,,17403,750,,,0,30,,17404,750,,,0,70,,17405,750,,,0,30,,17406,750,,,0,67,,17407,750,,,0,30,,17408,750,,,0,85,,17409,750,,,0,99,,17410,750,,,0,100,,17411,750,,,0
22100,'Week-end-01',928,,17412,750,,,0,200,,17416,750,,,0,200,,17417,750,,,0,200,,17418,750,,,0,200,,17413,750,,,0,200,,17415,750,,,0,200,,17414,750,,,0
22201,'Fête-1-01',837,,17433,950,,,0,100,,17421,950,,,0,100,,17420,950,,,0,100,,17419,950,,,0,100,,17422,950,,,0,100,,17423,950,,,0,100,,17424,950,,,0,100,,17425,950,,,0,100,,17426,950,,,0,100,,17427,950,,,0,100,,17428,950,,,0,100,,17429,950,,,0,100,,17430,950,,,0,100,,17431,950,,,0
22201,'Semaine-01',605,,17454,460,0,6 7,0,23,,17451,950,,,0,80,,17434,950,,,0,30,,17452,950,,,0,82,,17435,950,,,0,80,,17436,950,,,0,108,,17437,950,,,0,100,,17438,950,,,0,100,,17439,950,,,0,100,,17440,950,,,0,100,,17441,950,,,0,100,,17442,950,,,0,100,,17443,950,,,0,102,,17444,950,,,0,40,,17453,950,,,0,75,,17445,950,,,0,80,,17446,950,,,0,103,,17447,950,,,0,100,,17448,950,,,0,100,,17449,950,,,0
22201,'Semaine-02',605,,17475,460,0,6 7,0,23,,17472,950,,,0,80,,17455,950,,,0,30,,17473,950,,,0,82,,17456,950,,,0,80,,17457,950,,,0,108,,17458,950,,,0,100,,17459,950,,,0,100,,17460,950,,,0,100,,17461,950,,,0,100,,17462,950,,,0,100,,17463,950,,,0,100,,17464,950,,,0,102,,17465,950,,,0,40,,17474,950,,,0,75,,17466,950,,,0,80,,17467,950,,,0,103,,17468,950,,,0,100,,17469,950,,,0,100,,17470,950,,,0
22201,'Week-end-01',837,,17490,950,,,0,100,,17478,950,,,0,100,,17477,950,,,0,100,,17476,950,,,0,100,,17479,950,,,0,100,,17480,950,,,0,100,,17481,950,,,0,100,,17482,950,,,0,100,,17483,950,,,0,100,,17484,950,,,0,100,,17485,950,,,0,100,,17486,950,,,0,100,,17487,950,,,0,100,,17488,950,,,0
