22001,'Fête-1-01',750,,17296,50,,,0,200,,17293,50,,,0,200,,17291,50,,,0,200,,17292,50,,,0,200,,17290,50,,,0,200,,17295,50,,,0,200,,17294,50,,,0,200,,17289,50,0,8 20 1 21,0
22001,'Semaine-01',550,,17299,50,,,0,70,,17300,50,,,0,31,,17301,50,,,0,70,,17302,50,,,0,30,,17303,50,,,0,69,,17304,50,,,0,100,,17305,50,,,0,100,,17306,50,,,0,100,,17307,50,,,0,100,,17308,50,,,0,100,,17309,50,,,0,100,,17310,50,,,0,100,,17311,50,,,0,100,,17312,50,,,0,30,,17313,50,,,0,71,,17314,50,,,0,30,,17315,50,,,0,69,,17316,50,,,0,30,,17317,50,,,0,70,,17318,50,,,0,100,,17319,50,,,0,100,,17320,50,,,0,100,,17321,50,,,0,100,,17322,50,0,8 20 1 21,0
22001,'Semaine-02',550,,17325,50,,,0,70,,17326,50,,,0,31,,17327,50,,,0,70,,17328,50,,,0,30,,17329,50,,,0,69,,17330,50,,,0,100,,17331,50,,,0,100,,17332,50,,,0,100,,17333,50,,,0,100,,17334,50,,,0,100,,17335,50,,,0,100,,17336,50,,,0,100,,17337,50,,,0,100,,17338,50,,,0,30,,17339,50,,,0,71,,17340,50,,,0,30,,17341,50,,,0,69,,17342,50,,,0,30,,17343,50,,,0,70,,17344,50,,,0,100,,17345,50,,,0,100,,17346,50,,,0,100,,17347,50,,,0,100,,17348,50,0,8 20 1 21,0
22001,'Week-end-01',750,,17356,50,,,0,200,,17353,50,,,0,200,,17351,50,,,0,200,,17352,50,,,0,200,,17350,50,,,0,200,,17355,50,,,0,200,,17354,50,,,0,200,,17349,50,0,8 20 1 21,0
22100,'Fête-1-01',850,,17357,50,,,0,200,,17361,50,,,0,200,,17362,50,,,0,200,,17363,50,,,0,200,,17358,50,,,0,200,,17360,50,,,0,200,,17359,50,,,0
22100,'Semaine-01',605,,17367,50,,,0,30,,17364,50,,,0,71,,17368,50,,,0,30,,17369,50,,,0,70,,17370,50,,,0,45,,17371,50,,,0,100,,17372,50,,,0,100,,17373,50,,,0,100,,17374,50,,,0,100,,17375,50,,,0,100,,17376,50,,,0,100,,17377,50,,,0,100,,17378,50,,,0,85,,17379,50,,,0,70,,17380,50,,,0,30,,17381,50,,,0,69,,17382,50,,,0,30,,17383,50,,,0,70,,17384,50,,,0,45,,17385,50,,,0,100,,17386,50,,,0,100,,17387,50,,,0
22100,'Semaine-02',605,,17391,50,,,0,30,,17388,50,,,0,71,,17392,50,,,0,30,,17393,50,,,0,70,,17394,50,,,0,45,,17395,50,,,0,100,,17396,50,,,0,100,,17397,50,,,0,100,,17398,50,,,0,100,,17399,50,,,0,100,,17400,50,,,0,100,,17401,50,,,0,100,,17402,50,,,0,85,,17403,50,,,0,70,,17404,50,,,0,30,,17405,50,,,0,69,,17406,50,,,0,30,,17407,50,,,0,70,,17408,50,,,0,45,,17409,50,,,0,100,,17410,50,,,0,100,,17411,50,,,0
22100,'Week-end-01',850,,17412,50,,,0,200,,17416,50,,,0,200,,17417,50,,,0,200,,17418,50,,,0,200,,17413,50,,,0,200,,17415,50,,,0,200,,17414,50,,,0
22201,'Fête-1-01',747,,17433,50,,,0,100,,17421,50,,,0,100,,17420,50,,,0,100,,17419,50,,,0,100,,17422,50,,,0,100,,17423,50,,,0,100,,17424,50,,,0,100,,17425,50,,,0,100,,17426,50,,,0,100,,17427,50,,,0,100,,17428,50,,,0,100,,17429,50,,,0,100,,17430,50,,,0,100,,17431,50,,,0,100,,17432,50,0,8 6 22,0
22201,'Semaine-01',536,,17451,50,,,0,80,,17434,50,,,0,30,,17452,50,,,0,80,,17435,50,,,0,80,,17436,50,,,0,110,,17437,50,,,0,100,,17438,50,,,0,100,,17439,50,,,0,100,,17440,50,,,0,100,,17441,50,,,0,100,,17442,50,,,0,100,,17443,50,,,0,100,,17444,50,,,0,40,,17453,50,,,0,75,,17445,50,,,0,80,,17446,50,,,0,105,,17447,50,,,0,100,,17448,50,,,0,100,,17449,50,,,0,100,,17450,50,0,8 6 22,0
22201,'Semaine-02',536,,17472,50,,,0,80,,17455,50,,,0,30,,17473,50,,,0,80,,17456,50,,,0,80,,17457,50,,,0,110,,17458,50,,,0,100,,17459,50,,,0,100,,17460,50,,,0,100,,17461,50,,,0,100,,17462,50,,,0,100,,17463,50,,,0,100,,17464,50,,,0,100,,17465,50,,,0,40,,17474,50,,,0,75,,17466,50,,,0,80,,17467,50,,,0,105,,17468,50,,,0,100,,17469,50,,,0,100,,17470,50,,,0,100,,17471,50,0,8 6 22,0
22201,'Week-end-01',747,,17490,50,,,0,100,,17478,50,,,0,100,,17477,50,,,0,100,,17476,50,,,0,100,,17479,50,,,0,100,,17480,50,,,0,100,,17481,50,,,0,100,,17482,50,,,0,100,,17483,50,,,0,100,,17484,50,,,0,100,,17485,50,,,0,100,,17486,50,,,0,100,,17487,50,,,0,100,,17488,50,,,0,100,,17489,50,0,8 6 22,0
