25301,'LA-H26-LA_GTFS-Fête-2-02',530,,3557,,,0,95,,3560,,,0,26,,3561,,,0,77,,3558,,,0,20,,3559,,,0
25301,'LA-H26-LA_GTFS-Semaine-01',530,,3562,,,0,95,,3565,,,0,26,,3566,,,0,77,,3563,,,0,20,,3564,,,0
25301,'LA-H26-LA_GTFS-Semaine-50',530,,3567,,,0,95,,3570,,,0,26,,3571,,,0,77,,3568,,,0,20,,3569,,,0
61001,'LA-H26-LA_GTFS-Fête-1-01',750,,6270,,,0,100,,6271,,,0,70,,6272,,,0,100,,6273,,,0,100,,6274,,,0,100,,6275,,,0,100,,6276,,,0,100,,6277,,,0,100,,6278,,,0,100,,6279,,,0,100,,6280,,,0,99,,6281,,,0,100,,6282,,,0,100,,6283,,,0,100,,6284,,,0,100,,6285,,,0,100,,6286,,,0
61001,'LA-H26-LA_GTFS-Fête-1-02',750,,6287,,,0,100,,6288,,,0,70,,6289,,,0,100,,6290,,,0,100,,6291,,,0,100,,6292,,,0,100,,6293,,,0,100,,6294,,,0,100,,6295,,,0,100,,6296,,,0,100,,6297,,,0,99,,6298,,,0,100,,6299,,,0,100,,6300,,,0,100,,6301,,,0,100,,6302,,,0,100,,6303,,,0
61001,'LA-H26-LA_GTFS-Fête-2-02',625,,6304,,,0,100,,6305,,,0,99,,6306,,,0,99,,6307,,,0,100,,6308,,,0,99,,6309,,,0,100,,6310,,,0,100,,6311,,,0,100,,6312,,,0,101,,6313,,,0,101,,6314,,,0,103,,6315,,,0,99,,6316,,,0,94,,6317,,,0,100,,6318,,,0,100,,6319,,,0,100,,6320,,,0,100,,6321,,,0
61001,'LA-H26-LA_GTFS-Semaine-01',555,,6322,,,0,70,,6323,,,0,30,,6324,,,0,70,,6325,,,0,30,,6326,,,0,69,,6327,,,0,29,,6346,,,0,70,,6328,,,0,100,,6329,,,0,99,,6330,,,0,100,,6331,,,0,100,,6332,,,0,100,,6333,,,0,101,,6334,,,0,101,,6335,,,0,33,,6336,,,0,70,,6337,,,0,29,,6338,,,0,70,,6339,,,0,24,,6340,,,0,70,,6341,,,0,100,,6342,,,0,100,,6343,,,0,100,,6344,,,0,100,,6345,,,0
61001,'LA-H26-LA_GTFS-Semaine-50',555,,6347,,,0,70,,6348,,,0,30,,6349,,,0,70,,6350,,,0,30,,6351,,,0,69,,6352,,,0,29,,6371,,,0,70,,6353,,,0,100,,6354,,,0,99,,6355,,,0,100,,6356,,,0,100,,6357,,,0,100,,6358,,,0,101,,6359,,,0,101,,6360,,,0,33,,6361,,,0,70,,6362,,,0,29,,6363,,,0,70,,6364,,,0,24,,6365,,,0,70,,6366,,,0,100,,6367,,,0,100,,6368,,,0,100,,6369,,,0,100,,6370,,,0
61001,'LA-H26-LA_GTFS-Week-end-01',750,,6372,,,0,100,,6373,,,0,70,,6374,,,0,100,,6375,,,0,100,,6376,,,0,100,,6377,,,0,100,,6378,,,0,100,,6379,,,0,100,,6380,,,0,100,,6381,,,0,100,,6382,,,0,99,,6383,,,0,100,,6384,,,0,100,,6385,,,0,100,,6386,,,0,100,,6387,,,0,100,,6388,,,0
61001,'LA-H26-LA_GTFS-Week-end-50',750,,6389,,,0,100,,6390,,,0,70,,6391,,,0,100,,6392,,,0,100,,6393,,,0,100,,6394,,,0,100,,6395,,,0,100,,6396,,,0,100,,6397,,,0,100,,6398,,,0,100,,6399,,,0,99,,6400,,,0,100,,6401,,,0,100,,6402,,,0,100,,6403,,,0,100,,6404,,,0,100,,6405,,,0
