'LA-H25-LAGTFS-Dimanche-01',10500,82900,,'',0,10000,,'',0,10000,,'',0,10000,,'',0,10000,,'',0,10000,,'',0,10000,,'',0,10000,,'',0,10000,,'',0,10000,,'',0,10000,,'',0,10000,,'',0,10000,,'',0,10000,,'',0,10000,,'',0
'LA-H25-LAGTFS-Dimanche-01',10501,82400,4,'',0,9100,4,'',0,10000,4,'',0,10100,4,'',0,10100,4,'',0,10000,4,'',0,10000,4,'',0,10000,4,'',0,10000,4,'',0,9900,4,'',0,9900,4,'',0,9900,4,'',0,10000,4,'',0,10000,4,'',0,10000,4,'',0
'LA-H25-LAGTFS-Fête-1-01',10500,82900,,'',0,10000,,'',0,10000,,'',0,10000,,'',0,10000,,'',0,10000,,'',0,10000,,'',0,10000,,'',0,10000,,'',0,10000,,'',0,10000,,'',0,10000,,'',0,10000,,'',0,10000,,'',0,10000,,'',0
'LA-H25-LAGTFS-Fête-1-01',10501,82400,4,'',0,9100,4,'',0,10000,4,'',0,10100,4,'',0,10100,4,'',0,10000,4,'',0,10000,4,'',0,10000,4,'',0,10000,4,'',0,9900,4,'',0,9900,4,'',0,9900,4,'',0,10000,4,'',0,10000,4,'',0,10000,4,'',0
'LA-H25-LAGTFS-Fête-2-01',10500,63500,,'',0,9400,,'',0,10000,,'',0,10000,,'',0,10000,,'',0,10000,,'',0,10000,,'',0,10000,,'',0,10000,,'',0,10000,,'',0,10000,,'',0,10000,,'',0,10000,,'',0,10000,,'',0,10000,,'',0,10000,,'',0,10000,,'',0
'LA-H25-LAGTFS-Fête-2-01',10501,63000,4,'',0,9100,4,'',0,9400,4,'',0,10000,4,'',0,10000,4,'',0,10100,4,'',0,10100,4,'',0,10000,4,'',0,10000,4,'',0,10000,4,'',0,10000,4,'',0,9900,4,'',0,9900,4,'',0,9900,4,'',0,10000,4,'',0,10000,4,'',0,10000,4,'',0
'LA-H25-LAGTFS-Samedi-01',10500,82900,,'',0,10000,,'',0,10000,,'',0,10000,,'',0,10000,,'',0,10000,,'',0,10000,,'',0,10000,,'',0,10000,,'',0,10000,,'',0,10000,,'',0,10000,,'',0,10000,,'',0,10000,,'',0,10000,,'',0
'LA-H25-LAGTFS-Samedi-01',10501,82400,4,'',0,9100,4,'',0,10000,4,'',0,10100,4,'',0,10100,4,'',0,10000,4,'',0,10000,4,'',0,10000,4,'',0,10000,4,'',0,9900,4,'',0,9900,4,'',0,9900,4,'',0,10000,4,'',0,10000,4,'',0,10000,4,'',0
'LA-H25-LAGTFS-Semaine-01',10500,61700,,'',0,1800,,'',0,7700,,'',0,2000,,'',0,7600,,'',0,2700,,'',0,9500,,'',0,10000,,'',0,10000,,'',0,10000,,'',0,10000,,'',0,10000,,'',0,10000,,'',0,7700,,'',0,3600,,'',0,7400,,'',0,2300,,'',0,7500,,'',0,2600,,'',0,7500,,'',0,9900,,'',0,10000,,'',0,10000,,'',0
'LA-H25-LAGTFS-Semaine-01',10501,60300,4,'',0,2700,4,'',0,7300,4,'',0,1800,4,'',0,8000,4,'',0,2000,4,'',0,10200,4,'',0,9500,4,'',0,10000,4,'',0,10200,4,'',0,10000,4,'',0,10000,4,'',0,10000,4,'',0,8000,4,'',0,2200,4,'',0,7900,4,'',0,3400,4,'',0,7400,4,'',0,2200,4,'',0,7200,4,'',0,10000,4,'',0,9900,4,'',0,10200,4,'',0
'LA-H25-LAGTFS-Semaine-03',10500,61700,,'',0,1800,,'',0,7700,,'',0,2000,,'',0,7600,,'',0,2700,,'',0,9500,,'',0,10000,,'',0,10000,,'',0,10000,,'',0,10000,,'',0,10000,,'',0,10000,,'',0,7700,,'',0,3600,,'',0,7400,,'',0,2300,,'',0,7500,,'',0,2600,,'',0,7500,,'',0,9900,,'',0,10000,,'',0,10000,,'',0
'LA-H25-LAGTFS-Semaine-03',10501,60300,4,'',0,2700,4,'',0,7300,4,'',0,1800,4,'',0,8000,4,'',0,2000,4,'',0,10200,4,'',0,9500,4,'',0,10000,4,'',0,10200,4,'',0,10000,4,'',0,10000,4,'',0,10000,4,'',0,8000,4,'',0,2200,4,'',0,7900,4,'',0,3400,4,'',0,7400,4,'',0,2200,4,'',0,7200,4,'',0,10000,4,'',0,9900,4,'',0,10200,4,'',0
