25001,'Fête-1-01',719,,19147,240,,,0,99,,19131,240,,,0,30,,19134,240,,,0,99,,19141,240,,,0,70,,19142,240,,,0,101,,19133,240,,,0,30,,19136,240,,,0,100,,19144,240,,,0,70,,19145,240,,,0,100,,19132,240,,,0,29,,19143,240,,,0,100,,19135,240,,,0,71,,19140,240,,,0,101,,19146,240,,,0,30,,19137,240,,,0,100,,19138,240,,,0,70,,19130,240,,,0,101,,19139,240,,,0,30,,19148,240,,,0,101,,19129,240,,,0,70,,19149,240,,,0
25001,'Semaine-01',544,,19150,240,,,0,65,,19151,240,,,0,28,,19152,240,0,8 27 75,0,21,,19153,240,,,0,85,,19154,240,,,0,96,,19155,240,,,0,72,,19156,240,,,0,96,,19157,240,,,0,100,,19158,240,,,0,103,,19159,240,,,0,100,,19160,240,,,0,102,,19161,240,,,0,115,,19162,240,,,0,99,,19163,240,,,0,26,,19164,240,,,0,70,,19165,240,,,0,28,,19166,240,,,0,83,,19167,240,,,0,87,,19168,240,,,0,108,,19169,240,,,0,93,,19170,240,,,0,101,,19171,240,,,0
25001,'Semaine-02',544,,19172,240,,,0,65,,19173,240,,,0,28,,19174,240,0,8 27 75,0,21,,19175,240,,,0,85,,19176,240,,,0,96,,19177,240,,,0,72,,19178,240,,,0,96,,19179,240,,,0,100,,19180,240,,,0,103,,19181,240,,,0,100,,19182,240,,,0,102,,19183,240,,,0,115,,19184,240,,,0,99,,19185,240,,,0,26,,19186,240,,,0,70,,19187,240,,,0,28,,19188,240,,,0,83,,19189,240,,,0,87,,19190,240,,,0,108,,19191,240,,,0,93,,19192,240,,,0,101,,19193,240,,,0
25001,'Week-end-01',719,,19212,240,,,0,99,,19196,240,,,0,30,,19199,240,,,0,99,,19206,240,,,0,70,,19207,240,,,0,101,,19198,240,,,0,30,,19201,240,,,0,100,,19209,240,,,0,70,,19210,240,,,0,100,,19197,240,,,0,29,,19208,240,,,0,100,,19200,240,,,0,71,,19205,240,,,0,101,,19211,240,,,0,30,,19202,240,,,0,100,,19203,240,,,0,70,,19195,240,,,0,101,,19204,240,,,0,30,,19213,240,,,0,101,,19194,240,,,0,70,,19214,240,,,0
31700,'Semaine-01',655,,20270,200,,,0,70,,20271,200,,,0,110,,20272,200,,,0,290,,20273,200,,,0,300,,20274,200,,,0
31700,'Semaine-02',655,,20276,200,,,0,70,,20277,200,,,0,110,,20278,200,,,0,290,,20279,200,,,0,300,,20280,200,,,0
31701,'Semaine-01',1235,,20284,210,,,0,270,,20289,210,,,0,100,,20285,210,,,0,130,,20286,210,,,0,100,,20287,210,,,0,475,,20288,210,,,0
31701,'Semaine-02',1235,,20291,210,,,0,270,,20296,210,,,0,100,,20292,210,,,0,130,,20293,210,,,0,100,,20294,210,,,0,475,,20295,210,,,0
51401,'Semaine-01',534,,20307,240,,,0,95,,20308,240,,,0,74,,20309,240,,,0
51401,'Semaine-02',534,,20310,240,,,0,95,,20311,240,,,0,74,,20312,240,,,0
