23000,'Semaine-03',628,,15392,240,,,0,30,,15393,240,,,0,70,,15394,240,,,0,30,,15395,240,,,0,70,,15396,240,,,0,29,,15397,240,,,0,100,,15398,240,,,0,100,,15403,240,,,0,100,,15404,240,,,0,100,,15405,240,,,0,100,,15406,240,,,0,100,,15407,240,,,0,101,,15409,240,,,0,70,,15390,240,,,0,30,,15389,240,,,0,70,,15388,240,,,0,30,,15387,240,,,0,70,,15391,240,,,0,28,,15408,240,,,0,70,,15402,240,,,0,100,,15401,240,,,0,100,,15400,240,,,0,100,,15399,240,,,0
23000,'Semaine-53',628,,12059,240,,,0,30,,12060,240,,,0,70,,12061,240,,,0,30,,12062,240,,,0,70,,12063,240,,,0,29,,12064,240,,,0,100,,12065,240,,,0,100,,12070,240,,,0,100,,12071,240,,,0,100,,12072,240,,,0,100,,12073,240,,,0,100,,12074,240,,,0,101,,12076,240,,,0,70,,12057,240,,,0,30,,12056,240,,,0,70,,12055,240,,,0,30,,12054,240,,,0,70,,12058,240,,,0,28,,12075,240,,,0,70,,12069,240,,,0,100,,12068,240,,,0,100,,12067,240,,,0,100,,12066,240,,,0
23000,'Week-end-03',852,,15412,240,,,0,100,,15413,240,,,0,102,,15417,240,,,0,101,,15418,240,,,0,100,,15419,240,,,0,100,,15420,240,,,0,100,,15421,240,,,0,99,,15423,240,,,0,100,,15411,240,,,0,98,,15410,240,,,0,99,,15422,240,,,0,100,,15416,240,,,0,100,,15415,240,,,0,100,,15414,240,,,0,100,,15424,240,,,0
23000,'Week-end-53',852,,12079,240,,,0,100,,12080,240,,,0,102,,12084,240,,,0,101,,12085,240,,,0,100,,12086,240,,,0,100,,12087,240,,,0,100,,12088,240,,,0,99,,12090,240,,,0,100,,12078,240,,,0,98,,12077,240,,,0,99,,12089,240,,,0,100,,12083,240,,,0,100,,12082,240,,,0,100,,12081,240,,,0,100,,12091,240,,,0
23101,'Semaine-03',630,,15464,290,,,0,70,,15465,290,,,0,30,,15466,290,,,0,70,,15467,290,,,0,30,,15468,290,,,0,95,,15469,290,,,0,100,,15470,290,,,0,100,,15471,290,,,0,100,,15472,290,,,0,100,,15473,290,,,0,100,,15474,290,,,0,100,,15475,290,,,0,88,,15476,290,,,0,27,,15477,290,,,0,73,,15478,290,,,0,27,,15479,290,,,0,73,,15480,290,,,0,27,,15481,290,,,0,85,,15482,290,,,0,100,,15483,290,,,0,100,,15484,290,,,0,100,,15485,290,,,0
23101,'Semaine-53',630,,12161,290,,,0,70,,12162,290,,,0,30,,12163,290,,,0,70,,12164,290,,,0,30,,12165,290,,,0,95,,12166,290,,,0,100,,12167,290,,,0,100,,12168,290,,,0,100,,12169,290,,,0,100,,12170,290,,,0,100,,12171,290,,,0,100,,12172,290,,,0,88,,12173,290,,,0,27,,12174,290,,,0,73,,12175,290,,,0,27,,12176,290,,,0,73,,12177,290,,,0,27,,12178,290,,,0,85,,12179,290,,,0,100,,12180,290,,,0,100,,12181,290,,,0,100,,12182,290,,,0
23101,'Week-end-03',855,,15494,290,,,0,100,,15493,290,,,0,100,,15495,290,,,0,100,,15491,290,,,0,100,,15496,290,,,0,100,,15490,290,,,0,100,,15497,290,,,0,100,,15489,290,,,0,100,,15498,290,,,0,100,,15492,290,,,0,100,,15499,290,,,0,100,,15488,290,,,0,100,,15500,290,,,0,100,,15487,290,,,0
23101,'Week-end-53',855,,12191,290,,,0,100,,12190,290,,,0,100,,12192,290,,,0,100,,12188,290,,,0,100,,12193,290,,,0,100,,12187,290,,,0,100,,12194,290,,,0,100,,12186,290,,,0,100,,12195,290,,,0,100,,12189,290,,,0,100,,12196,290,,,0,100,,12185,290,,,0,100,,12197,290,,,0,100,,12184,290,,,0
23500,'Semaine-03',626,,15586,340,,,0,27,,15585,340,,,0,73,,15588,340,,,0,30,,15587,340,,,0,70,,15590,340,,,0,30,,15589,340,,,0,100,,15591,340,,,0,100,,15592,340,,,0,100,,15593,340,,,0,100,,15594,340,,,0,100,,15595,340,,,0,100,,15596,340,,,0,100,,15597,340,,,0,72,,15599,340,,,0,30,,15598,340,,,0,69,,15601,340,,,0,31,,15600,340,,,0,70,,15603,340,,,0,29,,15602,340,,,0,98,,15604,340,,,0,100,,15605,340,,,0,100,,15606,340,,,0,147,,15607,340,,,0
23500,'Semaine-53',626,,12329,340,,,0,27,,12328,340,,,0,73,,12331,340,,,0,30,,12330,340,,,0,70,,12333,340,,,0,30,,12332,340,,,0,100,,12334,340,,,0,100,,12335,340,,,0,100,,12336,340,,,0,100,,12337,340,,,0,100,,12338,340,,,0,100,,12339,340,,,0,100,,12340,340,,,0,72,,12342,340,,,0,30,,12341,340,,,0,69,,12344,340,,,0,31,,12343,340,,,0,70,,12346,340,,,0,29,,12345,340,,,0,98,,12347,340,,,0,100,,12348,340,,,0,100,,12349,340,,,0,147,,12350,340,,,0
23500,'Week-end-03',855,,15616,340,,,0,100,,15612,340,,,0,100,,15617,340,,,0,101,,15618,340,,,0,100,,15621,340,,,0,100,,15619,340,,,0,100,,15620,340,,,0,99,,15614,340,,,0,100,,15615,340,,,0,100,,15613,340,,,0,100,,15608,340,,,0,100,,15610,340,,,0,100,,15611,340,,,0,100,,15609,340,,,0,100,,15622,340,,,0
23500,'Week-end-53',855,,12359,340,,,0,100,,12355,340,,,0,100,,12360,340,,,0,101,,12361,340,,,0,100,,12364,340,,,0,100,,12362,340,,,0,100,,12363,340,,,0,99,,12357,340,,,0,100,,12358,340,,,0,100,,12356,340,,,0,100,,12351,340,,,0,100,,12353,340,,,0,100,,12354,340,,,0,100,,12352,340,,,0,100,,12365,340,,,0
