24100,'Semaine-01',624,,18611,630,,,0,23,,18612,630,,,0,76,,18613,630,,,0,24,,18614,630,,,0,102,,18615,630,,,0,100,,18616,630,,,0,100,,18617,630,,,0,100,,18618,630,,,0,100,,18619,630,,,0,100,,18620,630,,,0,100,,18621,630,,,0,107,,18622,630,,,0,151,,18623,630,,,0,100,,18624,630,,,0,28,,18625,630,,,0,71,,18626,630,,,0,33,,18627,630,,,0,97,,18628,630,,,0,69,,18629,630,,,0,98,,18630,630,,,0,97,,18631,630,,,0,58,,18632,630,,,0
24100,'Semaine-02',624,,18633,630,,,0,23,,18634,630,,,0,76,,18635,630,,,0,24,,18636,630,,,0,102,,18637,630,,,0,100,,18638,630,,,0,100,,18639,630,,,0,100,,18640,630,,,0,100,,18641,630,,,0,100,,18642,630,,,0,100,,18643,630,,,0,107,,18644,630,,,0,151,,18645,630,,,0,100,,18646,630,,,0,28,,18647,630,,,0,71,,18648,630,,,0,33,,18649,630,,,0,97,,18650,630,,,0,69,,18651,630,,,0,98,,18652,630,,,0,97,,18653,630,,,0,58,,18654,630,,,0
24300,'Semaine-01',617,,18730,370,0,31 32,0,22,,18731,370,0,31 32,0,83,,18732,620,,,0,22,,18733,620,,,0,87,,18734,620,,,0,18,,18735,620,,,0,85,,18736,620,,,0,14,,18737,620,,,0,106,,18738,620,,,0,100,,18739,620,,,0,100,,18740,620,,,0,100,,18741,620,,,0,100,,18742,620,,,0,156,,18743,620,,,0,40,,18744,620,,,0,72,,18745,620,,,0,84,,18746,620,,,0,30,,18747,620,,,0,78,,18748,620,,,0,32,,18749,620,,,0,72,,18750,620,,,0,84,,18751,620,,,0,100,,18752,620,,,0,100,,18753,620,,,0
24300,'Semaine-02',617,,18755,370,0,31 32,0,22,,18756,370,0,31 32,0,83,,18757,620,,,0,22,,18758,620,,,0,87,,18759,620,,,0,18,,18760,620,,,0,85,,18761,620,,,0,14,,18762,620,,,0,106,,18763,620,,,0,100,,18764,620,,,0,100,,18765,620,,,0,100,,18766,620,,,0,100,,18767,620,,,0,156,,18768,620,,,0,40,,18769,620,,,0,72,,18770,620,,,0,84,,18771,620,,,0,30,,18772,620,,,0,78,,18773,620,,,0,32,,18774,620,,,0,72,,18775,620,,,0,84,,18776,620,,,0,100,,18777,620,,,0,100,,18778,620,,,0
24601,'Semaine-01',603,,18788,510,,,0,47,,18787,510,,,0,90,,18786,510,,,0,93,,18785,510,,,0,89,,18784,510,,,0,699,,18783,510,,,0,92,,18782,510,,,0,93,,18781,510,,,0,51,,18780,510,,,0,87,,18779,510,,,0
24601,'Semaine-02',603,,18798,510,,,0,47,,18797,510,,,0,90,,18796,510,,,0,93,,18795,510,,,0,89,,18794,510,,,0,699,,18793,510,,,0,92,,18792,510,,,0,93,,18791,510,,,0,51,,18790,510,,,0,87,,18789,510,,,0
24701,'Fête-1-01',756,,18847,520,,,0,170,,18848,520,,,0,130,,18849,520,,,0,170,,18850,520,,,0,130,,18851,520,,,0,170,,18852,520,,,0,130,,18853,520,,,0,170,,18854,520,,,0,130,,18855,520,,,0
24701,'Semaine-01',555,,18860,520,,,0,70,,18861,520,,,0,122,,18862,520,,,0,60,,18863,520,,,0,42,,18864,520,,,0,106,,18865,520,,,0,171,,18866,520,,,0,130,,18867,520,,,0,170,,18868,520,,,0,183,,18869,520,,,0,24,,18870,520,,,0,116,,18856,520,,,0,92,,18871,520,,,0,162,,18857,520,,,0,129,,18858,520,,,0,169,,18859,520,,,0
24701,'Semaine-02',555,,18876,520,,,0,70,,18877,520,,,0,122,,18878,520,,,0,60,,18879,520,,,0,42,,18880,520,,,0,106,,18881,520,,,0,171,,18882,520,,,0,130,,18883,520,,,0,170,,18884,520,,,0,183,,18885,520,,,0,24,,18886,520,,,0,116,,18872,520,,,0,92,,18887,520,,,0,162,,18873,520,,,0,129,,18874,520,,,0,169,,18875,520,,,0
24701,'Week-end-01',756,,18888,520,,,0,170,,18889,520,,,0,130,,18890,520,,,0,170,,18891,520,,,0,130,,18892,520,,,0,170,,18893,520,,,0,130,,18894,520,,,0,170,,18895,520,,,0,130,,18896,520,,,0
24901,'Fête-1-01',758,,18981,630,,,0,168,,18982,630,,,0,130,,18983,630,,,0,170,,18984,630,,,0,130,,18985,630,,,0,170,,18986,630,,,0,130,,18987,630,,,0,170,,18988,630,,,0,130,,18989,630,,,0,170,,18990,630,,,0,130,,18991,630,,,0
24901,'Semaine-01',625,,18992,630,,,0,23,,18993,630,0,8 27 75,0,78,,18994,630,,,0,97,,18995,630,,,0,25,,18996,630,,,0,100,,18997,630,,,0,95,,18998,630,,,0,100,,18999,630,,,0,100,,19000,630,,,0,100,,19001,630,,,0,100,,19002,630,,,0,161,,19003,630,,,0,54,,19004,630,,,0,75,,19005,630,,,0,78,,19006,630,,,0,89,,19007,630,,,0,59,,19008,630,,,0,141,,19009,630,,,0,103,,19010,630,,,0,97,,19011,630,,,0
24901,'Semaine-02',625,,19012,630,,,0,23,,19013,630,0,8 27 75,0,78,,19014,630,,,0,97,,19015,630,,,0,25,,19016,630,,,0,100,,19017,630,,,0,95,,19018,630,,,0,100,,19019,630,,,0,100,,19020,630,,,0,100,,19021,630,,,0,100,,19022,630,,,0,161,,19023,630,,,0,54,,19024,630,,,0,75,,19025,630,,,0,78,,19026,630,,,0,89,,19027,630,,,0,59,,19028,630,,,0,141,,19029,630,,,0,103,,19030,630,,,0,97,,19031,630,,,0
24901,'Week-end-01',758,,19032,630,,,0,168,,19033,630,,,0,130,,19034,630,,,0,170,,19035,630,,,0,130,,19036,630,,,0,170,,19037,630,,,0,130,,19038,630,,,0,170,,19039,630,,,0,130,,19040,630,,,0,170,,19041,630,,,0,130,,19042,630,,,0
25001,'Fête-1-01',753,,19147,600,,,0,100,,19131,600,,,0,70,,19134,600,,,0,100,,19141,600,,,0,30,,19142,600,,,0,100,,19133,600,,,0,70,,19136,600,,,0,100,,19144,600,,,0,30,,19145,600,,,0,100,,19132,600,,,0,70,,19143,600,,,0,100,,19135,600,,,0,30,,19140,600,,,0,100,,19146,600,,,0,70,,19137,600,,,0,100,,19138,600,,,0,30,,19130,600,,,0,100,,19139,600,,,0,70,,19148,600,,,0,100,,19129,600,,,0,30,,19149,600,,,0
25001,'Semaine-01',622,,19150,600,,,0,25,,19151,600,,,0,72,,19152,600,0,8 27 75,0,22,,19153,600,,,0,85,,19154,600,,,0,94,,19155,600,,,0,28,,19156,600,,,0,95,,19157,600,,,0,100,,19158,600,,,0,103,,19159,600,,,0,100,,19160,600,,,0,102,,19161,600,,,0,155,,19162,600,,,0,102,,19163,600,,,0,26,,19164,600,,,0,70,,19165,600,,,0,28,,19166,600,,,0,81,,19167,600,,,0,47,,19168,600,,,0,147,,19169,600,,,0,55,,19170,600,,,0,99,,19171,600,,,0
25001,'Semaine-02',622,,19172,600,,,0,25,,19173,600,,,0,72,,19174,600,0,8 27 75,0,22,,19175,600,,,0,85,,19176,600,,,0,94,,19177,600,,,0,28,,19178,600,,,0,95,,19179,600,,,0,100,,19180,600,,,0,103,,19181,600,,,0,100,,19182,600,,,0,102,,19183,600,,,0,155,,19184,600,,,0,102,,19185,600,,,0,26,,19186,600,,,0,70,,19187,600,,,0,28,,19188,600,,,0,81,,19189,600,,,0,47,,19190,600,,,0,147,,19191,600,,,0,55,,19192,600,,,0,99,,19193,600,,,0
25001,'Week-end-01',753,,19212,600,,,0,100,,19196,600,,,0,70,,19199,600,,,0,100,,19206,600,,,0,30,,19207,600,,,0,100,,19198,600,,,0,70,,19201,600,,,0,100,,19209,600,,,0,30,,19210,600,,,0,100,,19197,600,,,0,70,,19208,600,,,0,100,,19200,600,,,0,30,,19205,600,,,0,100,,19211,600,,,0,70,,19202,600,,,0,100,,19203,600,,,0,30,,19195,600,,,0,100,,19204,600,,,0,70,,19213,600,,,0,100,,19194,600,,,0,30,,19214,600,,,0
25100,'Fête-1-01',755,,19215,340,0,31 32,0,93,,19230,680,,,0,100,,19228,680,,,0,100,,19231,680,,,0,100,,19227,680,,,0,100,,19226,680,,,0,100,,19229,680,,,0,100,,19222,680,,,0,100,,19225,680,,,0,100,,19221,680,,,0,100,,19223,680,,,0,100,,19219,680,,,0,99,,19224,680,,,0,100,,19216,680,,,0,100,,19217,680,,,0,100,,19218,680,,,0
25100,'Semaine-01',945,,19233,680,,,0,100,,19232,680,,,0,100,,19241,680,,,0,100,,19237,680,,,0,100,,19240,680,,,0,100,,19235,680,,,0,655,,19238,680,,,0,57,,19236,680,,,0,98,,19234,680,,,0
25100,'Semaine-02',945,,19243,680,,,0,100,,19242,680,,,0,100,,19251,680,,,0,100,,19247,680,,,0,100,,19250,680,,,0,100,,19245,680,,,0,655,,19248,680,,,0,57,,19246,680,,,0,98,,19244,680,,,0
25100,'Week-end-01',755,,19252,340,0,31 32,0,93,,19267,680,,,0,100,,19265,680,,,0,100,,19268,680,,,0,100,,19264,680,,,0,100,,19263,680,,,0,100,,19266,680,,,0,100,,19259,680,,,0,100,,19262,680,,,0,100,,19258,680,,,0,100,,19260,680,,,0,100,,19256,680,,,0,99,,19261,680,,,0,100,,19253,680,,,0,100,,19254,680,,,0,100,,19255,680,,,0
25201,'Semaine-01',626,,19277,310,,,0,78,,19269,310,,,0,36,,19283,310,,,0,76,,19281,310,,,0,33,,19278,310,,,0,679,,19279,310,,,0,79,,19275,310,,,0,34,,19272,310,,,0,71,,19274,310,,,0,30,,19280,310,,,0,69,,19270,310,,,0,29,,19282,310,,,0,71,,19276,310,,,0,28,,19273,310,,,0,68,,19271,310,,,0
25201,'Semaine-02',626,,19292,310,,,0,78,,19284,310,,,0,36,,19298,310,,,0,76,,19296,310,,,0,33,,19293,310,,,0,679,,19294,310,,,0,79,,19290,310,,,0,34,,19287,310,,,0,71,,19289,310,,,0,30,,19295,310,,,0,69,,19285,310,,,0,29,,19297,310,,,0,71,,19291,310,,,0,28,,19288,310,,,0,68,,19286,310,,,0
70901,'Fête-1-01',625,,21049,520,,,0,30,,21050,520,,,0,70,,21051,520,,,0,30,,21052,520,,,0,70,,21053,520,,,0,16,,21054,520,,,0,71,,21055,520,,,0,30,,21056,520,,,0,70,,21057,520,,,0,31,,21058,520,,,0,71,,21059,520,,,0,30,,21060,520,,,0,70,,21061,520,,,0,30,,21062,520,,,0,70,,21063,520,,,0,30,,21064,520,,,0,70,,21065,520,,,0,30,,21066,520,,,0,70,,21067,520,,,0,30,,21068,520,,,0,70,,21069,520,,,0,30,,21070,520,,,0,70,,21071,520,,,0,30,,21072,520,,,0,70,,21073,520,,,0,30,,21074,520,,,0,70,,21075,520,,,0,30,,21076,520,,,0,70,,21077,520,,,0,30,,21078,520,,,0,70,,21079,520,,,0,30,,21080,520,,,0,70,,21081,520,,,0,31,,21082,520,,,0,70,,21083,520,,,0,30,,21084,520,,,0,111,,21085,520,,,0
70901,'Semaine-01',456,,21089,520,,,0,70,,21131,520,,,0,21,,21087,520,,,0,10,,21086,520,,,0,63,,21088,520,,,0,20,,21090,520,,,0,60,,21091,520,,,0,27,,21092,520,,,0,12,,21093,520,,,0,61,,21094,520,,,0,10,,21095,520,,,0,10,,21096,520,,,0,20,,21097,520,,,0,10,,21098,520,,,0,54,,21099,520,,,0,13,,21101,520,,,0,15,,21137,520,,,0,15,,21100,520,,,0,70,,21102,520,,,0,15,,21103,520,,,0,22,,21104,550,,,0,71,,21105,550,,,0,15,,21106,550,,,0,15,,21107,550,,,0,55,,21108,550,,,0,15,,21140,550,,,0,15,,21109,550,,,0,15,,21141,550,,,0,70,,21110,550,,,0,15,,21111,550,,,0,15,,21112,550,,,0,70,,21132,550,,,0,30,,21133,550,,,0,70,,21134,550,,,0,16,,21135,550,,,0,16,,21136,550,,,0,89,,21114,550,,,0,55,,21113,550,,,0,28,,21115,550,,,0,15,,21116,550,,,0,61,,21117,550,,,0,15,,21138,550,,,0,13,,21139,550,,,0,14,,21118,550,,,0,59,,21119,550,,,0,14,,21120,550,,,0,15,,21121,550,,,0,22,,21122,520,,,0,70,,21123,520,,,0,15,,21124,520,,,0,68,,21125,520,,,0,30,,21126,520,,,0,69,,21127,520,,,0,44,,21128,520,,,0,99,,21129,520,,,0,148,,21130,520,,,0
70901,'Semaine-02',456,,21145,520,,,0,70,,21187,520,,,0,21,,21143,520,,,0,10,,21142,520,,,0,63,,21144,520,,,0,20,,21146,520,,,0,60,,21147,520,,,0,27,,21148,520,,,0,12,,21149,520,,,0,61,,21150,520,,,0,10,,21151,520,,,0,10,,21152,520,,,0,20,,21153,520,,,0,10,,21154,520,,,0,54,,21155,520,,,0,13,,21157,520,,,0,15,,21193,520,,,0,15,,21156,520,,,0,70,,21158,520,,,0,15,,21159,520,,,0,22,,21160,550,,,0,71,,21161,550,,,0,15,,21162,550,,,0,15,,21163,550,,,0,55,,21164,550,,,0,15,,21196,550,,,0,15,,21165,550,,,0,15,,21197,550,,,0,70,,21166,550,,,0,15,,21167,550,,,0,15,,21168,550,,,0,70,,21188,550,,,0,30,,21189,550,,,0,70,,21190,550,,,0,16,,21191,550,,,0,16,,21192,550,,,0,89,,21170,550,,,0,55,,21169,550,,,0,28,,21171,550,,,0,15,,21172,550,,,0,61,,21173,550,,,0,15,,21194,550,,,0,13,,21195,550,,,0,14,,21174,550,,,0,59,,21175,550,,,0,14,,21176,550,,,0,15,,21177,550,,,0,22,,21178,520,,,0,70,,21179,520,,,0,15,,21180,520,,,0,68,,21181,520,,,0,30,,21182,520,,,0,69,,21183,520,,,0,44,,21184,520,,,0,99,,21185,520,,,0,148,,21186,520,,,0
70901,'Week-end-01',625,,21198,520,,,0,30,,21199,520,,,0,70,,21200,520,,,0,30,,21201,520,,,0,70,,21202,520,,,0,16,,21203,520,,,0,71,,21204,520,,,0,30,,21205,520,,,0,70,,21206,520,,,0,31,,21207,520,,,0,71,,21208,520,,,0,30,,21209,520,,,0,70,,21210,520,,,0,30,,21211,520,,,0,70,,21212,520,,,0,30,,21213,520,,,0,70,,21214,520,,,0,30,,21215,520,,,0,70,,21216,520,,,0,30,,21217,520,,,0,70,,21218,520,,,0,30,,21219,520,,,0,70,,21220,520,,,0,30,,21221,520,,,0,70,,21222,520,,,0,30,,21223,520,,,0,70,,21224,520,,,0,30,,21225,520,,,0,70,,21226,520,,,0,30,,21227,520,,,0,70,,21228,520,,,0,30,,21229,520,,,0,70,,21230,520,,,0,31,,21231,520,,,0,70,,21232,520,,,0,30,,21233,520,,,0,111,,21234,520,,,0
