23101,'LA-H26-LA_GTFS-Fête-1-01',913,,1016,,,0,100,,1015,,,0,100,,1017,,,0,100,,1013,,,0,100,,1018,,,0,100,,1012,,,0,100,,1019,,,0,100,,1011,,,0,100,,1020,,,0,100,,1014,,,0,100,,1021,,,0,100,,1010,,,0,100,,1022,,,0,100,,1009,,,0
23101,'LA-H26-LA_GTFS-Fête-1-02',913,,1031,,,0,100,,1030,,,0,100,,1032,,,0,100,,1028,,,0,100,,1033,,,0,100,,1027,,,0,100,,1034,,,0,100,,1026,,,0,100,,1035,,,0,100,,1029,,,0,100,,1036,,,0,100,,1025,,,0,100,,1037,,,0,100,,1024,,,0
23101,'LA-H26-LA_GTFS-Fête-2-02',701,,1039,,,0,30,,1040,,,0,70,,1041,,,0,30,,1042,,,0,70,,1043,,,0,49,,1044,,,0,100,,1045,,,0,100,,1046,,,0,100,,1047,,,0,100,,1048,,,0,100,,1049,,,0,100,,1050,,,0,91,,1051,,,0,70,,1052,,,0,30,,1053,,,0,70,,1054,,,0,24,,1055,,,0,70,,1056,,,0,45,,1057,,,0,100,,1058,,,0,100,,1059,,,0,100,,1060,,,0
23101,'LA-H26-LA_GTFS-Semaine-01',701,,1062,,,0,30,,1063,,,0,70,,1064,,,0,30,,1065,,,0,70,,1066,,,0,49,,1067,,,0,100,,1068,,,0,100,,1069,,,0,100,,1070,,,0,100,,1071,,,0,100,,1072,,,0,100,,1073,,,0,94,,1074,,,0,67,,1075,,,0,33,,1076,,,0,67,,1077,,,0,27,,1078,,,0,67,,1079,,,0,45,,1080,,,0,100,,1081,,,0,100,,1082,,,0,100,,1083,,,0
23101,'LA-H26-LA_GTFS-Semaine-50',701,,1085,,,0,30,,1086,,,0,70,,1087,,,0,30,,1088,,,0,70,,1089,,,0,49,,1090,,,0,100,,1091,,,0,100,,1092,,,0,100,,1093,,,0,100,,1094,,,0,100,,1095,,,0,100,,1096,,,0,94,,1097,,,0,67,,1098,,,0,33,,1099,,,0,67,,1100,,,0,27,,1101,,,0,67,,1102,,,0,45,,1103,,,0,100,,1104,,,0,100,,1105,,,0,100,,1106,,,0
23101,'LA-H26-LA_GTFS-Week-end-01',913,,1115,,,0,100,,1114,,,0,100,,1116,,,0,100,,1112,,,0,100,,1117,,,0,100,,1111,,,0,100,,1118,,,0,100,,1110,,,0,100,,1119,,,0,100,,1113,,,0,100,,1120,,,0,100,,1109,,,0,100,,1121,,,0,100,,1108,,,0
23101,'LA-H26-LA_GTFS-Week-end-50',913,,1130,,,0,100,,1129,,,0,100,,1131,,,0,100,,1127,,,0,100,,1132,,,0,100,,1126,,,0,100,,1133,,,0,100,,1125,,,0,100,,1134,,,0,100,,1128,,,0,100,,1135,,,0,100,,1124,,,0,100,,1136,,,0,100,,1123,,,0
23801,'LA-H26-LA_GTFS-Fête-1-01',821,,1931,,,0,95,,1924,,,0,104,,1927,,,0,100,,1928,,,0,100,,1921,,,0,100,,1929,,,0,100,,1919,,,0,100,,1918,,,0,100,,1917,,,0,100,,1916,,,0,100,,1923,,,0,98,,1922,,,0,100,,1925,,,0,98,,1926,,,0,98,,1920,,,0
23801,'LA-H26-LA_GTFS-Fête-1-02',821,,1947,,,0,95,,1940,,,0,104,,1943,,,0,100,,1944,,,0,100,,1937,,,0,100,,1945,,,0,100,,1935,,,0,100,,1934,,,0,100,,1933,,,0,100,,1932,,,0,100,,1939,,,0,98,,1938,,,0,100,,1941,,,0,98,,1942,,,0,98,,1936,,,0
23801,'LA-H26-LA_GTFS-Fête-2-02',553,,1962,0,31 13,0,69,,1963,0,31 13,0,26,,1964,,,0,64,,1965,,,0,96,,1966,,,0,25,,1967,,,0,89,,1968,,,0,105,,1948,,,0,100,,1949,,,0,100,,1950,,,0,100,,1951,,,0,100,,1952,,,0,100,,1953,,,0,100,,1954,,,0,78,,1955,,,0,32,,1956,,,0,74,,1970,,,0,31,,1957,,,0,75,,1969,,,0,110,,1958,,,0,100,,1961,,,0,100,,1960,,,0
23801,'LA-H26-LA_GTFS-Semaine-01',553,,1986,0,31 13,0,69,,1987,0,31 13,0,26,,1988,,,0,64,,1989,,,0,96,,1990,,,0,19,,1991,,,0,95,,1992,,,0,105,,1972,,,0,100,,1973,,,0,100,,1974,,,0,100,,1975,,,0,100,,1976,,,0,100,,1977,,,0,100,,1978,,,0,78,,1979,,,0,32,,1980,,,0,74,,1994,,,0,31,,1981,,,0,75,,1993,,,0,110,,1982,,,0,100,,1985,,,0,100,,1984,,,0
23801,'LA-H26-LA_GTFS-Semaine-50',553,,2010,0,31 13,0,69,,2011,0,31 13,0,26,,2012,,,0,64,,2013,,,0,96,,2014,,,0,19,,2015,,,0,95,,2016,,,0,105,,1996,,,0,100,,1997,,,0,100,,1998,,,0,100,,1999,,,0,100,,2000,,,0,100,,2001,,,0,100,,2002,,,0,78,,2003,,,0,32,,2004,,,0,74,,2018,,,0,31,,2005,,,0,75,,2017,,,0,110,,2006,,,0,100,,2009,,,0,100,,2008,,,0
23801,'LA-H26-LA_GTFS-Week-end-01',821,,2035,,,0,95,,2028,,,0,104,,2031,,,0,100,,2032,,,0,100,,2025,,,0,100,,2033,,,0,100,,2023,,,0,100,,2022,,,0,100,,2021,,,0,100,,2020,,,0,100,,2027,,,0,98,,2026,,,0,100,,2029,,,0,98,,2030,,,0,98,,2024,,,0
23801,'LA-H26-LA_GTFS-Week-end-50',821,,2051,,,0,95,,2044,,,0,104,,2047,,,0,100,,2048,,,0,100,,2041,,,0,100,,2049,,,0,100,,2039,,,0,100,,2038,,,0,100,,2037,,,0,100,,2036,,,0,100,,2043,,,0,98,,2042,,,0,100,,2045,,,0,98,,2046,,,0,98,,2040,,,0
