23300,'Fête-1-02',836,,21641,30,,,0,200,,21643,30,,,0,200,,21639,30,,,0,200,,21644,30,,,0,200,,21642,30,,,0,200,,21640,30,,,0,200,,21637,30,,,0,200,,21638,30,0,8 41 1 42 43 44,0
23300,'Semaine-02',606,,18057,30,,,0,38,,18058,30,,,0,162,,18068,30,,,0,230,,18059,30,,,0,200,,18060,30,,,0,200,,18061,30,,,0,175,,18062,30,,,0,105,,18063,30,,,0,100,,18067,30,,,0,105,,18064,30,,,0,115,,18065,30,,,0,207,,18066,30,0,8 41 1 42 43 44,0
23300,'Semaine-03',606,,21645,30,,,0,38,,21646,30,,,0,162,,21656,30,,,0,230,,21647,30,,,0,200,,21648,30,,,0,200,,21649,30,,,0,175,,21650,30,,,0,105,,21651,30,,,0,100,,21655,30,,,0,105,,21652,30,,,0,115,,21653,30,,,0,207,,21654,30,0,8 41 1 42 43 44,0
23300,'Week-end-01',836,,18073,30,,,0,200,,18075,30,,,0,200,,18071,30,,,0,200,,18076,30,,,0,200,,18074,30,,,0,200,,18072,30,,,0,200,,18069,30,,,0,200,,18070,30,0,8 41 1 42 43 44,0
23400,'Fête-1-02',936,,21662,30,,,0,200,,21660,30,,,0,200,,21657,30,,,0,200,,21659,30,,,0,200,,21658,30,,,0,200,,21663,30,,,0,200,,21661,30,,,0
23400,'Semaine-02',625,,18099,30,,,0,106,,18112,30,,,0,103,,18100,30,,,0,102,,18101,30,,,0,200,,18102,30,,,0,200,,18103,30,,,0,200,,18104,30,,,0,108,,18105,30,,,0,102,,18106,30,,,0,98,,18111,30,,,0,92,,18107,30,,,0,200,,18108,30,,,0
23400,'Semaine-03',625,,21665,30,,,0,106,,21678,30,,,0,103,,21666,30,,,0,102,,21667,30,,,0,200,,21668,30,,,0,200,,21669,30,,,0,200,,21670,30,,,0,108,,21671,30,,,0,102,,21672,30,,,0,98,,21677,30,,,0,92,,21673,30,,,0,200,,21674,30,,,0
23400,'Week-end-01',936,,18118,30,,,0,200,,18116,30,,,0,200,,18113,30,,,0,200,,18115,30,,,0,200,,18114,30,,,0,200,,18119,30,,,0,200,,18117,30,,,0
23900,'Fête-1-02',836,,21861,30,,,0,100,,21869,30,,,0,100,,21870,30,,,0,100,,21871,30,,,0,100,,21872,30,,,0,100,,21873,30,,,0,100,,21874,30,,,0,100,,21867,30,,,0,100,,21863,30,,,0,100,,21862,30,,,0,100,,21864,30,,,0,100,,21865,30,,,0,100,,21866,30,,,0,100,,21868,30,,,0,100,,21875,30,0,8 35 1 36,0
23900,'Semaine-02',623,,18526,30,,,0,20,,18550,30,,,0,67,,18527,30,,,0,27,,18528,30,,,0,69,,18542,30,,,0,30,,18539,30,,,0,100,,18529,30,,,0,100,,18530,30,,,0,100,,18531,30,,,0,100,,18532,30,,,0,100,,18533,30,,,0,100,,18534,30,,,0,100,,18535,30,,,0,75,,18536,30,,,0,35,,18547,30,,,0,80,,18548,30,,,0,20,,18543,30,,,0,75,,18540,30,,,0,22,,18537,30,,,0,78,,18549,30,,,0,115,,18546,30,,,0,100,,18545,30,,,0,107,,18544,30,0,8 35 1 36,0
23900,'Semaine-03',623,,21877,30,,,0,20,,21901,30,,,0,67,,21878,30,,,0,27,,21879,30,,,0,69,,21893,30,,,0,30,,21890,30,,,0,100,,21880,30,,,0,100,,21881,30,,,0,100,,21882,30,,,0,100,,21883,30,,,0,100,,21884,30,,,0,100,,21885,30,,,0,100,,21886,30,,,0,75,,21887,30,,,0,35,,21898,30,,,0,80,,21899,30,,,0,20,,21894,30,,,0,75,,21891,30,,,0,22,,21888,30,,,0,78,,21900,30,,,0,115,,21897,30,,,0,100,,21896,30,,,0,107,,21895,30,0,8 35 1 36,0
23900,'Week-end-01',836,,18551,30,,,0,100,,18559,30,,,0,100,,18560,30,,,0,100,,18561,30,,,0,100,,18562,30,,,0,100,,18563,30,,,0,100,,18564,30,,,0,100,,18557,30,,,0,100,,18553,30,,,0,100,,18552,30,,,0,100,,18554,30,,,0,100,,18555,30,,,0,100,,18556,30,,,0,100,,18558,30,,,0,100,,18565,30,0,8 35 1 36,0
