24201,'Fête-1-01',742,,2347,,,0,100,,2348,,,0,100,,2349,,,0,100,,2350,,,0,100,,2351,,,0,100,,2352,,,0,100,,2353,,,0,100,,2354,,,0,100,,2355,,,0,100,,2356,,,0,100,,2357,,,0,100,,2358,,,0,100,,2359,,,0,100,,2360,,,0,100,,2361,,,0,100,,2362,,,0
24201,'Fête-1-02',742,,2363,,,0,100,,2364,,,0,100,,2365,,,0,100,,2366,,,0,100,,2367,,,0,100,,2368,,,0,100,,2369,,,0,100,,2370,,,0,100,,2371,,,0,100,,2372,,,0,100,,2373,,,0,100,,2374,,,0,100,,2375,,,0,100,,2376,,,0,100,,2377,,,0,100,,2378,,,0
24201,'Fête-2-02',628,,2379,,,0,75,,2380,,,0,39,,2381,,,0,75,,2382,,,0,36,,2383,,,0,78,,2384,,,0,109,,2385,,,0,100,,2386,,,0,100,,2387,,,0,100,,2388,,,0,100,,2389,,,0,107,,2390,,,0,88,,2391,,,0,74,,2392,,,0,50,,2393,,,0,72,,2394,,,0,76,,2395,,,0,43,,2396,,,0,100,,2397,,,0,100,,2398,,,0,100,,2399,,,0
24201,'Semaine-01',628,,2400,,,0,75,,2401,,,0,39,,2402,,,0,75,,2403,,,0,36,,2404,,,0,78,,2405,,,0,109,,2406,,,0,100,,2407,,,0,100,,2408,,,0,100,,2409,,,0,100,,2410,,,0,107,,2411,,,0,88,,2412,,,0,74,,2413,,,0,50,,2414,,,0,72,,2415,,,0,76,,2416,,,0,43,,2417,,,0,100,,2418,,,0,100,,2419,,,0,100,,2420,,,0
24201,'Semaine-50',628,,2421,,,0,75,,2422,,,0,39,,2423,,,0,75,,2424,,,0,36,,2425,,,0,78,,2426,,,0,109,,2427,,,0,100,,2428,,,0,100,,2429,,,0,100,,2430,,,0,100,,2431,,,0,107,,2432,,,0,88,,2433,,,0,74,,2434,,,0,50,,2435,,,0,72,,2436,,,0,76,,2437,,,0,43,,2438,,,0,100,,2439,,,0,100,,2440,,,0,100,,2441,,,0
24201,'Week-end-01',742,,2442,,,0,100,,2443,,,0,100,,2444,,,0,100,,2445,,,0,100,,2446,,,0,100,,2447,,,0,100,,2448,,,0,100,,2449,,,0,100,,2450,,,0,100,,2451,,,0,100,,2452,,,0,100,,2453,,,0,100,,2454,,,0,100,,2455,,,0,100,,2456,,,0,100,,2457,,,0
24201,'Week-end-50',742,,2458,,,0,100,,2459,,,0,100,,2460,,,0,100,,2461,,,0,100,,2462,,,0,100,,2463,,,0,100,,2464,,,0,100,,2465,,,0,100,,2466,,,0,100,,2467,,,0,100,,2468,,,0,100,,2469,,,0,100,,2470,,,0,100,,2471,,,0,100,,2472,,,0,100,,2473,,,0
60000,'Fête-1-01',727,,5813,,,0,100,,5812,,,0,100,,5811,,,0,100,,5810,,,0,100,,5809,,,0,100,,5808,,,0,100,,5807,,,0,100,,5806,,,0,100,,5805,,,0,100,,5804,,,0,100,,5803,,,0,100,,5802,,,0,100,,5801,,,0,100,,5800,,,0,100,,5799,,,0,100,,5797,,,0,88,,5798,,,0
60000,'Fête-1-02',727,,5830,,,0,100,,5829,,,0,100,,5828,,,0,100,,5827,,,0,100,,5826,,,0,100,,5825,,,0,100,,5824,,,0,100,,5823,,,0,100,,5822,,,0,100,,5821,,,0,100,,5820,,,0,100,,5819,,,0,100,,5818,,,0,100,,5817,,,0,100,,5816,,,0,100,,5814,,,0,88,,5815,,,0
60000,'Fête-2-02',608,,5836,,,0,49,,5838,,,0,74,,5840,,,0,70,,5842,,,0,30,,5844,,,0,70,,5846,,,0,30,,5847,,,0,96,,5848,,,0,100,,5849,,,0,100,,5850,,,0,100,,5851,,,0,100,,5852,,,0,100,,5853,,,0,101,,5835,,,0,30,,5834,,,0,70,,5833,,,0,30,,5831,,,0,70,,5832,,,0,99,,5845,,,0,100,,5843,,,0,100,,5841,,,0,96,,5839,,,0,104,,5837,,,0
60000,'Semaine-01',608,,5860,,,0,19,,5861,,,0,30,,5863,,,0,74,,5865,,,0,70,,5867,,,0,30,,5869,,,0,70,,5871,,,0,30,,5872,,,0,96,,5873,,,0,100,,5874,,,0,100,,5875,,,0,30,,5876,,,0,70,,5877,,,0,30,,5878,,,0,100,,5879,,,0,70,,5880,,,0,30,,5859,,,0,71,,5858,,,0,30,,5857,,,0,70,,5856,,,0,30,,5854,,,0,70,,5855,,,0,99,,5870,,,0,100,,5868,,,0,100,,5866,,,0,96,,5864,,,0,104,,5862,,,0
60000,'Semaine-50',608,,5887,,,0,19,,5888,,,0,30,,5890,,,0,74,,5892,,,0,70,,5894,,,0,30,,5896,,,0,70,,5898,,,0,30,,5899,,,0,96,,5900,,,0,100,,5901,,,0,100,,5902,,,0,30,,5903,,,0,70,,5904,,,0,30,,5905,,,0,100,,5906,,,0,70,,5907,,,0,30,,5886,,,0,71,,5885,,,0,30,,5884,,,0,70,,5883,,,0,30,,5881,,,0,70,,5882,,,0,99,,5897,,,0,100,,5895,,,0,100,,5893,,,0,96,,5891,,,0,104,,5889,,,0
60000,'Week-end-01',727,,5924,,,0,100,,5923,,,0,100,,5922,,,0,100,,5921,,,0,100,,5920,,,0,100,,5919,,,0,100,,5918,,,0,100,,5917,,,0,100,,5916,,,0,100,,5915,,,0,100,,5914,,,0,100,,5913,,,0,100,,5912,,,0,100,,5911,,,0,100,,5910,,,0,100,,5908,,,0,88,,5909,,,0
60000,'Week-end-50',727,,5941,,,0,100,,5940,,,0,100,,5939,,,0,100,,5938,,,0,100,,5937,,,0,100,,5936,,,0,100,,5935,,,0,100,,5934,,,0,100,,5933,,,0,100,,5932,,,0,100,,5931,,,0,100,,5930,,,0,100,,5929,,,0,100,,5928,,,0,100,,5927,,,0,100,,5925,,,0,88,,5926,,,0
