23000,'Fête-1-02',854,,21490,250,4,,0,100,,21491,250,4,,0,102,,21495,250,4,,0,101,,21496,250,4,,0,100,,21497,250,4,,0,100,,21498,250,4,,0,100,,21499,250,4,,0,99,,21501,250,4,,0,100,,21489,250,4,,0,98,,21488,250,4,,0,99,,21500,250,4,,0,100,,21494,250,4,,0,100,,21493,250,4,,0,100,,21492,250,4,,0,100,,21502,250,4,,0
23000,'Semaine-02',627,,17779,250,4,,0,30,,17780,250,4,,0,72,,17781,250,4,,0,30,,17782,250,4,,0,70,,17783,250,4,,0,29,,17784,250,4,,0,100,,17785,250,4,,0,146,,17790,250,4,,0,105,,17791,250,4,,0,110,,17792,250,4,,0,117,,17793,250,4,,0,115,,17794,250,4,,0,75,,17777,250,4,,0,79,,17776,250,4,,0,39,,17775,250,4,,0,70,,17778,250,4,,0,29,,17795,250,4,,0,70,,17789,250,4,,0,99,,17788,250,4,,0,99,,17787,250,4,,0,100,,17786,250,4,,0
23000,'Semaine-03',627,,21507,250,4,,0,30,,21508,250,4,,0,72,,21509,250,4,,0,30,,21510,250,4,,0,70,,21511,250,4,,0,29,,21512,250,4,,0,100,,21513,250,4,,0,146,,21518,250,4,,0,105,,21519,250,4,,0,110,,21520,250,4,,0,117,,21521,250,4,,0,115,,21522,250,4,,0,75,,21505,250,4,,0,79,,21504,250,4,,0,39,,21503,250,4,,0,70,,21506,250,4,,0,29,,21523,250,4,,0,70,,21517,250,4,,0,99,,21516,250,4,,0,99,,21515,250,4,,0,100,,21514,250,4,,0
23000,'Week-end-01',854,,17798,250,4,,0,100,,17799,250,4,,0,102,,17803,250,4,,0,101,,17804,250,4,,0,100,,17805,250,4,,0,100,,17806,250,4,,0,100,,17807,250,4,,0,99,,17809,250,4,,0,100,,17797,250,4,,0,98,,17796,250,4,,0,99,,17808,250,4,,0,100,,17802,250,4,,0,100,,17801,250,4,,0,100,,17800,250,4,,0,100,,17810,250,4,,0
23001,'Fête-1-02',805,,21525,10,,,0,100,,21537,10,,,0,100,,21526,10,,,0,100,,21531,10,,,0,100,,21538,10,,,0,100,,21532,10,,,0,100,,21533,10,,,0,100,,21534,10,,,0,100,,21536,10,,,0,100,,21529,10,,,0,100,,21530,10,,,0,100,,21535,10,,,0,100,,21528,10,,,0,100,,21527,10,,,0,100,,21524,10,,,0
23001,'Semaine-02',605,,17856,10,,,0,30,,17849,10,,,0,70,,17850,10,,,0,30,,17851,10,,,0,70,,17852,10,,,0,30,,17853,10,,,0,70,,17854,10,,,0,100,,17855,10,,,0,105,,17864,10,,,0,105,,17865,10,,,0,115,,17866,10,,,0,115,,17867,10,,,0,155,,17869,10,,,0,40,,17861,10,,,0,75,,17862,10,,,0,35,,17863,10,,,0,70,,17860,10,,,0,30,,17868,10,,,0,70,,17859,10,,,0,100,,17858,10,,,0,100,,17857,10,,,0,100,,17848,10,,,0
23001,'Semaine-03',605,,21547,10,,,0,30,,21540,10,,,0,70,,21541,10,,,0,30,,21542,10,,,0,70,,21543,10,,,0,30,,21544,10,,,0,70,,21545,10,,,0,100,,21546,10,,,0,105,,21555,10,,,0,105,,21556,10,,,0,115,,21557,10,,,0,115,,21558,10,,,0,155,,21560,10,,,0,40,,21552,10,,,0,75,,21553,10,,,0,35,,21554,10,,,0,70,,21551,10,,,0,30,,21559,10,,,0,70,,21550,10,,,0,100,,21549,10,,,0,100,,21548,10,,,0,100,,21539,10,,,0
23001,'Week-end-01',805,,17871,10,,,0,100,,17883,10,,,0,100,,17872,10,,,0,100,,17877,10,,,0,100,,17884,10,,,0,100,,17878,10,,,0,100,,17879,10,,,0,100,,17880,10,,,0,100,,17882,10,,,0,100,,17875,10,,,0,100,,17876,10,,,0,100,,17881,10,,,0,100,,17874,10,,,0,100,,17873,10,,,0,100,,17870,10,,,0
23500,'Fête-1-02',857,,21687,350,4,,0,100,,21683,350,4,,0,100,,21688,350,4,,0,101,,21689,350,4,,0,100,,21692,350,4,,0,100,,21690,350,4,,0,100,,21691,350,4,,0,98,,21685,350,4,,0,100,,21686,350,4,,0,100,,21684,350,4,,0,100,,21679,350,4,,0,100,,21681,350,4,,0,100,,21682,350,4,,0,100,,21680,350,4,,0,100,,21693,350,4,,0
23500,'Semaine-02',628,,18159,350,4,,0,20,,18158,350,4,,0,81,,18161,350,4,,0,25,,18160,350,4,,0,75,,18163,350,4,,0,30,,18162,350,4,,0,141,,18164,350,4,,0,100,,18165,350,4,,0,100,,18166,350,4,,0,100,,18167,350,4,,0,100,,18168,350,4,,0,101,,18169,350,4,,0,114,,18170,350,4,,0,40,,18172,350,4,,0,73,,18171,350,4,,0,75,,18173,350,4,,0,30,,18175,350,4,,0,72,,18174,350,4,,0,98,,18176,350,4,,0,100,,18177,350,4,,0,99,,18178,350,4,,0,101,,18179,350,4,,0
23500,'Semaine-03',628,,21695,350,4,,0,20,,21694,350,4,,0,81,,21697,350,4,,0,25,,21696,350,4,,0,75,,21699,350,4,,0,30,,21698,350,4,,0,141,,21700,350,4,,0,100,,21701,350,4,,0,100,,21702,350,4,,0,100,,21703,350,4,,0,100,,21704,350,4,,0,101,,21705,350,4,,0,114,,21706,350,4,,0,40,,21708,350,4,,0,73,,21707,350,4,,0,75,,21709,350,4,,0,30,,21711,350,4,,0,72,,21710,350,4,,0,98,,21712,350,4,,0,100,,21713,350,4,,0,99,,21714,350,4,,0,101,,21715,350,4,,0
23500,'Week-end-01',857,,18188,350,4,,0,100,,18184,350,4,,0,100,,18189,350,4,,0,101,,18190,350,4,,0,100,,18193,350,4,,0,100,,18191,350,4,,0,100,,18192,350,4,,0,98,,18186,350,4,,0,100,,18187,350,4,,0,100,,18185,350,4,,0,100,,18180,350,4,,0,100,,18182,350,4,,0,100,,18183,350,4,,0,100,,18181,350,4,,0,100,,18194,350,4,,0
23501,'Fête-1-02',805,,21722,10,,,0,100,,21726,10,,,0,100,,21719,10,,,0,100,,21720,10,,,0,100,,21716,10,,,0,100,,21718,10,,,0,100,,21717,10,,,0,100,,21721,10,,,0,100,,21724,10,,,0,100,,21729,10,,,0,100,,21730,10,,,0,100,,21723,10,,,0,100,,21725,10,,,0,100,,21727,10,,,0,100,,21728,10,,,0
23501,'Semaine-02',535,,18232,10,,,0,20,,18253,10,,,0,80,,18234,10,,,0,20,,18233,10,,,0,80,,18236,10,,,0,65,,18235,10,,,0,105,,18237,10,,,0,100,,18238,10,,,0,100,,18239,10,,,0,100,,18240,10,,,0,100,,18241,10,,,0,100,,18242,10,,,0,105,,18243,10,,,0,35,,18245,10,,,0,75,,18244,10,,,0,85,,18246,10,,,0,30,,18248,10,,,0,75,,18247,10,,,0,100,,18249,10,,,0,100,,18250,10,,,0,100,,18251,10,,,0,100,,18252,10,,,0
23501,'Semaine-03',535,,21731,10,,,0,20,,21752,10,,,0,80,,21733,10,,,0,20,,21732,10,,,0,80,,21735,10,,,0,65,,21734,10,,,0,105,,21736,10,,,0,100,,21737,10,,,0,100,,21738,10,,,0,100,,21739,10,,,0,100,,21740,10,,,0,100,,21741,10,,,0,105,,21742,10,,,0,35,,21744,10,,,0,75,,21743,10,,,0,85,,21745,10,,,0,30,,21747,10,,,0,75,,21746,10,,,0,100,,21748,10,,,0,100,,21749,10,,,0,100,,21750,10,,,0,100,,21751,10,,,0
23501,'Week-end-01',805,,18260,10,,,0,100,,18264,10,,,0,100,,18257,10,,,0,100,,18258,10,,,0,100,,18254,10,,,0,100,,18256,10,,,0,100,,18255,10,,,0,100,,18259,10,,,0,100,,18262,10,,,0,100,,18267,10,,,0,100,,18268,10,,,0,100,,18261,10,,,0,100,,18263,10,,,0,100,,18265,10,,,0,100,,18266,10,,,0
