24700,'Fête-1-01',814,,2585,,,0,130,,2579,,,0,170,,2581,,,0,130,,2586,,,0,170,,2587,,,0,130,,2582,,,0,170,,2580,,,0,130,,2583,,,0,170,,2584,,,0
24700,'Fête-1-02',814,,2594,,,0,130,,2588,,,0,170,,2590,,,0,130,,2595,,,0,170,,2596,,,0,130,,2591,,,0,170,,2589,,,0,130,,2592,,,0,170,,2593,,,0
24700,'Fête-2-02',644,,2602,,,0,82,,2603,,,0,103,,2604,,,0,185,,2610,,,0,130,,2611,,,0,170,,2608,,,0,130,,2609,,,0,71,,2597,,,0,113,,2598,,,0,92,,2599,,,0,107,,2600,,,0,32,,2601,,,0,161,,2605,,,0,129,,2606,,,0,170,,2607,,,0
24700,'Semaine-01',644,,2620,,,0,82,,2621,,,0,103,,2622,,,0,185,,2628,,,0,130,,2629,,,0,170,,2626,,,0,130,,2627,,,0,71,,2612,,,0,113,,2613,,,0,28,,2614,,,0,64,,2615,,,0,87,,2616,,,0,20,,2617,,,0,32,,2618,,,0,99,,2619,,,0,62,,2623,,,0,129,,2624,,,0,170,,2625,,,0
24700,'Semaine-50',644,,2638,,,0,82,,2639,,,0,103,,2640,,,0,185,,2646,,,0,130,,2647,,,0,170,,2644,,,0,130,,2645,,,0,71,,2630,,,0,113,,2631,,,0,28,,2632,,,0,64,,2633,,,0,87,,2634,,,0,20,,2635,,,0,32,,2636,,,0,99,,2637,,,0,62,,2641,,,0,129,,2642,,,0,170,,2643,,,0
24700,'Week-end-01',814,,2654,,,0,130,,2648,,,0,170,,2650,,,0,130,,2655,,,0,170,,2656,,,0,130,,2651,,,0,170,,2649,,,0,130,,2652,,,0,170,,2653,,,0
24700,'Week-end-50',814,,2663,,,0,130,,2657,,,0,170,,2659,,,0,130,,2664,,,0,170,,2665,,,0,130,,2660,,,0,170,,2658,,,0,130,,2661,,,0,170,,2662,,,0
24900,'Fête-1-01',813,,2787,0,5,0,130,,2788,0,5,0,170,,2797,0,5,0,130,,2789,0,5,0,170,,2790,0,5,0,130,,2791,0,5,0,170,,2792,0,5,0,130,,2793,0,5,0,170,,2794,0,5,0,130,,2795,0,5,0,170,,2796,0,5,0
24900,'Fête-1-02',813,,2798,0,5,0,130,,2799,0,5,0,170,,2808,0,5,0,130,,2800,0,5,0,170,,2801,0,5,0,130,,2802,0,5,0,170,,2803,0,5,0,130,,2804,0,5,0,170,,2805,0,5,0,130,,2806,0,5,0,170,,2807,0,5,0
24900,'Fête-2-02',640,,2810,,,0,68,,2811,,,0,33,,2812,,,0,98,,2813,,,0,174,,2814,,,0,100,,2815,,,0,100,,2816,,,0,100,,2817,,,0,100,,2818,,,0,105,,2819,,,0,36,,2820,,,0,73,,2821,,,0,93,,2822,,,0,32,,2823,,,0,76,,2824,,,0,90,,2825,,,0,100,,2826,,,0,100,,2827,,,0,100,,2828,,,0,100,,2809,,,0
24900,'Semaine-01',640,,2830,,,0,68,,2831,,,0,33,,2832,,,0,98,,2833,,,0,69,,2834,,,0,105,,2835,,,0,100,,2836,,,0,100,,2837,,,0,100,,2838,,,0,100,,2839,,,0,105,,2840,,,0,36,,2841,,,0,73,,2842,,,0,93,,2843,,,0,32,,2844,,,0,76,,2845,,,0,90,,2846,,,0,100,,2847,,,0,100,,2848,,,0,100,,2849,,,0,100,,2829,,,0
24900,'Semaine-50',640,,2851,,,0,68,,2852,,,0,33,,2853,,,0,98,,2854,,,0,69,,2855,,,0,105,,2856,,,0,100,,2857,,,0,100,,2858,,,0,100,,2859,,,0,100,,2860,,,0,105,,2861,,,0,36,,2862,,,0,73,,2863,,,0,93,,2864,,,0,32,,2865,,,0,76,,2866,,,0,90,,2867,,,0,100,,2868,,,0,100,,2869,,,0,100,,2870,,,0,100,,2850,,,0
24900,'Week-end-01',813,,2871,0,5,0,130,,2872,0,5,0,170,,2881,0,5,0,130,,2873,0,5,0,170,,2874,0,5,0,130,,2875,0,5,0,170,,2876,0,5,0,130,,2877,0,5,0,170,,2878,0,5,0,130,,2879,0,5,0,170,,2880,0,5,0
24900,'Week-end-50',813,,2882,0,5,0,130,,2883,0,5,0,170,,2892,0,5,0,130,,2884,0,5,0,170,,2885,0,5,0,130,,2886,0,5,0,170,,2887,0,5,0,130,,2888,0,5,0,170,,2889,0,5,0,130,,2890,0,5,0,170,,2891,0,5,0
