23000,'Fête-1-02',839,,21490,80,,,0,100,,21491,80,,,0,101,,21495,80,,,0,100,,21496,80,,,0,100,,21497,80,,,0,100,,21498,80,,,0,100,,21499,80,,,0,100,,21501,80,,,0,100,,21489,80,,,0,99,,21488,80,,,0,100,,21500,80,,,0,100,,21494,80,,,0,100,,21493,80,,,0,100,,21492,80,,,0,100,,21502,80,,,0
23000,'Semaine-02',611,,17779,80,,,0,30,,17780,80,,,0,71,,17781,80,,,0,30,,17782,80,,,0,70,,17783,80,,,0,29,,17784,80,,,0,100,,17785,80,,,0,105,,17790,80,,,0,105,,17791,80,,,0,150,,17792,80,,,0,116,,17793,80,,,0,115,,17794,80,,,0,75,,17777,80,,,0,39,,17776,80,,,0,80,,17775,80,0,8 27 75,0,30,,17778,80,,,0,69,,17795,80,,,0,30,,17789,80,,,0,100,,17788,80,,,0,100,,17787,80,,,0,100,,17786,80,,,0
23000,'Semaine-03',611,,21507,80,,,0,30,,21508,80,,,0,71,,21509,80,,,0,30,,21510,80,,,0,70,,21511,80,,,0,29,,21512,80,,,0,100,,21513,80,,,0,105,,21518,80,,,0,105,,21519,80,,,0,150,,21520,80,,,0,116,,21521,80,,,0,115,,21522,80,,,0,75,,21505,80,,,0,39,,21504,80,,,0,80,,21503,80,0,8 27 75,0,30,,21506,80,,,0,69,,21523,80,,,0,30,,21517,80,,,0,100,,21516,80,,,0,100,,21515,80,,,0,100,,21514,80,,,0
23000,'Week-end-01',839,,17798,80,,,0,100,,17799,80,,,0,101,,17803,80,,,0,100,,17804,80,,,0,100,,17805,80,,,0,100,,17806,80,,,0,100,,17807,80,,,0,100,,17809,80,,,0,100,,17797,80,,,0,99,,17796,80,,,0,100,,17808,80,,,0,100,,17802,80,,,0,100,,17801,80,,,0,100,,17800,80,,,0,100,,17810,80,,,0
23101,'Fête-1-02',915,,21568,500,,,0,100,,21567,500,,,0,100,,21569,500,,,0,100,,21565,500,,,0,100,,21570,500,,,0,100,,21564,500,,,0,100,,21571,500,,,0,100,,21563,500,,,0,100,,21572,500,,,0,100,,21566,500,,,0,100,,21573,500,,,0,100,,21562,500,,,0,100,,21574,500,,,0,100,,21561,500,,,0
23101,'Semaine-02',651,,17923,500,,,0,64,,17924,500,,,0,37,,17925,500,,,0,67,,17926,500,,,0,33,,17927,500,,,0,93,,17928,500,,,0,100,,17929,500,,,0,100,,17930,500,,,0,100,,17931,500,,,0,100,,17932,500,,,0,101,,17933,500,,,0,102,,17934,500,,,0,88,,17935,500,,,0,72,,17936,500,,,0,25,,17937,500,,,0,67,,17938,500,,,0,31,,17939,500,,,0,27,,17940,500,,,0,84,,17941,500,,,0,100,,17942,500,,,0,102,,17943,500,,,0,99,,17944,500,,,0
23101,'Semaine-03',651,,21576,500,,,0,64,,21577,500,,,0,37,,21578,500,,,0,67,,21579,500,,,0,33,,21580,500,,,0,93,,21581,500,,,0,100,,21582,500,,,0,100,,21583,500,,,0,100,,21584,500,,,0,100,,21585,500,,,0,101,,21586,500,,,0,102,,21587,500,,,0,88,,21588,500,,,0,72,,21589,500,,,0,25,,21590,500,,,0,67,,21591,500,,,0,31,,21592,500,,,0,27,,21593,500,,,0,84,,21594,500,,,0,100,,21595,500,,,0,102,,21596,500,,,0,99,,21597,500,,,0
23101,'Week-end-01',915,,17953,500,,,0,100,,17952,500,,,0,100,,17954,500,,,0,100,,17950,500,,,0,100,,17955,500,,,0,100,,17949,500,,,0,100,,17956,500,,,0,100,,17948,500,,,0,100,,17957,500,,,0,100,,17951,500,,,0,100,,17958,500,,,0,100,,17947,500,,,0,100,,17959,500,,,0,100,,17946,500,,,0
23600,'Fête-1-02',857,,21764,330,,,0,100,,21755,330,,,0,100,,21765,330,,,0,100,,21753,330,,,0,100,,21761,330,,,0,100,,21757,330,,,0,100,,21763,330,,,0,100,,21754,330,,,0,100,,21767,330,,,0,100,,21756,330,,,0,100,,21762,330,,,0,100,,21758,330,,,0,100,,21760,330,,,0,100,,21759,330,,,0
23600,'Semaine-02',622,,18303,330,,,0,110,,18304,330,,,0,81,,18321,330,,,0,39,,18305,330,,,0,76,,18306,330,,,0,95,,18307,330,,,0,99,,18308,330,,,0,101,,18309,330,,,0,100,,18310,330,,,0,100,,18311,330,,,0,100,,18312,330,,,0,100,,18313,330,,,0,85,,18314,330,,,0,40,,18315,330,,,0,83,,18316,330,,,0,124,,18317,330,,,0,103,,18318,330,,,0,100,,18319,330,,,0
23600,'Semaine-03',622,,21768,330,,,0,110,,21769,330,,,0,81,,21786,330,,,0,39,,21770,330,,,0,76,,21771,330,,,0,95,,21772,330,,,0,99,,21773,330,,,0,101,,21774,330,,,0,100,,21775,330,,,0,100,,21776,330,,,0,100,,21777,330,,,0,100,,21778,330,,,0,85,,21779,330,,,0,40,,21780,330,,,0,83,,21781,330,,,0,124,,21782,330,,,0,103,,21783,330,,,0,100,,21784,330,,,0
23600,'Week-end-01',857,,18333,330,,,0,100,,18324,330,,,0,100,,18334,330,,,0,100,,18322,330,,,0,100,,18330,330,,,0,100,,18326,330,,,0,100,,18332,330,,,0,100,,18323,330,,,0,100,,18336,330,,,0,100,,18325,330,,,0,100,,18331,330,,,0,100,,18327,330,,,0,100,,18329,330,,,0,100,,18328,330,,,0
23801,'Fête-1-02',826,,21836,220,,,0,93,,21829,320,,,0,103,,21832,320,,,0,100,,21833,320,,,0,100,,21826,320,,,0,100,,21834,320,,,0,100,,21824,320,,,0,100,,21823,320,,,0,100,,21822,320,,,0,100,,21821,320,,,0,100,,21828,320,,,0,98,,21827,320,,,0,100,,21830,320,,,0,98,,21831,320,,,0,99,,21825,320,,,0
23801,'Semaine-02',552,,18459,220,0,31 13,0,64,,18460,220,0,31 13,0,38,,18461,320,,,0,62,,18462,320,,,0,42,,18463,320,,,0,62,,18464,320,,,0,99,,18465,320,,,0,105,,18445,320,,,0,100,,18446,320,,,0,100,,18447,320,,,0,100,,18448,320,,,0,100,,18449,320,,,0,100,,18450,320,,,0,100,,18451,320,,,0,81,,18452,320,,,0,32,,18453,320,,,0,74,,18467,320,,,0,31,,18454,320,,,0,75,,18466,320,,,0,106,,18455,320,,,0,100,,18458,320,,,0,100,,18457,320,,,0
23801,'Semaine-03',552,,21851,220,0,31 13,0,64,,21852,220,0,31 13,0,38,,21853,320,,,0,62,,21854,320,,,0,42,,21855,320,,,0,62,,21856,320,,,0,99,,21857,320,,,0,105,,21837,320,,,0,100,,21838,320,,,0,100,,21839,320,,,0,100,,21840,320,,,0,100,,21841,320,,,0,100,,21842,320,,,0,100,,21843,320,,,0,81,,21844,320,,,0,32,,21845,320,,,0,74,,21859,320,,,0,31,,21846,320,,,0,75,,21858,320,,,0,106,,21847,320,,,0,100,,21850,320,,,0,100,,21849,320,,,0
23801,'Week-end-01',826,,18484,220,,,0,93,,18477,320,,,0,103,,18480,320,,,0,100,,18481,320,,,0,100,,18474,320,,,0,100,,18482,320,,,0,100,,18472,320,,,0,100,,18471,320,,,0,100,,18470,320,,,0,100,,18469,320,,,0,100,,18476,320,,,0,98,,18475,320,,,0,100,,18478,320,,,0,98,,18479,320,,,0,99,,18473,320,,,0
70900,'Fête-1-02',707,,23054,540,,,0,25,,23055,540,,,0,15,,23056,540,,,0,70,,23057,540,,,0,30,,23058,540,,,0,71,,23059,540,,,0,30,,23060,540,,,0,70,,23061,540,,,0,30,,23062,540,,,0,70,,23063,540,,,0,31,,23064,540,,,0,70,,23065,540,,,0,30,,23066,540,,,0,70,,23067,540,,,0,30,,23068,540,,,0,70,,23069,540,,,0,30,,23070,540,,,0,71,,23071,540,,,0,30,,23072,540,,,0,70,,23073,540,,,0,30,,23074,540,,,0,70,,23075,540,,,0,30,,23076,540,,,0,69,,23077,540,,,0,30,,23078,540,,,0,70,,23079,540,,,0,28,,23080,540,,,0,70,,23081,540,,,0,30,,23082,540,,,0,69,,23083,540,,,0,30,,23084,540,,,0,70,,23085,540,,,0,30,,23086,540,,,0,60,,23087,540,,,0,29,,23088,540,,,0,70,,23089,540,,,0,30,,23090,540,,,0,70,,23091,540,,,0,109,,23092,540,,,0
70900,'Semaine-02',626,,20961,540,0,11 12 13,0,79,,20962,540,0,11 12 13,0,20,,20963,540,0,11 12 13,0,7,,20964,540,0,11 12 13,0,78,,20965,540,0,11 12 13,0,19,,20966,540,0,11 12 13,0,25,,20967,540,0,11 12 13,0,68,,20968,540,0,11 12 13,0,34,,20969,540,0,11 12 13,0,65,,21007,540,0,11 12 13,0,28,,20970,540,0,11 12 13,0,55,,20971,540,0,11 12 13,0,29,,20972,540,0,11 12 13,0,15,,20973,540,0,11 12 13,0,55,,20974,540,0,11 12 13,0,23,,20975,540,0,11 12 13,0,31,,20976,540,0,11 12 13,0,55,,21003,540,0,11 12 13,0,15,,21006,540,0,11 12 13,0,15,,21005,540,0,11 12 13,0,70,,21004,540,0,11 12 13,0,45,,21002,540,0,11 12 13,0,55,,20977,540,0,11 12 13,0,24,,20978,540,0,11 12 13,0,86,,20979,540,,,0,30,,20980,540,,,0,60,,21000,540,,,0,17,,21001,540,,,0,8,,20994,540,,,0,15,,20999,540,,,0,51,,20995,540,,,0,12,,20996,540,,,0,9,,20997,540,,,0,10,,20998,540,,,0,12,,20993,540,,,0,65,,20981,540,,,0,13,,20982,540,,,0,11,,20983,540,,,0,11,,20984,540,,,0,67,,20992,540,,,0,19,,20985,540,,,0,69,,20986,540,,,0,22,,21009,540,,,0,30,,20987,540,,,0,54,,20988,540,,,0,97,,20989,540,,,0,29,,20990,540,,,0,82,,21008,540,,,0,99,,20991,540,,,0,108,,20960,540,,,0
70900,'Semaine-03',626,,23094,540,0,11 12 13,0,79,,23095,540,0,11 12 13,0,20,,23096,540,0,11 12 13,0,7,,23097,540,0,11 12 13,0,78,,23098,540,0,11 12 13,0,19,,23099,540,0,11 12 13,0,25,,23100,540,0,11 12 13,0,68,,23101,540,0,11 12 13,0,34,,23102,540,0,11 12 13,0,65,,23140,540,0,11 12 13,0,28,,23103,540,0,11 12 13,0,55,,23104,540,0,11 12 13,0,29,,23105,540,0,11 12 13,0,15,,23106,540,0,11 12 13,0,55,,23107,540,0,11 12 13,0,23,,23108,540,0,11 12 13,0,31,,23109,540,0,11 12 13,0,55,,23136,540,0,11 12 13,0,15,,23139,540,0,11 12 13,0,15,,23138,540,0,11 12 13,0,70,,23137,540,0,11 12 13,0,45,,23135,540,0,11 12 13,0,55,,23110,540,0,11 12 13,0,24,,23111,540,0,11 12 13,0,86,,23112,540,,,0,30,,23113,540,,,0,60,,23133,540,,,0,17,,23134,540,,,0,8,,23127,540,,,0,15,,23132,540,,,0,51,,23128,540,,,0,12,,23129,540,,,0,9,,23130,540,,,0,10,,23131,540,,,0,12,,23126,540,,,0,65,,23114,540,,,0,13,,23115,540,,,0,11,,23116,540,,,0,11,,23117,540,,,0,67,,23125,540,,,0,19,,23118,540,,,0,69,,23119,540,,,0,22,,23142,540,,,0,30,,23120,540,,,0,54,,23121,540,,,0,97,,23122,540,,,0,29,,23123,540,,,0,82,,23141,540,,,0,99,,23124,540,,,0,108,,23093,540,,,0
70900,'Week-end-01',707,,21010,540,,,0,25,,21011,540,,,0,15,,21012,540,,,0,70,,21013,540,,,0,30,,21014,540,,,0,71,,21015,540,,,0,30,,21016,540,,,0,70,,21017,540,,,0,30,,21018,540,,,0,70,,21019,540,,,0,31,,21020,540,,,0,70,,21021,540,,,0,30,,21022,540,,,0,70,,21023,540,,,0,30,,21024,540,,,0,70,,21025,540,,,0,30,,21026,540,,,0,71,,21027,540,,,0,30,,21028,540,,,0,70,,21029,540,,,0,30,,21030,540,,,0,70,,21031,540,,,0,30,,21032,540,,,0,69,,21033,540,,,0,30,,21034,540,,,0,70,,21035,540,,,0,28,,21036,540,,,0,70,,21037,540,,,0,30,,21038,540,,,0,69,,21039,540,,,0,30,,21040,540,,,0,70,,21041,540,,,0,30,,21042,540,,,0,60,,21043,540,,,0,29,,21044,540,,,0,70,,21045,540,,,0,30,,21046,540,,,0,70,,21047,540,,,0,109,,21048,540,,,0
