24601,'Semaine-02',536,,18798,160,,,0,86,,18797,160,,,0,88,,18796,160,,,0,94,,18795,160,,,0,51,,18794,160,,,0,698,,18793,160,,,0,93,,18792,160,,,0,93,,18791,160,,,0,91,,18790,160,,,0,88,,18789,160,,,0
24601,'Semaine-03',536,,22017,160,,,0,86,,22016,160,,,0,88,,22015,160,,,0,94,,22014,160,,,0,51,,22013,160,,,0,698,,22012,160,,,0,93,,22011,160,,,0,93,,22010,160,,,0,91,,22009,160,,,0,88,,22008,160,,,0
24700,'Fête-1-02',815,,22024,140,,,0,130,,22018,140,,,0,170,,22020,140,,,0,130,,22025,140,,,0,170,,22026,140,,,0,130,,22021,140,,,0,170,,22019,140,,,0,130,,22022,140,,,0,170,,22023,140,,,0
24700,'Semaine-02',645,,18828,140,,,0,82,,18829,140,,,0,103,,18830,140,,,0,185,,18836,140,,,0,130,,18837,140,,,0,170,,18834,140,,,0,130,,18835,140,,,0,71,,18823,140,,,0,113,,18824,140,,,0,92,,18825,140,,,0,107,,18826,140,,,0,72,,18827,140,,,0,121,,18831,140,,,0,129,,18832,140,,,0,170,,18833,140,,,0
24700,'Semaine-03',645,,22032,140,,,0,82,,22033,140,,,0,103,,22034,140,,,0,185,,22040,140,,,0,130,,22041,140,,,0,170,,22038,140,,,0,130,,22039,140,,,0,71,,22027,140,,,0,113,,22028,140,,,0,92,,22029,140,,,0,107,,22030,140,,,0,72,,22031,140,,,0,121,,22035,140,,,0,129,,22036,140,,,0,170,,22037,140,,,0
24700,'Week-end-01',815,,18844,140,,,0,130,,18838,140,,,0,170,,18840,140,,,0,130,,18845,140,,,0,170,,18846,140,,,0,130,,18841,140,,,0,170,,18839,140,,,0,130,,18842,140,,,0,170,,18843,140,,,0
24900,'Fête-1-02',812,,22078,140,0,5,0,130,,22079,140,0,5,0,170,,22088,140,0,5,0,130,,22080,140,0,5,0,170,,22081,140,0,5,0,130,,22082,140,0,5,0,170,,22083,140,0,5,0,130,,22084,140,0,5,0,170,,22085,140,0,5,0,130,,22086,140,0,5,0,170,,22087,140,0,5,0
24900,'Semaine-02',644,,18951,140,,,0,65,,18952,140,,,0,35,,18953,140,,,0,97,,18954,140,,,0,174,,18955,140,,,0,99,,18956,140,,,0,102,,18957,140,,,0,100,,18958,140,,,0,100,,18959,140,,,0,106,,18960,140,,,0,35,,18961,140,,,0,73,,18962,140,,,0,92,,18963,140,,,0,32,,18964,140,,,0,75,,18965,140,,,0,90,,18966,140,,,0,99,,18967,140,,,0,100,,18968,140,,,0,100,,18969,140,,,0,100,,18950,140,,,0
24900,'Semaine-03',644,,22090,140,,,0,65,,22091,140,,,0,35,,22092,140,,,0,97,,22093,140,,,0,174,,22094,140,,,0,99,,22095,140,,,0,102,,22096,140,,,0,100,,22097,140,,,0,100,,22098,140,,,0,106,,22099,140,,,0,35,,22100,140,,,0,73,,22101,140,,,0,92,,22102,140,,,0,32,,22103,140,,,0,75,,22104,140,,,0,90,,22105,140,,,0,99,,22106,140,,,0,100,,22107,140,,,0,100,,22108,140,,,0,100,,22089,140,,,0
24900,'Week-end-01',812,,18970,140,0,5,0,130,,18971,140,0,5,0,170,,18980,140,0,5,0,130,,18972,140,0,5,0,170,,18973,140,0,5,0,130,,18974,140,0,5,0,170,,18975,140,0,5,0,130,,18976,140,0,5,0,170,,18977,140,0,5,0,130,,18978,140,0,5,0,170,,18979,140,0,5,0
