23300,'Fête-1-01',906,,1274,,,0,200,,1276,,,0,200,,1272,,,0,200,,1277,,,0,200,,1275,,,0,200,,1273,,,0,200,,1270,,,0
23300,'Fête-1-02',906,,1282,,,0,200,,1284,,,0,200,,1280,,,0,200,,1285,,,0,200,,1283,,,0,200,,1281,,,0,200,,1278,,,0
23300,'Fête-2-02',638,,1286,,,0,101,,1287,,,0,105,,1298,,,0,97,,1299,,,0,170,,1288,,,0,200,,1289,,,0,200,,1290,,,0,35,,1291,,,0,103,,1292,,,0,105,,1293,,,0,100,,1297,,,0,102,,1294,,,0,155,,1295,,,0
23300,'Semaine-01',638,,1300,,,0,101,,1301,,,0,105,,1312,,,0,97,,1313,,,0,170,,1302,,,0,200,,1303,,,0,200,,1304,,,0,35,,1305,,,0,103,,1306,,,0,105,,1307,,,0,100,,1311,,,0,102,,1308,,,0,155,,1309,,,0
23300,'Semaine-50',638,,1314,,,0,101,,1315,,,0,105,,1326,,,0,97,,1327,,,0,170,,1316,,,0,200,,1317,,,0,200,,1318,,,0,35,,1319,,,0,103,,1320,,,0,105,,1321,,,0,100,,1325,,,0,102,,1322,,,0,155,,1323,,,0
23300,'Week-end-01',906,,1332,,,0,200,,1334,,,0,200,,1330,,,0,200,,1335,,,0,200,,1333,,,0,200,,1331,,,0,200,,1328,,,0
23300,'Week-end-50',906,,1340,,,0,200,,1342,,,0,200,,1338,,,0,200,,1343,,,0,200,,1341,,,0,200,,1339,,,0,200,,1336,,,0
23400,'Fête-1-01',807,,1351,,,0,198,,1349,,,0,200,,1347,,,0,200,,1344,,,0,200,,1346,,,0,200,,1345,,,0,200,,1350,,,0,200,,1348,,,0
23400,'Fête-1-02',807,,1359,,,0,198,,1357,,,0,200,,1355,,,0,200,,1352,,,0,200,,1354,,,0,200,,1353,,,0,200,,1358,,,0,200,,1356,,,0
23400,'Fête-2-02',540,,1371,,,0,66,,1370,,,0,100,,1360,,,0,104,,1373,,,0,99,,1361,,,0,102,,1362,,,0,200,,1363,,,0,200,,1364,,,0,203,,1365,,,0,105,,1366,,,0,105,,1367,,,0,92,,1372,,,0,97,,1368,,,0,198,,1369,,,0
23400,'Semaine-01',540,,1385,,,0,66,,1384,,,0,100,,1374,,,0,104,,1387,,,0,99,,1375,,,0,102,,1376,,,0,200,,1377,,,0,200,,1378,,,0,203,,1379,,,0,107,,1380,,,0,103,,1381,,,0,92,,1386,,,0,97,,1382,,,0,198,,1383,,,0
23400,'Semaine-50',540,,1399,,,0,66,,1398,,,0,100,,1388,,,0,104,,1401,,,0,99,,1389,,,0,102,,1390,,,0,200,,1391,,,0,200,,1392,,,0,203,,1393,,,0,107,,1394,,,0,103,,1395,,,0,92,,1400,,,0,97,,1396,,,0,198,,1397,,,0
23400,'Week-end-01',807,,1409,,,0,198,,1407,,,0,200,,1405,,,0,200,,1402,,,0,200,,1404,,,0,200,,1403,,,0,200,,1408,,,0,200,,1406,,,0
23400,'Week-end-50',807,,1417,,,0,198,,1415,,,0,200,,1413,,,0,200,,1410,,,0,200,,1412,,,0,200,,1411,,,0,200,,1416,,,0,200,,1414,,,0
