22800,'Semaine-03',608,,15355,80,,,0,30,,15356,80,,,0,70,,15357,80,,,0,30,,15358,80,,,0,85,,15359,80,,,0,100,,15360,80,,,0,100,,15361,80,,,0,100,,15362,80,,,0,100,,15363,80,,,0,100,,15364,80,,,0,100,,15365,80,,,0,100,,15366,80,,,0,100,,15367,80,,,0,30,,15368,80,,,0,70,,15369,80,,,0,30,,15370,80,,,0,70,,15371,80,,,0,30,,15372,80,,,0,70,,15373,80,,,0,100,,15374,80,,,0,100,,15375,80,,,0,100,,15376,80,,,0,100,,15377,80,0,8 14 1 18 19,0
22800,'Semaine-53',608,,12007,80,,,0,30,,12008,80,,,0,70,,12009,80,,,0,30,,12010,80,,,0,85,,12011,80,,,0,100,,12012,80,,,0,100,,12013,80,,,0,100,,12014,80,,,0,100,,12015,80,,,0,100,,12016,80,,,0,100,,12017,80,,,0,100,,12018,80,,,0,100,,12019,80,,,0,30,,12020,80,,,0,70,,12021,80,,,0,30,,12022,80,,,0,70,,12023,80,,,0,30,,12024,80,,,0,70,,12025,80,,,0,100,,12026,80,,,0,100,,12027,80,,,0,100,,12028,80,,,0,100,,12029,80,0,8 14 1 18 19,0
22800,'Week-end-03',753,,15386,80,,,0,200,,15383,80,,,0,200,,15384,80,,,0,200,,15379,80,,,0,200,,15381,80,,,0,200,,15385,80,,,0,200,,15382,80,,,0,200,,15380,80,0,8 14 1 18 19,0
22800,'Week-end-53',753,,12038,80,,,0,200,,12035,80,,,0,200,,12036,80,,,0,200,,12031,80,,,0,200,,12033,80,,,0,200,,12037,80,,,0,200,,12034,80,,,0,200,,12032,80,0,8 14 1 18 19,0
60500,'Semaine-03',644,,16848,80,,,0,205,,16849,80,,,0
60500,'Semaine-53',644,,14333,80,,,0,205,,14334,80,,,0
70801,'Semaine-03',440,,17010,80,,,0,69,,17011,80,,,0,45,,17012,80,,,0,70,,17013,80,,,0,25,,17053,80,,,0,5,,17014,80,,,0,70,,17015,80,,,0,30,,17016,80,,,0,70,,17017,80,,,0,30,,17018,80,,,0,70,,17019,80,,,0,30,,17020,80,,,0,70,,17021,80,,,0,30,,17022,80,,,0,70,,17023,80,,,0,30,,17024,80,,,0,70,,17025,80,,,0,30,,17026,80,,,0,70,,17027,80,,,0,30,,17028,80,,,0,70,,17029,80,,,0,30,,17030,80,,,0,70,,17031,80,,,0,30,,17032,80,,,0,70,,17033,80,,,0,30,,17034,80,,,0,70,,17035,80,,,0,30,,17036,80,,,0,70,,17037,80,,,0,30,,17038,80,,,0,70,,17039,80,,,0,30,,17040,80,,,0,70,,17041,80,,,0,30,,17042,80,,,0,100,,17043,80,,,0,100,,17044,80,,,0,96,,17045,80,,,0,100,,17052,80,,,0
70801,'Semaine-53',440,,14566,80,,,0,69,,14567,80,,,0,45,,14568,80,,,0,70,,14569,80,,,0,25,,14609,80,,,0,5,,14570,80,,,0,70,,14571,80,,,0,30,,14572,80,,,0,70,,14573,80,,,0,30,,14574,80,,,0,70,,14575,80,,,0,30,,14576,80,,,0,70,,14577,80,,,0,30,,14578,80,,,0,70,,14579,80,,,0,30,,14580,80,,,0,70,,14581,80,,,0,30,,14582,80,,,0,70,,14583,80,,,0,30,,14584,80,,,0,70,,14585,80,,,0,30,,14586,80,,,0,70,,14587,80,,,0,30,,14588,80,,,0,70,,14589,80,,,0,30,,14590,80,,,0,70,,14591,80,,,0,30,,14592,80,,,0,70,,14593,80,,,0,30,,14594,80,,,0,70,,14595,80,,,0,30,,14596,80,,,0,70,,14597,80,,,0,30,,14598,80,,,0,100,,14599,80,,,0,100,,14600,80,,,0,96,,14601,80,,,0,100,,14608,80,,,0
70801,'Week-end-03',629,,17056,80,,,0,99,,17072,80,,,0,74,,17057,80,,,0,100,,17058,80,,,0,51,,17059,80,,,0,100,,17060,80,,,0,100,,17061,80,,,0,100,,17062,80,,,0,100,,17063,80,,,0,100,,17064,80,,,0,100,,17065,80,,,0,100,,17066,80,,,0,100,,17067,80,,,0,100,,17068,80,,,0,101,,17069,80,,,0,100,,17070,80,,,0,100,,17071,80,,,0,80,,17054,80,,,0,118,,17055,80,,,0
70801,'Week-end-53',629,,14612,80,,,0,99,,14628,80,,,0,74,,14613,80,,,0,100,,14614,80,,,0,51,,14615,80,,,0,100,,14616,80,,,0,100,,14617,80,,,0,100,,14618,80,,,0,100,,14619,80,,,0,100,,14620,80,,,0,100,,14621,80,,,0,100,,14622,80,,,0,100,,14623,80,,,0,100,,14624,80,,,0,101,,14625,80,,,0,100,,14626,80,,,0,100,,14627,80,,,0,80,,14610,80,,,0,118,,14611,80,,,0
