23300,'Fête-1-02',920,,21641,680,,,0,200,,21643,680,,,0,200,,21639,680,,,0,204,,21644,680,,,0,200,,21642,680,,,0,196,,21640,680,,,0,200,,21637,680,,,0
23300,'Semaine-02',655,,18057,680,,,0,82,,18058,680,,,0,120,,18068,680,,,0,268,,18059,680,,,0,200,,18060,680,,,0,202,,18061,680,,,0,175,,18062,680,,,0,103,,18063,680,,,0,102,,18067,680,,,0,103,,18064,680,,,0,115,,18065,680,,,0
23300,'Semaine-03',655,,21645,680,,,0,82,,21646,680,,,0,120,,21656,680,,,0,268,,21647,680,,,0,200,,21648,680,,,0,202,,21649,680,,,0,175,,21650,680,,,0,103,,21651,680,,,0,102,,21655,680,,,0,103,,21652,680,,,0,115,,21653,680,,,0
23300,'Week-end-01',920,,18073,680,,,0,200,,18075,680,,,0,200,,18071,680,,,0,204,,18076,680,,,0,200,,18074,680,,,0,196,,18072,680,,,0,200,,18069,680,,,0
23400,'Fête-1-02',825,,21664,460,,,0,196,,21662,690,,,0,200,,21660,690,,,0,203,,21657,690,,,0,201,,21659,690,,,0,195,,21658,690,,,0,200,,21663,690,,,0,200,,21661,690,,,0
23400,'Semaine-02',552,,18110,460,,,0,65,,18109,460,,,0,97,,18099,690,,,0,107,,18112,690,,,0,103,,18100,690,,,0,100,,18101,690,,,0,200,,18102,690,,,0,200,,18103,690,,,0,203,,18104,690,,,0,108,,18105,690,,,0,101,,18106,690,,,0,96,,18111,690,,,0,91,,18107,690,,,0,200,,18108,690,,,0
23400,'Semaine-03',552,,21676,460,,,0,65,,21675,460,,,0,97,,21665,690,,,0,107,,21678,690,,,0,103,,21666,690,,,0,100,,21667,690,,,0,200,,21668,690,,,0,200,,21669,690,,,0,203,,21670,690,,,0,108,,21671,690,,,0,101,,21672,690,,,0,96,,21677,690,,,0,91,,21673,690,,,0,200,,21674,690,,,0
23400,'Week-end-01',825,,18120,460,,,0,196,,18118,690,,,0,200,,18116,690,,,0,203,,18113,690,,,0,201,,18115,690,,,0,195,,18114,690,,,0,200,,18119,690,,,0,200,,18117,690,,,0
23900,'Fête-1-02',827,,21876,350,,,0,85,,21861,540,,,0,102,,21869,540,,,0,107,,21870,540,,,0,103,,21871,540,,,0,100,,21872,540,,,0,100,,21873,540,,,0,100,,21874,540,,,0,100,,21867,540,,,0,96,,21863,540,,,0,98,,21862,540,,,0,96,,21864,540,,,0,96,,21865,540,,,0,100,,21866,540,,,0,100,,21868,540,,,0
23900,'Semaine-02',552,,18541,350,0,31 13,0,70,,18538,350,0,31 13,0,35,,18526,540,,,0,60,,18550,540,,,0,35,,18527,540,,,0,70,,18528,540,,,0,30,,18542,540,,,0,70,,18539,540,,,0,95,,18529,540,,,0,100,,18530,540,,,0,102,,18531,540,,,0,105,,18532,540,,,0,100,,18533,540,,,0,98,,18534,540,,,0,102,,18535,540,,,0,35,,18536,540,,,0,77,,18547,540,,,0,75,,18548,540,,,0,17,,18543,540,,,0,75,,18540,540,,,0,23,,18537,540,,,0,78,,18549,540,,,0,109,,18546,540,,,0,97,,18545,540,,,0
23900,'Semaine-03',552,,21892,350,0,31 13,0,70,,21889,350,0,31 13,0,35,,21877,540,,,0,60,,21901,540,,,0,35,,21878,540,,,0,70,,21879,540,,,0,30,,21893,540,,,0,70,,21890,540,,,0,95,,21880,540,,,0,100,,21881,540,,,0,102,,21882,540,,,0,105,,21883,540,,,0,100,,21884,540,,,0,98,,21885,540,,,0,102,,21886,540,,,0,35,,21887,540,,,0,77,,21898,540,,,0,75,,21899,540,,,0,17,,21894,540,,,0,75,,21891,540,,,0,23,,21888,540,,,0,78,,21900,540,,,0,109,,21897,540,,,0,97,,21896,540,,,0
23900,'Week-end-01',827,,18566,350,,,0,85,,18551,540,,,0,102,,18559,540,,,0,107,,18560,540,,,0,103,,18561,540,,,0,100,,18562,540,,,0,100,,18563,540,,,0,100,,18564,540,,,0,100,,18557,540,,,0,96,,18553,540,,,0,98,,18552,540,,,0,96,,18554,540,,,0,96,,18555,540,,,0,100,,18556,540,,,0,100,,18558,540,,,0
