24601,'Semaine-03',558,,15939,430,,,0,87,,15938,430,,,0,90,,15937,430,,,0,93,,15936,430,,,0,89,,15935,430,,,0,698,,15934,430,,,0,92,,15933,430,,,0,51,,15932,430,,,0,93,,15931,430,,,0,86,,15930,430,,,0
24601,'Semaine-53',558,,12775,430,,,0,87,,12774,430,,,0,90,,12773,430,,,0,93,,12772,430,,,0,89,,12771,430,,,0,698,,12770,430,,,0,92,,12769,430,,,0,51,,12768,430,,,0,93,,12767,430,,,0,86,,12766,430,,,0
25001,'Semaine-03',618,,16114,520,,,0,24,,16115,520,,,0,72,,16116,520,,,0,22,,16117,520,,,0,85,,16118,520,,,0,22,,16119,520,,,0,72,,16120,520,,,0,29,,16121,520,,,0,76,,16122,520,,,0,19,,16123,520,,,0,100,,16124,520,,,0,103,,16125,520,,,0,100,,16126,520,,,0,102,,16127,520,,,0,115,,16128,520,,,0,66,,16129,520,,,0,75,,16130,520,,,0,26,,16131,520,,,0,30,,16132,520,,,0,68,,16133,520,,,0,81,,16134,520,,,0,48,,16135,520,,,0,106,,16136,520,,,0,95,,16137,520,,,0,99,,16138,520,,,0
25001,'Semaine-53',618,,13032,520,,,0,24,,13033,520,,,0,72,,13034,520,,,0,22,,13035,520,,,0,85,,13036,520,,,0,22,,13037,520,,,0,72,,13038,520,,,0,29,,13039,520,,,0,76,,13040,520,,,0,19,,13041,520,,,0,100,,13042,520,,,0,103,,13043,520,,,0,100,,13044,520,,,0,102,,13045,520,,,0,115,,13046,520,,,0,66,,13047,520,,,0,75,,13048,520,,,0,26,,13049,520,,,0,30,,13050,520,,,0,68,,13051,520,,,0,81,,13052,520,,,0,48,,13053,520,,,0,106,,13054,520,,,0,95,,13055,520,,,0,99,,13056,520,,,0
25001,'Week-end-03',749,,16157,520,,,0,100,,16141,520,,,0,70,,16144,520,,,0,100,,16151,520,,,0,30,,16152,520,,,0,100,,16143,520,,,0,70,,16146,520,,,0,100,,16154,520,,,0,30,,16155,520,,,0,100,,16142,520,,,0,70,,16153,520,,,0,100,,16145,520,,,0,31,,16150,520,,,0,100,,16156,520,,,0,70,,16147,520,,,0,100,,16148,520,,,0,30,,16140,520,,,0,100,,16149,520,,,0,70,,16158,520,,,0,100,,16139,520,,,0,30,,16159,520,,,0
25001,'Week-end-53',749,,13075,520,,,0,100,,13059,520,,,0,70,,13062,520,,,0,100,,13069,520,,,0,30,,13070,520,,,0,100,,13061,520,,,0,70,,13064,520,,,0,100,,13072,520,,,0,30,,13073,520,,,0,100,,13060,520,,,0,70,,13071,520,,,0,100,,13063,520,,,0,31,,13068,520,,,0,100,,13074,520,,,0,70,,13065,520,,,0,100,,13066,520,,,0,30,,13058,520,,,0,100,,13067,520,,,0,70,,13076,520,,,0,100,,13057,520,,,0,30,,13077,520,,,0
25101,'Semaine-03',934,,16186,60,,,0,100,,16187,60,,,0,100,,16190,60,,,0,100,,16191,60,,,0,100,,16192,60,,,0,100,,16188,60,,,0,614,,16189,60,,,0,98,,16193,60,,,0,100,,16194,60,,,0
25101,'Semaine-53',934,,13136,60,,,0,100,,13137,60,,,0,100,,13140,60,,,0,100,,13141,60,,,0,100,,13142,60,,,0,100,,13138,60,,,0,614,,13139,60,,,0,98,,13143,60,,,0,100,,13144,60,,,0
25101,'Week-end-03',739,,16205,60,,,0,100,,16210,60,,,0,100,,16209,60,,,0,100,,16204,60,,,0,100,,16207,60,,,0,100,,16208,60,,,0,100,,16206,60,,,0,100,,16201,60,,,0,100,,16199,60,,,0,100,,16200,60,,,0,100,,16202,60,,,0,100,,16196,60,,,0,100,,16197,60,,,0,100,,16198,60,,,0,100,,16195,60,,,0,100,,16203,60,,,0
25101,'Week-end-53',739,,13155,60,,,0,100,,13160,60,,,0,100,,13159,60,,,0,100,,13154,60,,,0,100,,13157,60,,,0,100,,13158,60,,,0,100,,13156,60,,,0,100,,13151,60,,,0,100,,13149,60,,,0,100,,13150,60,,,0,100,,13152,60,,,0,100,,13146,60,,,0,100,,13147,60,,,0,100,,13148,60,,,0,100,,13145,60,,,0,100,,13153,60,,,0
70901,'Semaine-03',454,,17177,450,,,0,70,,17226,450,,,0,20,,17174,450,,,0,10,,17173,450,,,0,52,,17175,450,,,0,10,,17176,450,,,0,10,,17178,450,,,0,10,,17179,450,,,0,10,,17180,450,,,0,10,,17181,450,,,0,57,,17182,450,,,0,10,,17183,450,,,0,12,,17184,450,,,0,11,,17185,450,,,0,10,,17186,450,,,0,50,,17187,450,,,0,10,,17188,450,,,0,10,,17189,450,,,0,10,,17190,450,,,0,10,,17191,450,,,0,54,,17192,450,,,0,14,,17194,450,,,0,15,,17233,450,,,0,15,,17193,450,,,0,70,,17195,450,,,0,15,,17196,450,,,0,22,,17197,480,,,0,70,,17198,480,,,0,15,,17199,480,,,0,15,,17200,480,,,0,55,,17201,480,,,0,15,,17236,480,,,0,15,,17202,480,,,0,15,,17237,480,,,0,70,,17203,480,,,0,15,,17204,480,,,0,15,,17205,480,,,0,70,,17228,480,,,0,30,,17229,480,,,0,70,,17230,480,,,0,16,,17231,480,,,0,16,,17232,480,,,0,73,,17227,480,,,0,15,,17207,480,,,0,15,,17206,480,,,0,55,,17208,480,,,0,13,,17209,480,,,0,15,,17210,480,,,0,10,,17211,480,,,0,53,,17212,480,,,0,15,,17234,480,,,0,13,,17235,480,,,0,14,,17213,480,,,0,59,,17214,480,,,0,14,,17215,480,,,0,15,,17216,480,,,0,22,,17217,450,,,0,70,,17218,450,,,0,15,,17219,450,,,0,68,,17220,450,,,0,30,,17221,450,,,0,69,,17222,450,,,0,44,,17223,450,,,0,99,,17224,450,,,0,108,,17225,450,,,0
70901,'Semaine-53',454,,14809,450,,,0,70,,14858,450,,,0,20,,14806,450,,,0,10,,14805,450,,,0,52,,14807,450,,,0,10,,14808,450,,,0,10,,14810,450,,,0,10,,14811,450,,,0,10,,14812,450,,,0,10,,14813,450,,,0,57,,14814,450,,,0,10,,14815,450,,,0,12,,14816,450,,,0,11,,14817,450,,,0,10,,14818,450,,,0,50,,14819,450,,,0,10,,14820,450,,,0,10,,14821,450,,,0,10,,14822,450,,,0,10,,14823,450,,,0,54,,14824,450,,,0,14,,14826,450,,,0,15,,14865,450,,,0,15,,14825,450,,,0,70,,14827,450,,,0,15,,14828,450,,,0,22,,14829,480,,,0,70,,14830,480,,,0,15,,14831,480,,,0,15,,14832,480,,,0,55,,14833,480,,,0,15,,14868,480,,,0,15,,14834,480,,,0,15,,14869,480,,,0,70,,14835,480,,,0,15,,14836,480,,,0,15,,14837,480,,,0,70,,14860,480,,,0,30,,14861,480,,,0,70,,14862,480,,,0,16,,14863,480,,,0,16,,14864,480,,,0,73,,14859,480,,,0,15,,14839,480,,,0,15,,14838,480,,,0,55,,14840,480,,,0,13,,14841,480,,,0,15,,14842,480,,,0,10,,14843,480,,,0,53,,14844,480,,,0,15,,14866,480,,,0,13,,14867,480,,,0,14,,14845,480,,,0,59,,14846,480,,,0,14,,14847,480,,,0,15,,14848,480,,,0,22,,14849,450,,,0,70,,14850,450,,,0,15,,14851,450,,,0,68,,14852,450,,,0,30,,14853,450,,,0,69,,14854,450,,,0,44,,14855,450,,,0,99,,14856,450,,,0,108,,14857,450,,,0
70901,'Week-end-03',623,,17238,450,,,0,30,,17239,450,,,0,70,,17240,450,,,0,30,,17241,450,,,0,70,,17242,450,,,0,15,,17243,450,,,0,71,,17244,450,,,0,30,,17245,450,,,0,70,,17246,450,,,0,31,,17247,450,,,0,71,,17248,450,,,0,30,,17249,450,,,0,70,,17250,450,,,0,30,,17251,450,,,0,70,,17252,450,,,0,30,,17253,450,,,0,70,,17254,450,,,0,30,,17255,450,,,0,70,,17256,450,,,0,30,,17257,450,,,0,70,,17258,450,,,0,30,,17259,450,,,0,70,,17260,450,,,0,30,,17261,450,,,0,70,,17262,450,,,0,30,,17263,450,,,0,70,,17264,450,,,0,30,,17265,450,,,0,70,,17266,450,,,0,30,,17267,450,,,0,70,,17268,450,,,0,30,,17269,450,,,0,70,,17270,450,,,0,31,,17271,450,,,0,70,,17272,450,,,0,30,,17273,450,,,0,111,,17274,450,,,0
70901,'Week-end-53',623,,14870,450,,,0,30,,14871,450,,,0,70,,14872,450,,,0,30,,14873,450,,,0,70,,14874,450,,,0,15,,14875,450,,,0,71,,14876,450,,,0,30,,14877,450,,,0,70,,14878,450,,,0,31,,14879,450,,,0,71,,14880,450,,,0,30,,14881,450,,,0,70,,14882,450,,,0,30,,14883,450,,,0,70,,14884,450,,,0,30,,14885,450,,,0,70,,14886,450,,,0,30,,14887,450,,,0,70,,14888,450,,,0,30,,14889,450,,,0,70,,14890,450,,,0,30,,14891,450,,,0,70,,14892,450,,,0,30,,14893,450,,,0,70,,14894,450,,,0,30,,14895,450,,,0,70,,14896,450,,,0,30,,14897,450,,,0,70,,14898,450,,,0,30,,14899,450,,,0,70,,14900,450,,,0,30,,14901,450,,,0,70,,14902,450,,,0,31,,14903,450,,,0,70,,14904,450,,,0,30,,14905,450,,,0,111,,14906,450,,,0
