22701,'Fête-1-02',930,,21425,580,,,0,200,,21426,580,,,0,200,,21427,580,,,0,200,,21428,580,,,0,200,,21429,580,,,0,200,,21430,580,,,0,200,,21431,580,,,0
22701,'Semaine-02',539,,17644,280,0,6 7,0,70,,17645,280,0,6 7,0,21,,17646,580,,,0,70,,17647,580,,,0,34,,17648,580,,,0,80,,17649,580,,,0,40,,17650,580,,,0,76,,17651,580,,,0,100,,17652,580,,,0,100,,17653,580,,,0,100,,17654,580,,,0,100,,17655,580,,,0,100,,17656,580,,,0,100,,17657,580,,,0,104,,17658,580,,,0,90,,17659,580,,,0,80,,17660,580,,,0,40,,17661,580,,,0,71,,17662,580,,,0,30,,17663,580,,,0,85,,17664,580,,,0,100,,17665,580,,,0,100,,17666,580,,,0
22701,'Semaine-03',539,,21432,280,0,6 7,0,70,,21433,280,0,6 7,0,21,,21434,580,,,0,70,,21435,580,,,0,34,,21436,580,,,0,80,,21437,580,,,0,40,,21438,580,,,0,76,,21439,580,,,0,100,,21440,580,,,0,100,,21441,580,,,0,100,,21442,580,,,0,100,,21443,580,,,0,100,,21444,580,,,0,100,,21445,580,,,0,104,,21446,580,,,0,90,,21447,580,,,0,80,,21448,580,,,0,40,,21449,580,,,0,71,,21450,580,,,0,30,,21451,580,,,0,85,,21452,580,,,0,100,,21453,580,,,0,100,,21454,580,,,0
22701,'Week-end-01',930,,17668,580,,,0,200,,17669,580,,,0,200,,17670,580,,,0,200,,17671,580,,,0,200,,17672,580,,,0,200,,17673,580,,,0,200,,17674,580,,,0
22800,'Fête-1-02',832,,21463,590,,,0,200,,21460,590,,,0,200,,21461,590,,,0,200,,21456,590,,,0,200,,21458,590,,,0,200,,21462,590,,,0,200,,21459,590,,,0
22800,'Semaine-02',553,,17707,290,0,6 7,0,70,,17730,290,0,6 7,0,24,,17708,590,,,0,77,,17709,590,,,0,35,,17710,590,,,0,80,,17711,590,,,0,80,,17712,590,,,0,83,,17713,590,,,0,100,,17714,590,,,0,100,,17715,590,,,0,100,,17716,590,,,0,100,,17717,590,,,0,100,,17718,590,,,0,100,,17719,590,,,0,107,,17720,590,,,0,40,,17721,590,,,0,80,,17722,590,,,0,80,,17723,590,,,0,23,,17724,590,,,0,70,,17725,590,,,0,100,,17726,590,,,0,100,,17727,590,,,0,100,,17728,590,,,0
22800,'Semaine-03',553,,21464,290,0,6 7,0,70,,21487,290,0,6 7,0,24,,21465,590,,,0,77,,21466,590,,,0,35,,21467,590,,,0,80,,21468,590,,,0,80,,21469,590,,,0,83,,21470,590,,,0,100,,21471,590,,,0,100,,21472,590,,,0,100,,21473,590,,,0,100,,21474,590,,,0,100,,21475,590,,,0,100,,21476,590,,,0,107,,21477,590,,,0,40,,21478,590,,,0,80,,21479,590,,,0,80,,21480,590,,,0,23,,21481,590,,,0,70,,21482,590,,,0,100,,21483,590,,,0,100,,21484,590,,,0,100,,21485,590,,,0
22800,'Week-end-01',832,,17738,590,,,0,200,,17735,590,,,0,200,,17736,590,,,0,200,,17731,590,,,0,200,,17733,590,,,0,200,,17737,590,,,0,200,,17734,590,,,0
70800,'Fête-1-02',742,,22950,350,,,0,104,,22951,350,,,0,89,,22952,350,,,0,100,,22953,350,,,0,102,,22954,350,,,0,99,,22955,350,,,0,100,,22956,350,,,0,100,,22957,350,,,0,100,,22958,350,,,0,100,,22959,350,,,0,100,,22960,350,,,0,100,,22961,350,,,0,100,,22962,350,,,0,96,,22963,350,,,0,103,,22964,350,,,0,80,,22965,350,,,0,43,,22966,350,,,0,80,,22948,350,,,0,117,,22949,350,,,0
70800,'Semaine-02',603,,20713,350,,,0,30,,20714,350,,,0,71,,20715,350,,,0,30,,20716,350,,,0,74,,20717,350,,,0,11,,20718,350,,,0,17,,20719,350,,,0,67,,20720,350,,,0,32,,20721,350,,,0,99,,20722,350,,,0,100,,20723,350,,,0,100,,20724,350,,,0,100,,20725,350,,,0,100,,20726,350,,,0,99,,20727,350,,,0,77,,20728,350,,,0,20,,20729,350,,,0,12,,20730,350,,,0,61,,20731,350,,,0,9,,20732,350,,,0,21,,20733,350,,,0,9,,20734,350,,,0,60,,20735,350,,,0,9,,20736,350,,,0,12,,20737,350,,,0,15,,20738,350,,,0,65,,20739,350,,,0,30,,20740,350,,,0,100,,20741,350,,,0,90,,20742,350,,,0,90,,20743,350,,,0,94,,20744,350,,,0,98,,20745,350,,,0,100,,20746,350,,,0,100,,20747,350,,,0
70800,'Semaine-03',603,,22967,350,,,0,30,,22968,350,,,0,71,,22969,350,,,0,30,,22970,350,,,0,74,,22971,350,,,0,11,,22972,350,,,0,17,,22973,350,,,0,67,,22974,350,,,0,32,,22975,350,,,0,99,,22976,350,,,0,100,,22977,350,,,0,100,,22978,350,,,0,100,,22979,350,,,0,100,,22980,350,,,0,99,,22981,350,,,0,77,,22982,350,,,0,20,,22983,350,,,0,12,,22984,350,,,0,61,,22985,350,,,0,9,,22986,350,,,0,21,,22987,350,,,0,9,,22988,350,,,0,60,,22989,350,,,0,9,,22990,350,,,0,12,,22991,350,,,0,15,,22992,350,,,0,65,,22993,350,,,0,30,,22994,350,,,0,100,,22995,350,,,0,90,,22996,350,,,0,90,,22997,350,,,0,94,,22998,350,,,0,98,,22999,350,,,0,100,,23000,350,,,0,100,,23001,350,,,0
70800,'Week-end-01',742,,20750,350,,,0,104,,20751,350,,,0,89,,20752,350,,,0,100,,20753,350,,,0,102,,20754,350,,,0,99,,20755,350,,,0,100,,20756,350,,,0,100,,20757,350,,,0,100,,20758,350,,,0,100,,20759,350,,,0,100,,20760,350,,,0,100,,20761,350,,,0,100,,20762,350,,,0,96,,20763,350,,,0,103,,20764,350,,,0,80,,20765,350,,,0,43,,20766,350,,,0,80,,20748,350,,,0,117,,20749,350,,,0
