25001,'Fête-1-01',710,,3171,,,0,100,,3155,,,0,30,,3158,,,0,100,,3165,,,0,70,,3166,,,0,100,,3157,,,0,30,,3160,,,0,100,,3168,,,0,70,,3169,,,0,100,,3156,,,0,30,,3167,,,0,100,,3159,,,0,70,,3164,,,0,100,,3170,,,0,30,,3161,,,0,100,,3162,,,0,70,,3154,,,0,100,,3163,,,0,30,,3172,,,0,100,,3153,,,0,70,,3173,,,0
25001,'Fête-1-02',710,,3192,,,0,100,,3176,,,0,30,,3179,,,0,100,,3186,,,0,70,,3187,,,0,100,,3178,,,0,30,,3181,,,0,100,,3189,,,0,70,,3190,,,0,100,,3177,,,0,30,,3188,,,0,100,,3180,,,0,70,,3185,,,0,100,,3191,,,0,30,,3182,,,0,100,,3183,,,0,70,,3175,,,0,100,,3184,,,0,30,,3193,,,0,100,,3174,,,0,70,,3194,,,0
25001,'Fête-2-02',536,,3195,,,0,65,,3196,,,0,28,,3197,,,0,22,,3198,,,0,84,,3199,,,0,95,,3200,,,0,28,,3201,,,0,99,,3202,,,0,101,,3203,,,0,142,,3204,,,0,101,,3205,,,0,102,,3206,,,0,115,,3207,,,0,96,,3208,,,0,29,,3209,,,0,70,,3210,,,0,28,,3211,,,0,70,,3212,,,0,101,,3213,,,0,103,,3214,,,0,99,,3215,,,0,99,,3216,,,0
25001,'Semaine-01',536,,3217,,,0,65,,3218,,,0,28,,3219,,,0,22,,3220,,,0,84,,3221,,,0,23,,3222,,,0,72,,3223,,,0,28,,3224,,,0,80,,3225,,,0,19,,3226,,,0,101,,3227,,,0,142,,3228,,,0,101,,3229,,,0,102,,3230,,,0,115,,3231,,,0,27,,3232,,,0,69,,3233,,,0,29,,3234,,,0,70,,3235,,,0,28,,3236,,,0,70,,3237,,,0,101,,3238,,,0,103,,3239,,,0,99,,3240,,,0,99,,3241,,,0
25001,'Semaine-50',536,,3242,,,0,65,,3243,,,0,28,,3244,,,0,22,,3245,,,0,84,,3246,,,0,23,,3247,,,0,72,,3248,,,0,28,,3249,,,0,80,,3250,,,0,19,,3251,,,0,101,,3252,,,0,142,,3253,,,0,101,,3254,,,0,102,,3255,,,0,115,,3256,,,0,27,,3257,,,0,69,,3258,,,0,29,,3259,,,0,70,,3260,,,0,28,,3261,,,0,70,,3262,,,0,101,,3263,,,0,103,,3264,,,0,99,,3265,,,0,99,,3266,,,0
25001,'Week-end-01',710,,3285,,,0,100,,3269,,,0,30,,3272,,,0,100,,3279,,,0,70,,3280,,,0,100,,3271,,,0,30,,3274,,,0,100,,3282,,,0,70,,3283,,,0,100,,3270,,,0,30,,3281,,,0,100,,3273,,,0,70,,3278,,,0,100,,3284,,,0,30,,3275,,,0,100,,3276,,,0,70,,3268,,,0,100,,3277,,,0,30,,3286,,,0,100,,3267,,,0,70,,3287,,,0
25001,'Week-end-50',710,,3306,,,0,100,,3290,,,0,30,,3293,,,0,100,,3300,,,0,70,,3301,,,0,100,,3292,,,0,30,,3295,,,0,100,,3303,,,0,70,,3304,,,0,100,,3291,,,0,30,,3302,,,0,100,,3294,,,0,70,,3299,,,0,100,,3305,,,0,30,,3296,,,0,100,,3297,,,0,70,,3289,,,0,100,,3298,,,0,30,,3307,,,0,100,,3288,,,0,70,,3308,,,0
51401,'Fête-2-02',525,,5788,,,0,95,,5789,,,0,34,,5790,,,0
51401,'Semaine-01',525,,5791,,,0,95,,5792,,,0,34,,5793,,,0
51401,'Semaine-50',525,,5794,,,0,95,,5795,,,0,34,,5796,,,0
