23200,'Fête-1-01',820,,1142,,,0,121,,1146,,,0,100,,1141,,,0,100,,1147,,,0,100,,1140,,,0,100,,1148,,,0,100,,1139,,,0,100,,1149,,,0,100,,1144,,,0,100,,1150,,,0,100,,1143,,,0,100,,1151,,,0,100,,1138,,,0,100,,1152,,,0,100,,1145,,,0
23200,'Fête-1-02',820,,1157,,,0,121,,1161,,,0,100,,1156,,,0,100,,1162,,,0,100,,1155,,,0,100,,1163,,,0,100,,1154,,,0,100,,1164,,,0,100,,1159,,,0,100,,1165,,,0,100,,1158,,,0,100,,1166,,,0,100,,1153,,,0,100,,1167,,,0,100,,1160,,,0
23200,'Fête-2-02',551,,1190,,,0,70,,1191,,,0,28,,1168,,,0,70,,1169,,,0,30,,1170,,,0,70,,1171,,,0,30,,1172,,,0,69,,1173,,,0,100,,1174,,,0,100,,1175,,,0,100,,1176,,,0,100,,1177,,,0,100,,1178,,,0,100,,1179,,,0,106,,1180,,,0,35,,1181,,,0,70,,1182,,,0,30,,1183,,,0,64,,1184,,,0,30,,1185,,,0,70,,1186,,,0,95,,1187,,,0,100,,1188,,,0,100,,1189,,,0
23200,'Semaine-01',551,,1214,,,0,70,,1215,,,0,28,,1192,,,0,70,,1193,,,0,30,,1194,,,0,70,,1195,,,0,30,,1196,,,0,69,,1197,,,0,100,,1198,,,0,100,,1199,,,0,100,,1200,,,0,100,,1201,,,0,100,,1202,,,0,100,,1203,,,0,106,,1204,,,0,35,,1205,,,0,73,,1206,,,0,27,,1207,,,0,67,,1208,,,0,27,,1209,,,0,71,,1210,,,0,94,,1211,,,0,100,,1212,,,0,100,,1213,,,0
23200,'Semaine-50',551,,1238,,,0,70,,1239,,,0,28,,1216,,,0,70,,1217,,,0,30,,1218,,,0,70,,1219,,,0,30,,1220,,,0,69,,1221,,,0,100,,1222,,,0,100,,1223,,,0,100,,1224,,,0,100,,1225,,,0,100,,1226,,,0,100,,1227,,,0,106,,1228,,,0,35,,1229,,,0,73,,1230,,,0,27,,1231,,,0,67,,1232,,,0,27,,1233,,,0,71,,1234,,,0,94,,1235,,,0,100,,1236,,,0,100,,1237,,,0
23200,'Week-end-01',820,,1244,,,0,121,,1248,,,0,100,,1243,,,0,100,,1249,,,0,100,,1242,,,0,100,,1250,,,0,100,,1241,,,0,100,,1251,,,0,100,,1246,,,0,100,,1252,,,0,100,,1245,,,0,100,,1253,,,0,100,,1240,,,0,100,,1254,,,0,100,,1247,,,0
23200,'Week-end-50',820,,1259,,,0,121,,1263,,,0,100,,1258,,,0,100,,1264,,,0,100,,1257,,,0,100,,1265,,,0,100,,1256,,,0,100,,1266,,,0,100,,1261,,,0,100,,1267,,,0,100,,1260,,,0,100,,1268,,,0,100,,1255,,,0,100,,1269,,,0,100,,1262,,,0
23501,'Fête-1-01',818,,1553,,,0,100,,1557,,,0,100,,1550,,,0,100,,1551,,,0,101,,1547,,,0,100,,1549,,,0,100,,1548,,,0,100,,1552,,,0,100,,1555,,,0,100,,1560,,,0,100,,1561,,,0,99,,1554,,,0,100,,1556,,,0,100,,1558,,,0,100,,1559,,,0
23501,'Fête-1-02',818,,1568,,,0,100,,1572,,,0,100,,1565,,,0,100,,1566,,,0,101,,1562,,,0,100,,1564,,,0,100,,1563,,,0,100,,1567,,,0,100,,1570,,,0,100,,1575,,,0,100,,1576,,,0,99,,1569,,,0,100,,1571,,,0,100,,1573,,,0,100,,1574,,,0
23501,'Fête-2-02',555,,1577,,,0,100,,1579,,,0,70,,1578,,,0,32,,1581,,,0,70,,1580,,,0,98,,1582,,,0,100,,1583,,,0,100,,1584,,,0,100,,1585,,,0,100,,1586,,,0,100,,1587,,,0,101,,1588,,,0,30,,1590,,,0,70,,1589,,,0,30,,1592,,,0,70,,1591,,,0,30,,1594,,,0,70,,1593,,,0,98,,1595,,,0,100,,1596,,,0,99,,1597,,,0,100,,1598,,,0
23501,'Semaine-01',556,,1599,,,0,100,,1601,,,0,64,,1600,,,0,37,,1603,,,0,70,,1602,,,0,98,,1604,,,0,100,,1605,,,0,100,,1606,,,0,100,,1607,,,0,100,,1608,,,0,100,,1609,,,0,101,,1610,,,0,30,,1612,,,0,70,,1611,,,0,30,,1614,,,0,70,,1613,,,0,30,,1616,,,0,70,,1615,,,0,98,,1617,,,0,100,,1618,,,0,99,,1619,,,0,100,,1620,,,0
23501,'Semaine-50',556,,1621,,,0,100,,1623,,,0,64,,1622,,,0,37,,1625,,,0,70,,1624,,,0,98,,1626,,,0,100,,1627,,,0,100,,1628,,,0,100,,1629,,,0,100,,1630,,,0,100,,1631,,,0,101,,1632,,,0,30,,1634,,,0,70,,1633,,,0,30,,1636,,,0,70,,1635,,,0,30,,1638,,,0,70,,1637,,,0,98,,1639,,,0,100,,1640,,,0,99,,1641,,,0,100,,1642,,,0
23501,'Week-end-01',818,,1649,,,0,100,,1653,,,0,100,,1646,,,0,100,,1647,,,0,101,,1643,,,0,100,,1645,,,0,100,,1644,,,0,100,,1648,,,0,100,,1651,,,0,100,,1656,,,0,100,,1657,,,0,99,,1650,,,0,100,,1652,,,0,100,,1654,,,0,100,,1655,,,0
23501,'Week-end-50',818,,1664,,,0,100,,1668,,,0,100,,1661,,,0,100,,1662,,,0,101,,1658,,,0,100,,1660,,,0,100,,1659,,,0,100,,1663,,,0,100,,1666,,,0,100,,1671,,,0,100,,1672,,,0,99,,1665,,,0,100,,1667,,,0,100,,1669,,,0,100,,1670,,,0
