24001,'LA-H26-LA_GTFS-Fête-2-02',616,,2191,,,0,25,,2192,,,0,75,,2193,,,0,19,,2194,,,0,101,,2195,,,0,108,,2196,,,0,99,,2197,,,0,100,,2198,,,0,100,,2199,,,0,100,,2200,,,0,100,,2201,,,0,107,,2202,,,0,153,,2203,,,0,98,,2204,,,0,28,,2205,,,0,71,,2206,,,0,32,,2207,,,0,97,,2208,,,0,30,,2209,,,0,99,,2210,,,0,97,,2211,,,0,97,,2212,,,0
24001,'LA-H26-LA_GTFS-Semaine-01',617,,2213,,,0,24,,2214,,,0,75,,2215,,,0,24,,2216,,,0,77,,2217,,,0,25,,2218,,,0,73,,2219,,,0,29,,2220,,,0,99,,2221,,,0,100,,2222,,,0,100,,2223,,,0,100,,2224,,,0,100,,2225,,,0,87,,2227,,,0,20,,2226,,,0,80,,2228,,,0,73,,2229,,,0,28,,2230,,,0,70,,2231,,,0,28,,2232,,,0,71,,2233,,,0,33,,2234,,,0,26,,2235,,,0,71,,2236,,,0,29,,2237,,,0,99,,2238,,,0,97,,2239,,,0,97,,2240,,,0
24001,'LA-H26-LA_GTFS-Semaine-50',617,,2241,,,0,24,,2242,,,0,75,,2243,,,0,24,,2244,,,0,77,,2245,,,0,25,,2246,,,0,73,,2247,,,0,29,,2248,,,0,99,,2249,,,0,100,,2250,,,0,100,,2251,,,0,100,,2252,,,0,100,,2253,,,0,87,,2255,,,0,20,,2254,,,0,80,,2256,,,0,73,,2257,,,0,28,,2258,,,0,70,,2259,,,0,28,,2260,,,0,71,,2261,,,0,33,,2262,,,0,26,,2263,,,0,71,,2264,,,0,29,,2265,,,0,99,,2266,,,0,97,,2267,,,0,97,,2268,,,0
24201,'LA-H26-LA_GTFS-Fête-1-01',746,,2347,,,0,100,,2348,,,0,100,,2349,,,0,100,,2350,,,0,100,,2351,,,0,100,,2352,,,0,100,,2353,,,0,100,,2354,,,0,100,,2355,,,0,100,,2356,,,0,100,,2357,,,0,100,,2358,,,0,100,,2359,,,0,100,,2360,,,0,100,,2361,,,0,100,,2362,,,0
24201,'LA-H26-LA_GTFS-Fête-1-02',746,,2363,,,0,100,,2364,,,0,100,,2365,,,0,100,,2366,,,0,100,,2367,,,0,100,,2368,,,0,100,,2369,,,0,100,,2370,,,0,100,,2371,,,0,100,,2372,,,0,100,,2373,,,0,100,,2374,,,0,100,,2375,,,0,100,,2376,,,0,100,,2377,,,0,100,,2378,,,0
24201,'LA-H26-LA_GTFS-Fête-2-02',634,,2379,,,0,75,,2380,,,0,39,,2381,,,0,75,,2382,,,0,36,,2383,,,0,78,,2384,,,0,106,,2385,,,0,100,,2386,,,0,100,,2387,,,0,100,,2388,,,0,100,,2389,,,0,107,,2390,,,0,88,,2391,,,0,78,,2392,,,0,90,,2393,,,0,32,,2394,,,0,72,,2395,,,0,43,,2396,,,0,100,,2397,,,0,100,,2398,,,0,100,,2399,,,0
24201,'LA-H26-LA_GTFS-Semaine-01',634,,2400,,,0,75,,2401,,,0,39,,2402,,,0,75,,2403,,,0,36,,2404,,,0,78,,2405,,,0,106,,2406,,,0,100,,2407,,,0,100,,2408,,,0,100,,2409,,,0,100,,2410,,,0,107,,2411,,,0,88,,2412,,,0,78,,2413,,,0,90,,2414,,,0,32,,2415,,,0,72,,2416,,,0,43,,2417,,,0,100,,2418,,,0,100,,2419,,,0,100,,2420,,,0
24201,'LA-H26-LA_GTFS-Semaine-50',634,,2421,,,0,75,,2422,,,0,39,,2423,,,0,75,,2424,,,0,36,,2425,,,0,78,,2426,,,0,106,,2427,,,0,100,,2428,,,0,100,,2429,,,0,100,,2430,,,0,100,,2431,,,0,107,,2432,,,0,88,,2433,,,0,78,,2434,,,0,90,,2435,,,0,32,,2436,,,0,72,,2437,,,0,43,,2438,,,0,100,,2439,,,0,100,,2440,,,0,100,,2441,,,0
24201,'LA-H26-LA_GTFS-Week-end-01',746,,2442,,,0,100,,2443,,,0,100,,2444,,,0,100,,2445,,,0,100,,2446,,,0,100,,2447,,,0,100,,2448,,,0,100,,2449,,,0,100,,2450,,,0,100,,2451,,,0,100,,2452,,,0,100,,2453,,,0,100,,2454,,,0,100,,2455,,,0,100,,2456,,,0,100,,2457,,,0
24201,'LA-H26-LA_GTFS-Week-end-50',746,,2458,,,0,100,,2459,,,0,100,,2460,,,0,100,,2461,,,0,100,,2462,,,0,100,,2463,,,0,100,,2464,,,0,100,,2465,,,0,100,,2466,,,0,100,,2467,,,0,100,,2468,,,0,100,,2469,,,0,100,,2470,,,0,100,,2471,,,0,100,,2472,,,0,100,,2473,,,0
