31000,'Fête-1-01',853,,4409,,,0,100,,4410,,,0,100,,4411,,,0,100,,4412,,,0,100,,4413,,,0,100,,4414,,,0,100,,4415,,,0,100,,4416,,,0,100,,4417,,,0,100,,4418,,,0,100,,4419,,,0,100,,4420,,,0,100,,4421,,,0,100,,4422,,,0,100,,4423,,,0
31000,'Fête-1-02',853,,4424,,,0,100,,4425,,,0,100,,4426,,,0,100,,4427,,,0,100,,4428,,,0,100,,4429,,,0,100,,4430,,,0,100,,4431,,,0,100,,4432,,,0,100,,4433,,,0,100,,4434,,,0,100,,4435,,,0,100,,4436,,,0,100,,4437,,,0,100,,4438,,,0
31000,'Fête-2-02',628,,4439,,,0,30,,4440,,,0,70,,4441,,,0,30,,4442,,,0,70,,4443,,,0,30,,4444,,,0,100,,4445,,,0,100,,4446,,,0,100,,4447,,,0,100,,4448,,,0,100,,4449,,,0,100,,4450,,,0,100,,4451,,,0,70,,4452,,,0,30,,4453,,,0,70,,4454,,,0,30,,4455,,,0,70,,4456,,,0,30,,4457,,,0,100,,4458,,,0,100,,4459,,,0,100,,4460,,,0,100,,4461,,,0
31000,'Semaine-01',628,,4462,,,0,30,,4463,,,0,70,,4464,,,0,30,,4465,,,0,70,,4466,,,0,30,,4467,,,0,100,,4468,,,0,100,,4469,,,0,100,,4470,,,0,100,,4471,,,0,100,,4472,,,0,100,,4473,,,0,100,,4474,,,0,70,,4475,,,0,30,,4476,,,0,70,,4477,,,0,30,,4478,,,0,70,,4479,,,0,30,,4480,,,0,100,,4481,,,0,100,,4482,,,0,100,,4483,,,0,100,,4484,,,0
31000,'Semaine-50',628,,4485,,,0,30,,4486,,,0,70,,4487,,,0,30,,4488,,,0,70,,4489,,,0,30,,4490,,,0,100,,4491,,,0,100,,4492,,,0,100,,4493,,,0,100,,4494,,,0,100,,4495,,,0,100,,4496,,,0,100,,4497,,,0,70,,4498,,,0,30,,4499,,,0,70,,4500,,,0,30,,4501,,,0,70,,4502,,,0,30,,4503,,,0,100,,4504,,,0,100,,4505,,,0,100,,4506,,,0,100,,4507,,,0
31000,'Week-end-01',853,,4508,,,0,100,,4509,,,0,100,,4510,,,0,100,,4511,,,0,100,,4512,,,0,100,,4513,,,0,100,,4514,,,0,100,,4515,,,0,100,,4516,,,0,100,,4517,,,0,100,,4518,,,0,100,,4519,,,0,100,,4520,,,0,100,,4521,,,0,100,,4522,,,0
31000,'Week-end-50',853,,4523,,,0,100,,4524,,,0,100,,4525,,,0,100,,4526,,,0,100,,4527,,,0,100,,4528,,,0,100,,4529,,,0,100,,4530,,,0,100,,4531,,,0,100,,4532,,,0,100,,4533,,,0,100,,4534,,,0,100,,4535,,,0,100,,4536,,,0,100,,4537,,,0
31001,'Fête-1-01',751,,4538,,,0,100,,4539,,,0,100,,4540,,,0,100,,4541,,,0,101,,4542,,,0,100,,4543,,,0,100,,4544,,,0,100,,4545,,,0,100,,4546,,,0,100,,4547,,,0,100,,4548,,,0,99,,4549,,,0,100,,4550,,,0,100,,4551,,,0,100,,4552,,,0
31001,'Fête-1-02',751,,4553,,,0,100,,4554,,,0,100,,4555,,,0,100,,4556,,,0,101,,4557,,,0,100,,4558,,,0,100,,4559,,,0,100,,4560,,,0,100,,4561,,,0,100,,4562,,,0,100,,4563,,,0,99,,4564,,,0,100,,4565,,,0,100,,4566,,,0,100,,4567,,,0
31001,'Fête-2-02',528,,4568,,,0,100,,4569,,,0,30,,4570,,,0,72,,4571,,,0,70,,4572,,,0,58,,4573,,,0,100,,4574,,,0,100,,4575,,,0,100,,4576,,,0,100,,4577,,,0,100,,4578,,,0,101,,4579,,,0,70,,4580,,,0,30,,4581,,,0,70,,4582,,,0,30,,4583,,,0,70,,4584,,,0,30,,4585,,,0,98,,4589,,,0,100,,4586,,,0,99,,4587,,,0,100,,4588,,,0
31001,'Semaine-01',528,,4590,,,0,100,,4591,,,0,30,,4592,,,0,72,,4593,,,0,70,,4594,,,0,58,,4595,,,0,100,,4596,,,0,100,,4597,,,0,100,,4598,,,0,100,,4599,,,0,100,,4600,,,0,101,,4601,,,0,70,,4602,,,0,30,,4603,,,0,70,,4604,,,0,30,,4605,,,0,70,,4606,,,0,30,,4607,,,0,98,,4611,,,0,100,,4608,,,0,99,,4609,,,0,100,,4610,,,0
31001,'Semaine-50',528,,4612,,,0,100,,4613,,,0,30,,4614,,,0,72,,4615,,,0,70,,4616,,,0,58,,4617,,,0,100,,4618,,,0,100,,4619,,,0,100,,4620,,,0,100,,4621,,,0,100,,4622,,,0,101,,4623,,,0,70,,4624,,,0,30,,4625,,,0,70,,4626,,,0,30,,4627,,,0,70,,4628,,,0,30,,4629,,,0,98,,4633,,,0,100,,4630,,,0,99,,4631,,,0,100,,4632,,,0
31001,'Week-end-01',751,,4634,,,0,100,,4635,,,0,100,,4636,,,0,100,,4637,,,0,101,,4638,,,0,100,,4639,,,0,100,,4640,,,0,100,,4641,,,0,100,,4642,,,0,100,,4643,,,0,100,,4644,,,0,99,,4645,,,0,100,,4646,,,0,100,,4647,,,0,100,,4648,,,0
31001,'Week-end-50',751,,4649,,,0,100,,4650,,,0,100,,4651,,,0,100,,4652,,,0,101,,4653,,,0,100,,4654,,,0,100,,4655,,,0,100,,4656,,,0,100,,4657,,,0,100,,4658,,,0,100,,4659,,,0,99,,4660,,,0,100,,4661,,,0,100,,4662,,,0,100,,4663,,,0
