23001,'Fête-1-01',814,,17812,170,,,0,101,,17824,170,,,0,100,,17813,170,,,0,101,,17818,170,,,0,102,,17825,170,,,0,100,,17819,170,,,0,100,,17820,170,,,0,99,,17821,170,,,0,100,,17823,170,,,0,99,,17816,170,,,0,100,,17817,170,,,0,98,,17822,170,,,0,99,,17815,170,,,0,100,,17814,170,,,0,100,,17811,170,,,0
23001,'Semaine-01',615,,17834,170,,,0,33,,17827,170,,,0,70,,17828,170,,,0,31,,17829,170,,,0,70,,17830,170,,,0,30,,17831,170,,,0,70,,17832,170,,,0,100,,17833,170,,,0,105,,17842,170,,,0,107,,17843,170,,,0,115,,17844,170,,,0,155,,17845,170,,,0,115,,17847,170,,,0,39,,17839,170,,,0,73,,17840,170,,,0,75,,17841,170,,,0,30,,17838,170,,,0,69,,17846,170,,,0,29,,17837,170,,,0,100,,17836,170,,,0,100,,17835,170,,,0,99,,17826,170,,,0
23001,'Semaine-02',615,,17856,170,,,0,33,,17849,170,,,0,70,,17850,170,,,0,31,,17851,170,,,0,70,,17852,170,,,0,30,,17853,170,,,0,70,,17854,170,,,0,100,,17855,170,,,0,105,,17864,170,,,0,107,,17865,170,,,0,115,,17866,170,,,0,155,,17867,170,,,0,115,,17869,170,,,0,39,,17861,170,,,0,73,,17862,170,,,0,75,,17863,170,,,0,30,,17860,170,,,0,69,,17868,170,,,0,29,,17859,170,,,0,100,,17858,170,,,0,100,,17857,170,,,0,99,,17848,170,,,0
23001,'Week-end-01',814,,17871,170,,,0,101,,17883,170,,,0,100,,17872,170,,,0,101,,17877,170,,,0,102,,17884,170,,,0,100,,17878,170,,,0,100,,17879,170,,,0,99,,17880,170,,,0,100,,17882,170,,,0,99,,17875,170,,,0,100,,17876,170,,,0,98,,17881,170,,,0,99,,17874,170,,,0,100,,17873,170,,,0,100,,17870,170,,,0
23701,'Fête-1-01',907,,18349,60,,,0,98,,18340,60,,,0,101,,18346,60,,,0,100,,18348,60,,,0,100,,18337,60,,,0,100,,18339,60,,,0,100,,18338,60,,,0,100,,18345,60,,,0,100,,18341,60,,,0,100,,18343,60,,,0,100,,18344,60,,,0,101,,18347,60,,,0,99,,18342,60,,,0,100,,18350,60,,,0
23701,'Semaine-01',558,,18369,60,,,0,76,,18352,60,,,0,20,,18370,60,,,0,84,,18365,60,,,0,90,,18353,60,,,0,108,,18367,60,,,0,103,,18366,60,,,0,100,,18354,60,,,0,100,,18355,60,,,0,100,,18356,60,,,0,100,,18357,60,,,0,97,,18358,60,,,0,169,,18362,60,,,0,37,,18359,60,,,0,116,,18363,60,,,0,145,,18360,60,,,0,100,,18364,60,,,0,108,,18361,60,,,0
23701,'Semaine-02',558,,18388,60,,,0,76,,18371,60,,,0,20,,18389,60,,,0,84,,18384,60,,,0,90,,18372,60,,,0,108,,18386,60,,,0,103,,18385,60,,,0,100,,18373,60,,,0,100,,18374,60,,,0,100,,18375,60,,,0,100,,18376,60,,,0,97,,18377,60,,,0,169,,18381,60,,,0,37,,18378,60,,,0,116,,18382,60,,,0,145,,18379,60,,,0,100,,18383,60,,,0,108,,18380,60,,,0
23701,'Week-end-01',907,,18402,60,,,0,98,,18393,60,,,0,101,,18399,60,,,0,100,,18401,60,,,0,100,,18390,60,,,0,100,,18392,60,,,0,100,,18391,60,,,0,100,,18398,60,,,0,100,,18394,60,,,0,100,,18396,60,,,0,100,,18397,60,,,0,101,,18400,60,,,0,99,,18395,60,,,0,100,,18403,60,,,0
70901,'Fête-1-01',555,,21049,60,,,0,70,,21050,60,,,0,29,,21051,60,,,0,70,,21052,60,,,0,30,,21053,60,,,0,55,,21054,60,,,0,30,,21055,60,,,0,70,,21056,60,,,0,30,,21057,60,,,0,70,,21058,60,,,0,30,,21059,60,,,0,70,,21060,60,,,0,30,,21061,60,,,0,70,,21062,60,,,0,30,,21063,60,,,0,70,,21064,60,,,0,30,,21065,60,,,0,70,,21066,60,,,0,30,,21067,60,,,0,70,,21068,60,,,0,30,,21069,60,,,0,70,,21070,60,,,0,30,,21071,60,,,0,70,,21072,60,,,0,30,,21073,60,,,0,70,,21074,60,,,0,31,,21075,60,,,0,70,,21076,60,,,0,30,,21077,60,,,0,71,,21078,60,,,0,30,,21079,60,,,0,70,,21080,60,,,0,30,,21081,60,,,0,71,,21082,60,,,0,30,,21083,60,,,0,70,,21084,60,,,0,111,,21085,60,,,0
70901,'Semaine-01',425,,21089,60,,,0,30,,21131,60,,,0,60,,21087,60,,,0,10,,21086,60,,,0,20,,21088,60,,,0,60,,21090,60,,,0,20,,21091,60,,,0,25,,21092,60,,,0,50,,21093,60,,,0,20,,21094,60,,,0,10,,21095,60,,,0,10,,21096,60,,,0,60,,21097,60,,,0,10,,21098,60,,,0,15,,21099,60,,,0,15,,21101,60,,,0,15,,21137,60,,,0,55,,21100,60,,,0,30,,21102,60,,,0,15,,21103,60,,,0,62,,21104,90,,,0,30,,21105,90,,,0,55,,21106,90,,,0,15,,21107,90,,,0,15,,21108,90,,,0,15,,21140,90,,,0,55,,21109,90,,,0,15,,21141,90,,,0,30,,21110,90,,,0,55,,21111,90,,,0,15,,21112,90,,,0,30,,21132,90,,,0,70,,21133,90,,,0,30,,21134,90,,,0,55,,21135,90,,,0,15,,21136,90,,,0,85,,21114,90,,,0,15,,21113,90,,,0,30,,21115,90,,,0,55,,21116,90,,,0,25,,21117,90,,,0,15,,21138,90,,,0,15,,21139,90,,,0,55,,21118,90,,,0,20,,21119,90,,,0,15,,21120,90,,,0,55,,21121,90,,,0,23,,21122,60,,,0,30,,21123,60,,,0,55,,21124,60,,,0,30,,21125,60,,,0,70,,21126,60,,,0,30,,21127,60,,,0,85,,21128,60,,,0,100,,21129,60,,,0,108,,21130,60,,,0
70901,'Semaine-02',425,,21145,60,,,0,30,,21187,60,,,0,60,,21143,60,,,0,10,,21142,60,,,0,20,,21144,60,,,0,60,,21146,60,,,0,20,,21147,60,,,0,25,,21148,60,,,0,50,,21149,60,,,0,20,,21150,60,,,0,10,,21151,60,,,0,10,,21152,60,,,0,60,,21153,60,,,0,10,,21154,60,,,0,15,,21155,60,,,0,15,,21157,60,,,0,15,,21193,60,,,0,55,,21156,60,,,0,30,,21158,60,,,0,15,,21159,60,,,0,62,,21160,90,,,0,30,,21161,90,,,0,55,,21162,90,,,0,15,,21163,90,,,0,15,,21164,90,,,0,15,,21196,90,,,0,55,,21165,90,,,0,15,,21197,90,,,0,30,,21166,90,,,0,55,,21167,90,,,0,15,,21168,90,,,0,30,,21188,90,,,0,70,,21189,90,,,0,30,,21190,90,,,0,55,,21191,90,,,0,15,,21192,90,,,0,85,,21170,90,,,0,15,,21169,90,,,0,30,,21171,90,,,0,55,,21172,90,,,0,25,,21173,90,,,0,15,,21194,90,,,0,15,,21195,90,,,0,55,,21174,90,,,0,20,,21175,90,,,0,15,,21176,90,,,0,55,,21177,90,,,0,23,,21178,60,,,0,30,,21179,60,,,0,55,,21180,60,,,0,30,,21181,60,,,0,70,,21182,60,,,0,30,,21183,60,,,0,85,,21184,60,,,0,100,,21185,60,,,0,108,,21186,60,,,0
70901,'Week-end-01',555,,21198,60,,,0,70,,21199,60,,,0,29,,21200,60,,,0,70,,21201,60,,,0,30,,21202,60,,,0,55,,21203,60,,,0,30,,21204,60,,,0,70,,21205,60,,,0,30,,21206,60,,,0,70,,21207,60,,,0,30,,21208,60,,,0,70,,21209,60,,,0,30,,21210,60,,,0,70,,21211,60,,,0,30,,21212,60,,,0,70,,21213,60,,,0,30,,21214,60,,,0,70,,21215,60,,,0,30,,21216,60,,,0,70,,21217,60,,,0,30,,21218,60,,,0,70,,21219,60,,,0,30,,21220,60,,,0,70,,21221,60,,,0,30,,21222,60,,,0,70,,21223,60,,,0,31,,21224,60,,,0,70,,21225,60,,,0,30,,21226,60,,,0,71,,21227,60,,,0,30,,21228,60,,,0,70,,21229,60,,,0,30,,21230,60,,,0,71,,21231,60,,,0,30,,21232,60,,,0,70,,21233,60,,,0,111,,21234,60,,,0
