24601,'Semaine-01',529,,18788,70,,,0,86,,18787,70,,,0,88,,18786,70,,,0,52,,18785,70,,,0,92,,18784,70,,,0,698,,18783,70,,,0,92,,18782,70,,,0,93,,18781,70,,,0,92,,18780,70,,,0,89,,18779,70,,,0
24601,'Semaine-02',529,,18798,70,,,0,86,,18797,70,,,0,88,,18796,70,,,0,52,,18795,70,,,0,92,,18794,70,,,0,698,,18793,70,,,0,92,,18792,70,,,0,93,,18791,70,,,0,92,,18790,70,,,0,89,,18789,70,,,0
25000,'Fête-1-01',809,,19045,70,,,0,100,,19043,70,,,0,30,,19046,70,,,0,100,,19047,70,,,0,70,,19048,70,,,0,100,,19044,70,,,0,30,,19061,70,,,0,100,,19056,70,,,0,70,,19059,70,,,0,100,,19062,70,,,0,30,,19053,70,,,0,100,,19052,70,,,0,70,,19054,70,,,0,100,,19055,70,,,0,30,,19060,70,,,0,100,,19050,70,,,0,70,,19063,70,,,0,100,,19057,70,,,0,30,,19049,70,,,0,100,,19058,70,,,0,70,,19051,70,,,0
25000,'Semaine-01',637,,19064,70,,,0,63,,19065,70,,,0,33,,19066,70,,,0,25,,19067,70,,,0,82,,19068,70,,,0,164,,19069,70,,,0,101,,19070,70,,,0,100,,19071,70,,,0,100,,19072,70,,,0,100,,19073,70,,,0,105,,19074,70,,,0,90,,19075,70,,,0,24,,19076,70,,,0,98,,19077,70,,,0,26,,19078,70,,,0,71,,19079,70,,,0,35,,19080,70,,,0,70,,19081,70,,,0,90,,19082,70,,,0,104,,19083,70,,,0,96,,19084,70,,,0,100,,19085,70,,,0
25000,'Semaine-02',637,,19086,70,,,0,63,,19087,70,,,0,33,,19088,70,,,0,25,,19089,70,,,0,82,,19090,70,,,0,164,,19091,70,,,0,101,,19092,70,,,0,100,,19093,70,,,0,100,,19094,70,,,0,100,,19095,70,,,0,105,,19096,70,,,0,90,,19097,70,,,0,24,,19098,70,,,0,98,,19099,70,,,0,26,,19100,70,,,0,71,,19101,70,,,0,35,,19102,70,,,0,70,,19103,70,,,0,90,,19104,70,,,0,104,,19105,70,,,0,96,,19106,70,,,0,100,,19107,70,,,0
25000,'Week-end-01',809,,19110,70,,,0,100,,19108,70,,,0,30,,19111,70,,,0,100,,19112,70,,,0,70,,19113,70,,,0,100,,19109,70,,,0,30,,19126,70,,,0,100,,19121,70,,,0,70,,19124,70,,,0,100,,19127,70,,,0,30,,19118,70,,,0,100,,19117,70,,,0,70,,19119,70,,,0,100,,19120,70,,,0,30,,19125,70,,,0,100,,19115,70,,,0,70,,19128,70,,,0,100,,19122,70,,,0,30,,19114,70,,,0,100,,19123,70,,,0,70,,19116,70,,,0
25100,'Fête-1-01',823,,19230,280,,,0,100,,19228,280,,,0,100,,19231,280,,,0,100,,19227,280,,,0,100,,19226,280,,,0,100,,19229,280,,,0,100,,19222,280,,,0,100,,19225,280,,,0,100,,19221,280,,,0,100,,19223,280,,,0,100,,19219,280,,,0,99,,19224,280,,,0,100,,19216,280,,,0,100,,19217,280,,,0,100,,19218,280,,,0,100,,19220,280,0,8 27 75,0
25100,'Semaine-01',918,,19233,280,,,0,100,,19232,280,,,0,100,,19241,280,,,0,100,,19237,280,,,0,100,,19240,280,,,0,100,,19235,280,,,0,615,,19238,280,,,0,97,,19236,280,,,0,98,,19234,280,,,0,100,,19239,280,0,8 27 75,0
25100,'Semaine-02',918,,19243,280,,,0,100,,19242,280,,,0,100,,19251,280,,,0,100,,19247,280,,,0,100,,19250,280,,,0,100,,19245,280,,,0,615,,19248,280,,,0,97,,19246,280,,,0,98,,19244,280,,,0,100,,19249,280,0,8 27 75,0
25100,'Week-end-01',823,,19267,280,,,0,100,,19265,280,,,0,100,,19268,280,,,0,100,,19264,280,,,0,100,,19263,280,,,0,100,,19266,280,,,0,100,,19259,280,,,0,100,,19262,280,,,0,100,,19258,280,,,0,100,,19260,280,,,0,100,,19256,280,,,0,99,,19261,280,,,0,100,,19253,280,,,0,100,,19254,280,,,0,100,,19255,280,,,0,100,,19257,280,0,8 27 75,0
60001,'Fête-1-01',756,,20404,40,,,0,100,,20403,40,,,0,100,,20401,40,,,0,100,,20402,40,,,0,100,,20399,40,,,0,100,,20400,40,,,0,100,,20396,40,,,0,100,,20397,40,,,0,100,,20398,40,,,0,100,,20395,40,,,0,100,,20392,40,,,0,100,,20393,40,,,0,100,,20394,40,,,0,100,,20390,40,,,0,89,,20391,40,,,0,185,,20389,40,,,0
60001,'Semaine-01',716,,20405,40,,,0,32,,20406,40,,,0,100,,20407,40,,,0,100,,20408,40,,,0,98,,20409,40,,,0,170,,20410,40,,,0,100,,20411,40,,,0,30,,20412,40,,,0,100,,20413,40,,,0,100,,20414,40,,,0,100,,20415,40,,,0,70,,20416,40,,,0,30,,20417,40,,,0,100,,20418,40,,,0,100,,20419,40,,,0,100,,20420,40,,,0,100,,20421,40,,,0,100,,20422,40,,,0,100,,20423,40,,,0
60001,'Semaine-02',716,,20428,40,,,0,32,,20429,40,,,0,100,,20430,40,,,0,100,,20431,40,,,0,98,,20432,40,,,0,170,,20433,40,,,0,100,,20434,40,,,0,30,,20435,40,,,0,100,,20436,40,,,0,100,,20437,40,,,0,100,,20438,40,,,0,70,,20439,40,,,0,30,,20440,40,,,0,100,,20441,40,,,0,100,,20442,40,,,0,100,,20443,40,,,0,100,,20444,40,,,0,100,,20445,40,,,0,100,,20446,40,,,0
60001,'Week-end-01',756,,20466,40,,,0,100,,20465,40,,,0,100,,20463,40,,,0,100,,20464,40,,,0,100,,20461,40,,,0,100,,20462,40,,,0,100,,20458,40,,,0,100,,20459,40,,,0,100,,20460,40,,,0,100,,20457,40,,,0,100,,20454,40,,,0,100,,20455,40,,,0,100,,20456,40,,,0,100,,20452,40,,,0,89,,20453,40,,,0,185,,20451,40,,,0
70900,'Fête-1-01',639,,20871,150,,,0,65,,20872,150,,,0,15,,20873,150,,,0,30,,20874,150,,,0,70,,20875,150,,,0,30,,20876,150,,,0,70,,20877,150,,,0,30,,20878,150,,,0,70,,20879,150,,,0,30,,20880,150,,,0,70,,20881,150,,,0,30,,20882,150,,,0,70,,20883,150,,,0,30,,20884,150,,,0,70,,20885,150,,,0,30,,20886,150,,,0,70,,20887,150,,,0,30,,20888,150,,,0,70,,20889,150,,,0,30,,20890,150,,,0,70,,20891,150,,,0,30,,20892,150,,,0,70,,20893,150,,,0,30,,20894,150,,,0,70,,20895,150,,,0,30,,20896,150,,,0,70,,20897,150,,,0,30,,20898,150,,,0,70,,20899,150,,,0,30,,20900,150,,,0,70,,20901,150,,,0,30,,20902,150,,,0,70,,20903,150,,,0,20,,20904,150,,,0,70,,20905,150,,,0,30,,20906,150,,,0,70,,20907,150,,,0,30,,20908,150,,,0,109,,20909,150,,,0
70900,'Semaine-01',554,,20911,150,0,11 12 13,0,78,,20912,150,0,11 12 13,0,20,,20913,150,0,11 12 13,0,7,,20914,150,0,11 12 13,0,78,,20915,150,0,11 12 13,0,19,,20916,150,0,11 12 13,0,65,,20917,150,0,11 12 13,0,28,,20918,150,0,11 12 13,0,74,,20919,150,0,11 12 13,0,25,,20957,150,0,11 12 13,0,68,,20920,150,0,11 12 13,0,15,,20921,150,0,11 12 13,0,69,,20922,150,0,11 12 13,0,15,,20923,150,0,11 12 13,0,15,,20924,150,0,11 12 13,0,23,,20925,150,0,11 12 13,0,70,,20926,150,0,11 12 13,0,15,,20953,150,0,11 12 13,0,15,,20956,150,0,11 12 13,0,55,,20955,150,0,11 12 13,0,30,,20954,150,0,11 12 13,0,85,,20952,150,0,11 12 13,0,15,,20927,150,0,11 12 13,0,21,,20928,150,0,11 12 13,0,84,,20929,150,,,0,66,,20930,150,,,0,20,,20950,150,,,0,17,,20951,150,,,0,11,,20944,150,,,0,56,,20949,150,,,0,13,,20945,150,,,0,13,,20946,150,,,0,9,,20947,150,,,0,11,,20948,150,,,0,53,,20943,150,,,0,28,,20931,150,,,0,13,,20932,150,,,0,52,,20933,150,,,0,12,,20934,150,,,0,27,,20942,150,,,0,59,,20935,150,,,0,29,,20936,150,,,0,22,,20959,150,,,0,70,,20937,150,,,0,15,,20938,150,,,0,97,,20939,150,,,0,69,,20940,150,,,0,44,,20958,150,,,0,99,,20941,150,,,0,108,,20910,150,,,0
70900,'Semaine-02',554,,20961,150,0,11 12 13,0,78,,20962,150,0,11 12 13,0,20,,20963,150,0,11 12 13,0,7,,20964,150,0,11 12 13,0,78,,20965,150,0,11 12 13,0,19,,20966,150,0,11 12 13,0,65,,20967,150,0,11 12 13,0,28,,20968,150,0,11 12 13,0,74,,20969,150,0,11 12 13,0,25,,21007,150,0,11 12 13,0,68,,20970,150,0,11 12 13,0,15,,20971,150,0,11 12 13,0,69,,20972,150,0,11 12 13,0,15,,20973,150,0,11 12 13,0,15,,20974,150,0,11 12 13,0,23,,20975,150,0,11 12 13,0,70,,20976,150,0,11 12 13,0,15,,21003,150,0,11 12 13,0,15,,21006,150,0,11 12 13,0,55,,21005,150,0,11 12 13,0,30,,21004,150,0,11 12 13,0,85,,21002,150,0,11 12 13,0,15,,20977,150,0,11 12 13,0,21,,20978,150,0,11 12 13,0,84,,20979,150,,,0,66,,20980,150,,,0,20,,21000,150,,,0,17,,21001,150,,,0,11,,20994,150,,,0,56,,20999,150,,,0,13,,20995,150,,,0,13,,20996,150,,,0,9,,20997,150,,,0,11,,20998,150,,,0,53,,20993,150,,,0,28,,20981,150,,,0,13,,20982,150,,,0,52,,20983,150,,,0,12,,20984,150,,,0,27,,20992,150,,,0,59,,20985,150,,,0,29,,20986,150,,,0,22,,21009,150,,,0,70,,20987,150,,,0,15,,20988,150,,,0,97,,20989,150,,,0,69,,20990,150,,,0,44,,21008,150,,,0,99,,20991,150,,,0,108,,20960,150,,,0
70900,'Week-end-01',639,,21010,150,,,0,65,,21011,150,,,0,15,,21012,150,,,0,30,,21013,150,,,0,70,,21014,150,,,0,30,,21015,150,,,0,70,,21016,150,,,0,30,,21017,150,,,0,70,,21018,150,,,0,30,,21019,150,,,0,70,,21020,150,,,0,30,,21021,150,,,0,70,,21022,150,,,0,30,,21023,150,,,0,70,,21024,150,,,0,30,,21025,150,,,0,70,,21026,150,,,0,30,,21027,150,,,0,70,,21028,150,,,0,30,,21029,150,,,0,70,,21030,150,,,0,30,,21031,150,,,0,70,,21032,150,,,0,30,,21033,150,,,0,70,,21034,150,,,0,30,,21035,150,,,0,70,,21036,150,,,0,30,,21037,150,,,0,70,,21038,150,,,0,30,,21039,150,,,0,70,,21040,150,,,0,30,,21041,150,,,0,70,,21042,150,,,0,20,,21043,150,,,0,70,,21044,150,,,0,30,,21045,150,,,0,70,,21046,150,,,0,30,,21047,150,,,0,109,,21048,150,,,0
