24701,'Fête-1-01',748,,2666,,,0,170,,2667,,,0,130,,2668,,,0,170,,2669,,,0,130,,2670,,,0,170,,2671,,,0,130,,2672,,,0,170,,2673,,,0,130,,2674,,,0
24701,'Fête-1-02',748,,2675,,,0,170,,2676,,,0,130,,2677,,,0,170,,2678,,,0,130,,2679,,,0,170,,2680,,,0,130,,2681,,,0,170,,2682,,,0,130,,2683,,,0
24701,'Fête-2-02',546,,2688,,,0,70,,2689,,,0,122,,2690,,,0,20,,2691,,,0,82,,2692,,,0,107,,2693,,,0,171,,2694,,,0,130,,2695,,,0,170,,2696,,,0,182,,2697,,,0,24,,2698,,,0,116,,2684,,,0,72,,2699,,,0,143,,2685,,,0,169,,2686,,,0,129,,2687,,,0
24701,'Semaine-01',546,,2705,,,0,70,,2706,,,0,42,,2707,,,0,80,,2708,,,0,20,,2709,,,0,82,,2710,,,0,107,,2711,,,0,171,,2712,,,0,130,,2713,,,0,170,,2714,,,0,182,,2715,,,0,24,,2716,,,0,116,,2700,,,0,72,,2717,,,0,19,,2701,,,0,124,,2702,,,0,169,,2703,,,0,129,,2704,,,0
24701,'Semaine-50',546,,2723,,,0,70,,2724,,,0,42,,2725,,,0,80,,2726,,,0,20,,2727,,,0,82,,2728,,,0,107,,2729,,,0,171,,2730,,,0,130,,2731,,,0,170,,2732,,,0,182,,2733,,,0,24,,2734,,,0,116,,2718,,,0,72,,2735,,,0,19,,2719,,,0,124,,2720,,,0,169,,2721,,,0,129,,2722,,,0
24701,'Week-end-01',748,,2736,,,0,170,,2737,,,0,130,,2738,,,0,170,,2739,,,0,130,,2740,,,0,170,,2741,,,0,130,,2742,,,0,170,,2743,,,0,130,,2744,,,0
24701,'Week-end-50',748,,2745,,,0,170,,2746,,,0,130,,2747,,,0,170,,2748,,,0,130,,2749,,,0,170,,2750,,,0,130,,2751,,,0,170,,2752,,,0,130,,2753,,,0
24901,'Fête-1-01',751,,2893,,,0,170,,2894,,,0,130,,2895,,,0,170,,2896,,,0,130,,2897,,,0,170,,2898,,,0,130,,2899,,,0,170,,2900,,,0,130,,2901,,,0,170,,2902,,,0,130,,2903,,,0
24901,'Fête-1-02',751,,2904,,,0,170,,2905,,,0,130,,2906,,,0,170,,2907,,,0,130,,2908,,,0,170,,2909,,,0,130,,2910,,,0,170,,2911,,,0,130,,2912,,,0,170,,2913,,,0,130,,2914,,,0
24901,'Fête-2-02',617,,2915,,,0,23,,2916,,,0,78,,2917,,,0,98,,2918,,,0,24,,2919,,,0,101,,2920,,,0,95,,2921,,,0,100,,2922,,,0,100,,2923,,,0,100,,2924,,,0,100,,2925,,,0,121,,2926,,,0,93,,2927,,,0,75,,2928,,,0,76,,2929,,,0,51,,2930,,,0,99,,2931,,,0,102,,2932,,,0,103,,2933,,,0,97,,2934,,,0
24901,'Semaine-01',617,,2935,,,0,23,,2936,,,0,78,,2937,,,0,98,,2938,,,0,24,,2939,,,0,101,,2940,,,0,95,,2941,,,0,100,,2942,,,0,100,,2943,,,0,100,,2944,,,0,100,,2945,,,0,95,,2946,,,0,26,,2947,,,0,93,,2948,,,0,75,,2949,,,0,76,,2950,,,0,51,,2951,,,0,99,,2952,,,0,102,,2953,,,0,103,,2954,,,0,97,,2955,,,0
24901,'Semaine-50',617,,2956,,,0,23,,2957,,,0,78,,2958,,,0,98,,2959,,,0,24,,2960,,,0,101,,2961,,,0,95,,2962,,,0,100,,2963,,,0,100,,2964,,,0,100,,2965,,,0,100,,2966,,,0,95,,2967,,,0,26,,2968,,,0,93,,2969,,,0,75,,2970,,,0,76,,2971,,,0,51,,2972,,,0,99,,2973,,,0,102,,2974,,,0,103,,2975,,,0,97,,2976,,,0
24901,'Week-end-01',751,,2977,,,0,170,,2978,,,0,130,,2979,,,0,170,,2980,,,0,130,,2981,,,0,170,,2982,,,0,130,,2983,,,0,170,,2984,,,0,130,,2985,,,0,170,,2986,,,0,130,,2987,,,0
24901,'Week-end-50',751,,2988,,,0,170,,2989,,,0,130,,2990,,,0,170,,2991,,,0,130,,2992,,,0,170,,2993,,,0,130,,2994,,,0,170,,2995,,,0,130,,2996,,,0,170,,2997,,,0,130,,2998,,,0
