25001,'Semaine-03',544,,16114,240,,,0,64,,16115,240,,,0,29,,16116,240,,,0,22,,16117,240,,,0,85,,16118,240,,,0,62,,16119,240,,,0,34,,16120,240,,,0,71,,16121,240,,,0,37,,16122,240,,,0,59,,16123,240,,,0,100,,16124,240,,,0,103,,16125,240,,,0,100,,16126,240,,,0,102,,16127,240,,,0,115,,16128,240,,,0,24,,16129,240,,,0,75,,16130,240,,,0,26,,16131,240,,,0,70,,16132,240,,,0,28,,16133,240,,,0,82,,16134,240,,,0,88,,16135,240,,,0,107,,16136,240,,,0,94,,16137,240,,,0,101,,16138,240,,,0
25001,'Semaine-53',544,,13032,240,,,0,64,,13033,240,,,0,29,,13034,240,,,0,22,,13035,240,,,0,85,,13036,240,,,0,62,,13037,240,,,0,34,,13038,240,,,0,71,,13039,240,,,0,37,,13040,240,,,0,59,,13041,240,,,0,100,,13042,240,,,0,103,,13043,240,,,0,100,,13044,240,,,0,102,,13045,240,,,0,115,,13046,240,,,0,24,,13047,240,,,0,75,,13048,240,,,0,26,,13049,240,,,0,70,,13050,240,,,0,28,,13051,240,,,0,82,,13052,240,,,0,88,,13053,240,,,0,107,,13054,240,,,0,94,,13055,240,,,0,101,,13056,240,,,0
25001,'Week-end-03',719,,16157,240,,,0,99,,16141,240,,,0,30,,16144,240,,,0,99,,16151,240,,,0,70,,16152,240,,,0,101,,16143,240,,,0,30,,16146,240,,,0,100,,16154,240,,,0,70,,16155,240,,,0,100,,16142,240,,,0,29,,16153,240,,,0,100,,16145,240,,,0,71,,16150,240,,,0,101,,16156,240,,,0,30,,16147,240,,,0,100,,16148,240,,,0,70,,16140,240,,,0,101,,16149,240,,,0,30,,16158,240,,,0,101,,16139,240,,,0,70,,16159,240,,,0
25001,'Week-end-53',719,,13075,240,,,0,99,,13059,240,,,0,30,,13062,240,,,0,99,,13069,240,,,0,70,,13070,240,,,0,101,,13061,240,,,0,30,,13064,240,,,0,100,,13072,240,,,0,70,,13073,240,,,0,100,,13060,240,,,0,29,,13071,240,,,0,100,,13063,240,,,0,71,,13068,240,,,0,101,,13074,240,,,0,30,,13065,240,,,0,100,,13066,240,,,0,70,,13058,240,,,0,101,,13067,240,,,0,30,,13076,240,,,0,101,,13057,240,,,0,70,,13077,240,,,0
31700,'Semaine-03',656,,16711,200,0,11 23,0,70,,16712,200,0,11 23,0,110,,16713,200,0,11 23,0,290,,16714,200,0,11 23,0,300,,16715,200,0,11 23,0
31700,'Semaine-53',656,,13842,200,0,11 23,0,70,,13843,200,0,11 23,0,110,,13844,200,0,11 23,0,290,,13845,200,0,11 23,0,300,,13846,200,0,11 23,0
31701,'Semaine-03',1236,,16718,210,,,0,270,,16723,210,,,0,100,,16719,210,,,0,130,,16720,210,,,0,100,,16721,210,,,0,475,,16722,210,,,0
31701,'Semaine-53',1236,,13850,210,,,0,270,,13855,210,,,0,100,,13851,210,,,0,130,,13852,210,,,0,100,,13853,210,,,0,475,,13854,210,,,0
51401,'Semaine-03',534,,16742,240,,,0,95,,16743,240,,,0,74,,16744,240,,,0
51401,'Semaine-53',534,,14194,240,,,0,95,,14195,240,,,0,74,,14196,240,,,0
