25000,'LA-H26-LA_GTFS-Fête-1-01',850,,3001,,,0,100,,2999,,,0,70,,3002,,,0,100,,3003,,,0,30,,3004,,,0,100,,3000,,,0,70,,3017,,,0,100,,3012,,,0,30,,3015,,,0,100,,3018,,,0,70,,3009,,,0,100,,3008,,,0,30,,3010,,,0,100,,3011,,,0,70,,3016,,,0,100,,3006,,,0,30,,3019,,,0,100,,3013,,,0,70,,3005,,,0,100,,3014,,,0,30,,3007,,,0
25000,'LA-H26-LA_GTFS-Fête-1-02',850,,3022,,,0,100,,3020,,,0,70,,3023,,,0,100,,3024,,,0,30,,3025,,,0,100,,3021,,,0,70,,3038,,,0,100,,3033,,,0,30,,3036,,,0,100,,3039,,,0,70,,3030,,,0,100,,3029,,,0,30,,3031,,,0,100,,3032,,,0,70,,3037,,,0,100,,3027,,,0,30,,3040,,,0,100,,3034,,,0,70,,3026,,,0,100,,3035,,,0,30,,3028,,,0
25000,'LA-H26-LA_GTFS-Fête-2-02',722,,3041,,,0,23,,3042,,,0,72,,3043,,,0,25,,3044,,,0,81,,3045,,,0,122,,3046,,,0,100,,3047,,,0,103,,3048,,,0,100,,3049,,,0,100,,3050,,,0,153,,3051,,,0,40,,3052,,,0,76,,3053,,,0,95,,3054,,,0,23,,3055,,,0,72,,3056,,,0,31,,3057,,,0,20,,3058,,,0,100,,3059,,,0,100,,3060,,,0,100,,3061,,,0,97,,3062,,,0
25000,'LA-H26-LA_GTFS-Semaine-01',722,,3063,,,0,23,,3064,,,0,72,,3065,,,0,25,,3066,,,0,81,,3067,,,0,22,,3068,,,0,100,,3069,,,0,100,,3070,,,0,103,,3071,,,0,100,,3072,,,0,100,,3073,,,0,153,,3074,,,0,40,,3075,,,0,76,,3076,,,0,27,,3078,,,0,68,,3077,,,0,23,,3079,,,0,72,,3080,,,0,31,,3081,,,0,20,,3082,,,0,100,,3083,,,0,100,,3084,,,0,100,,3085,,,0,97,,3086,,,0
25000,'LA-H26-LA_GTFS-Semaine-50',722,,3087,,,0,23,,3088,,,0,72,,3089,,,0,25,,3090,,,0,81,,3091,,,0,22,,3092,,,0,100,,3093,,,0,100,,3094,,,0,103,,3095,,,0,100,,3096,,,0,100,,3097,,,0,153,,3098,,,0,40,,3099,,,0,76,,3100,,,0,27,,3102,,,0,68,,3101,,,0,23,,3103,,,0,72,,3104,,,0,31,,3105,,,0,20,,3106,,,0,100,,3107,,,0,100,,3108,,,0,100,,3109,,,0,97,,3110,,,0
25000,'LA-H26-LA_GTFS-Week-end-01',850,,3113,,,0,100,,3111,,,0,70,,3114,,,0,100,,3115,,,0,30,,3116,,,0,100,,3112,,,0,70,,3129,,,0,100,,3124,,,0,30,,3127,,,0,100,,3130,,,0,70,,3121,,,0,100,,3120,,,0,30,,3122,,,0,100,,3123,,,0,70,,3128,,,0,100,,3118,,,0,30,,3131,,,0,100,,3125,,,0,70,,3117,,,0,100,,3126,,,0,30,,3119,,,0
25000,'LA-H26-LA_GTFS-Week-end-50',850,,3134,,,0,100,,3132,,,0,70,,3135,,,0,100,,3136,,,0,30,,3137,,,0,100,,3133,,,0,70,,3150,,,0,100,,3145,,,0,30,,3148,,,0,100,,3151,,,0,70,,3142,,,0,100,,3141,,,0,30,,3143,,,0,100,,3144,,,0,70,,3149,,,0,100,,3139,,,0,30,,3152,,,0,100,,3146,,,0,70,,3138,,,0,100,,3147,,,0,30,,3140,,,0
51400,'LA-H26-LA_GTFS-Fête-2-02',1727,,5778,,,0,80,,5779,,,0,39,,5776,,,0,90,,5777,,,0
51400,'LA-H26-LA_GTFS-Semaine-01',1727,,5782,,,0,80,,5783,,,0,39,,5780,,,0,90,,5781,,,0
51400,'LA-H26-LA_GTFS-Semaine-50',1727,,5786,,,0,80,,5787,,,0,39,,5784,,,0,90,,5785,,,0
