24900,'Semaine-03',653,,16006,320,,,0,68,,16007,320,,,0,34,,16008,320,,,0,97,,16009,320,,,0,69,,16010,320,,,0,105,,16011,320,,,0,99,,16012,320,,,0,101,,16013,320,,,0,100,,16014,320,,,0,100,,16015,320,,,0,108,,16016,320,,,0,79,,16017,320,,,0,31,,16018,320,,,0,92,,16019,320,,,0,72,,16020,320,,,0,33,,16021,320,,,0,90,,16022,320,,,0,99,,16023,320,,,0,98,,16024,320,,,0,100,,16025,320,,,0,99,,16005,320,,,0
24900,'Semaine-53',653,,12871,320,,,0,68,,12872,320,,,0,34,,12873,320,,,0,97,,12874,320,,,0,69,,12875,320,,,0,105,,12876,320,,,0,99,,12877,320,,,0,101,,12878,320,,,0,100,,12879,320,,,0,100,,12880,320,,,0,108,,12881,320,,,0,79,,12882,320,,,0,31,,12883,320,,,0,92,,12884,320,,,0,72,,12885,320,,,0,33,,12886,320,,,0,90,,12887,320,,,0,99,,12888,320,,,0,98,,12889,320,,,0,100,,12890,320,,,0,99,,12870,320,,,0
24900,'Week-end-03',821,,16026,320,0,5,0,130,,16027,320,0,5,0,170,,16036,320,0,5,0,130,,16028,320,0,5,0,170,,16029,320,0,5,0,130,,16030,320,0,5,0,170,,16031,320,0,5,0,130,,16032,320,0,5,0,170,,16033,320,0,5,0,130,,16034,320,0,5,0,170,,16035,320,0,5,0
24900,'Week-end-53',821,,12891,320,0,5,0,130,,12892,320,0,5,0,170,,12901,320,0,5,0,130,,12893,320,0,5,0,170,,12894,320,0,5,0,130,,12895,320,0,5,0,170,,12896,320,0,5,0,130,,12897,320,0,5,0,170,,12898,320,0,5,0,130,,12899,320,0,5,0,170,,12900,320,0,5,0
25300,'Semaine-03',1621,,16228,120,4,,0,96,,16229,120,4,,0,26,,16227,120,4,,0,82,,16231,120,4,,0,28,,16230,120,4,,0,99,,16226,120,4,,0
25300,'Semaine-53',1621,,13178,120,4,,0,96,,13179,120,4,,0,26,,13177,120,4,,0,82,,13181,120,4,,0,28,,13180,120,4,,0,99,,13176,120,4,,0
61000,'Semaine-03',618,,16852,250,,,0,30,,16875,250,,,0,69,,16853,250,,,0,31,,16854,250,,,0,70,,16855,250,,,0,31,,16856,250,,,0,65,,16857,250,,,0,100,,16858,250,,,0,100,,16859,250,,,0,100,,16860,250,,,0,100,,16861,250,,,0,101,,16862,250,,,0,102,,16863,250,,,0,92,,16864,250,,,0,27,,16865,250,,,0,75,,16866,250,,,0,31,,16867,250,,,0,76,,16868,250,,,0,31,,16869,250,,,0,71,,16870,250,,,0,99,,16871,250,,,0,100,,16872,250,,,0,100,,16873,250,,,0,104,,16874,250,,,0
61000,'Semaine-53',618,,14353,250,,,0,30,,14376,250,,,0,69,,14354,250,,,0,31,,14355,250,,,0,70,,14356,250,,,0,31,,14357,250,,,0,65,,14358,250,,,0,100,,14359,250,,,0,100,,14360,250,,,0,100,,14361,250,,,0,100,,14362,250,,,0,101,,14363,250,,,0,102,,14364,250,,,0,92,,14365,250,,,0,27,,14366,250,,,0,75,,14367,250,,,0,31,,14368,250,,,0,76,,14369,250,,,0,31,,14370,250,,,0,71,,14371,250,,,0,99,,14372,250,,,0,100,,14373,250,,,0,100,,14374,250,,,0,104,,14375,250,,,0
61000,'Week-end-03',821,,16876,250,,,0,100,,16877,250,,,0,99,,16878,250,,,0,100,,16879,250,,,0,100,,16880,250,,,0,100,,16881,250,,,0,101,,16882,250,,,0,100,,16883,250,,,0,100,,16884,250,,,0,100,,16885,250,,,0,98,,16886,250,,,0,100,,16887,250,,,0,100,,16888,250,,,0,100,,16889,250,,,0,100,,16890,250,,,0,100,,16891,250,,,0
61000,'Week-end-53',821,,14377,250,,,0,100,,14378,250,,,0,99,,14379,250,,,0,100,,14380,250,,,0,100,,14381,250,,,0,100,,14382,250,,,0,101,,14383,250,,,0,100,,14384,250,,,0,100,,14385,250,,,0,100,,14386,250,,,0,98,,14387,250,,,0,100,,14388,250,,,0,100,,14389,250,,,0,100,,14390,250,,,0,100,,14391,250,,,0,100,,14392,250,,,0
