24201,'Fête-1-01',705,,2347,,,0,52,,2347,4,,0,48,,2348,,,0,52,,2348,4,,0,48,,2349,,,0,52,,2349,4,,0,48,,2350,,,0,52,,2350,4,,0,48,,2351,,,0,52,,2351,4,,0,48,,2352,,,0,52,,2352,4,,0,48,,2353,,,0,52,,2353,4,,0,48,,2354,,,0,52,,2354,4,,0,48,,2355,,,0,52,,2355,4,,0,48,,2356,,,0,52,,2356,4,,0,48,,2357,,,0,52,,2357,4,,0,48,,2358,,,0,52,,2358,4,,0,48,,2359,,,0,52,,2359,4,,0,48,,2360,,,0,52,,2360,4,,0,48,,2361,,,0,52,,2361,4,,0,48,,2362,,,0,52,,2362,4,,0
24201,'Fête-1-02',705,,2363,,,0,52,,2363,4,,0,48,,2364,,,0,52,,2364,4,,0,48,,2365,,,0,52,,2365,4,,0,48,,2366,,,0,52,,2366,4,,0,48,,2367,,,0,52,,2367,4,,0,48,,2368,,,0,52,,2368,4,,0,48,,2369,,,0,52,,2369,4,,0,48,,2370,,,0,52,,2370,4,,0,48,,2371,,,0,52,,2371,4,,0,48,,2372,,,0,52,,2372,4,,0,48,,2373,,,0,52,,2373,4,,0,48,,2374,,,0,52,,2374,4,,0,48,,2375,,,0,52,,2375,4,,0,48,,2376,,,0,52,,2376,4,,0,48,,2377,,,0,52,,2377,4,,0,48,,2378,,,0,52,,2378,4,,0
24201,'Fête-2-02',545,,2379,,,0,75,,2380,,,0,29,,2379,4,,0,10,,2381,,,0,65,,2380,4,,0,10,,2382,,,0,69,,2381,4,,0,7,,2383,,,0,28,,2382,4,,0,10,,2384,,,0,66,,2383,4,,0,38,,2384,4,,0,48,,2385,,,0,55,,2385,4,,0,45,,2386,,,0,55,,2386,4,,0,45,,2387,,,0,55,,2387,4,,0,45,,2388,,,0,55,,2388,4,,0,45,,2389,,,0,55,,2389,4,,0,52,,2390,,,0,48,,2391,,,0,47,,2390,4,,0,18,,2392,,,0,30,,2391,4,,0,60,,2393,,,0,22,,2392,4,,0,10,,2394,,,0,80,,2393,4,,0,5,,2395,,,0,27,,2394,4,,0,56,,2396,,,0,12,,2395,4,,0,83,,2396,4,,0,5,,2397,,,0,95,,2397,4,,0,5,,2398,,,0,95,,2398,4,,0,5,,2399,,,0,95,,2399,4,,0
24201,'Semaine-01',545,,2400,,,0,75,,2401,,,0,29,,2400,4,,0,10,,2402,,,0,65,,2401,4,,0,10,,2403,,,0,69,,2402,4,,0,7,,2404,,,0,28,,2403,4,,0,10,,2405,,,0,66,,2404,4,,0,38,,2405,4,,0,48,,2406,,,0,55,,2406,4,,0,45,,2407,,,0,55,,2407,4,,0,45,,2408,,,0,55,,2408,4,,0,45,,2409,,,0,55,,2409,4,,0,45,,2410,,,0,55,,2410,4,,0,52,,2411,,,0,48,,2412,,,0,47,,2411,4,,0,18,,2413,,,0,30,,2412,4,,0,60,,2414,,,0,22,,2413,4,,0,10,,2415,,,0,80,,2414,4,,0,5,,2416,,,0,27,,2415,4,,0,56,,2417,,,0,12,,2416,4,,0,83,,2417,4,,0,5,,2418,,,0,95,,2418,4,,0,5,,2419,,,0,95,,2419,4,,0,5,,2420,,,0,95,,2420,4,,0
24201,'Semaine-50',545,,2421,,,0,75,,2422,,,0,29,,2421,4,,0,10,,2423,,,0,65,,2422,4,,0,10,,2424,,,0,69,,2423,4,,0,7,,2425,,,0,28,,2424,4,,0,10,,2426,,,0,66,,2425,4,,0,38,,2426,4,,0,48,,2427,,,0,55,,2427,4,,0,45,,2428,,,0,55,,2428,4,,0,45,,2429,,,0,55,,2429,4,,0,45,,2430,,,0,55,,2430,4,,0,45,,2431,,,0,55,,2431,4,,0,52,,2432,,,0,48,,2433,,,0,47,,2432,4,,0,18,,2434,,,0,30,,2433,4,,0,60,,2435,,,0,22,,2434,4,,0,10,,2436,,,0,80,,2435,4,,0,5,,2437,,,0,27,,2436,4,,0,56,,2438,,,0,12,,2437,4,,0,83,,2438,4,,0,5,,2439,,,0,95,,2439,4,,0,5,,2440,,,0,95,,2440,4,,0,5,,2441,,,0,95,,2441,4,,0
24201,'Week-end-01',705,,2442,,,0,52,,2442,4,,0,48,,2443,,,0,52,,2443,4,,0,48,,2444,,,0,52,,2444,4,,0,48,,2445,,,0,52,,2445,4,,0,48,,2446,,,0,52,,2446,4,,0,48,,2447,,,0,52,,2447,4,,0,48,,2448,,,0,52,,2448,4,,0,48,,2449,,,0,52,,2449,4,,0,48,,2450,,,0,52,,2450,4,,0,48,,2451,,,0,52,,2451,4,,0,48,,2452,,,0,52,,2452,4,,0,48,,2453,,,0,52,,2453,4,,0,48,,2454,,,0,52,,2454,4,,0,48,,2455,,,0,52,,2455,4,,0,48,,2456,,,0,52,,2456,4,,0,48,,2457,,,0,52,,2457,4,,0
24201,'Week-end-50',705,,2458,,,0,52,,2458,4,,0,48,,2459,,,0,52,,2459,4,,0,48,,2460,,,0,52,,2460,4,,0,48,,2461,,,0,52,,2461,4,,0,48,,2462,,,0,52,,2462,4,,0,48,,2463,,,0,52,,2463,4,,0,48,,2464,,,0,52,,2464,4,,0,48,,2465,,,0,52,,2465,4,,0,48,,2466,,,0,52,,2466,4,,0,48,,2467,,,0,52,,2467,4,,0,48,,2468,,,0,52,,2468,4,,0,48,,2469,,,0,52,,2469,4,,0,48,,2470,,,0,52,,2470,4,,0,48,,2471,,,0,52,,2471,4,,0,48,,2472,,,0,52,,2472,4,,0,48,,2473,,,0,52,,2473,4,,0
24601,'Fête-2-02',524,,2558,,,0,82,,2558,4,,0,5,,2557,,,0,42,,2557,4,,0,48,,2556,,,0,42,,2556,4,,0,5,,2555,,,0,82,,2555,4,,0,5,,2554,,,0,82,,2554,4,,0,613,,2553,,,0,85,,2553,4,,0,8,,2552,,,0,85,,2552,4,,0,7,,2551,,,0,85,,2551,4,,0,15,,2550,,,0,85,,2550,4,,0,5,,2549,,,0,42,,2549,4,,0
24601,'Semaine-01',525,,2568,,,0,82,,2568,4,,0,5,,2567,,,0,42,,2567,4,,0,50,,2566,,,0,42,,2566,4,,0,6,,2565,,,0,82,,2565,4,,0,9,,2564,,,0,82,,2564,4,,0,615,,2563,,,0,85,,2563,4,,0,5,,2562,,,0,85,,2562,4,,0,8,,2561,,,0,85,,2561,4,,0,7,,2560,,,0,85,,2560,4,,0,5,,2559,,,0,42,,2559,4,,0
24601,'Semaine-50',525,,2578,,,0,82,,2578,4,,0,5,,2577,,,0,42,,2577,4,,0,50,,2576,,,0,42,,2576,4,,0,6,,2575,,,0,82,,2575,4,,0,9,,2574,,,0,82,,2574,4,,0,615,,2573,,,0,85,,2573,4,,0,5,,2572,,,0,85,,2572,4,,0,8,,2571,,,0,85,,2571,4,,0,7,,2570,,,0,85,,2570,4,,0,5,,2569,,,0,42,,2569,4,,0
