22701,'Fête-1-05',849,,2844,10,0,57 58 59 53,0,84,,2844,630,4,,0,116,,2845,10,0,57 58 59 53,0,84,,2845,630,4,,0,116,,2846,10,0,57 58 59 53,0,84,,2846,630,4,,0,116,,2847,10,0,57 58 59 53,0,84,,2847,630,4,,0,116,,2848,10,0,57 58 59 53,0,84,,2848,630,4,,0,116,,2849,10,0,57 58 59 53,0,84,,2849,630,4,,0,116,,2850,10,0,57 58 59 53,0,84,,2850,630,4,,0
22701,'Fête-2-04',542,,2851,330,4,,0,7,,2853,10,0,57 58 59 53,0,63,,2852,330,4,,0,7,,2854,10,0,57 58 59 53,0,14,,2853,630,4,,0,16,,2855,10,0,57 58 59 53,0,54,,2854,630,4,,0,16,,2856,10,0,57 58 59 53,0,20,,2855,630,4,,0,10,,2857,10,0,57 58 59 53,0,60,,2856,630,4,,0,30,,2857,630,4,,0,10,,2858,10,0,57 58 59 53,0,85,,2858,630,4,,0,15,,2859,10,0,57 58 59 53,0,85,,2859,630,4,,0,15,,2860,10,0,57 58 59 53,0,85,,2860,630,4,,0,15,,2861,10,0,57 58 59 53,0,85,,2861,630,4,,0,15,,2862,10,0,57 58 59 53,0,85,,2862,630,4,,0,15,,2863,10,0,57 58 59 53,0,85,,2863,630,4,,0,15,,2864,10,0,57 58 59 53,0,85,,2864,630,4,,0,15,,2865,10,0,57 58 59 53,0,85,,2866,10,0,57 58 59 53,0,5,,2865,630,4,,0,65,,2867,10,0,57 58 59 53,0,20,,2866,630,4,,0,10,,2868,10,0,57 58 59 53,0,20,,2867,630,4,,0,50,,2869,10,0,57 58 59 53,0,20,,2868,630,4,,0,10,,2870,10,0,57 58 59 53,0,14,,2869,630,4,,0,56,,2871,10,0,57 58 59 53,0,14,,2870,630,4,,0,30,,2871,630,4,,0,1,,2872,10,0,57 58 59 53,0,84,,2872,630,4,,0,16,,2873,10,0,57 58 59 53,0,84,,2873,630,4,,0,16,,2874,10,0,57 58 59 53,0,84,,2874,630,4,,0,16,,2875,10,0,8 14 1 15 16 17,0
22701,'Semaine-52',542,,2876,330,4,,0,7,,2878,10,0,57 58 59 53,0,63,,2877,330,4,,0,7,,2879,10,0,57 58 59 53,0,14,,2878,630,4,,0,16,,2880,10,0,57 58 59 53,0,54,,2879,630,4,,0,16,,2881,10,0,57 58 59 53,0,20,,2880,630,4,,0,10,,2882,10,0,57 58 59 53,0,60,,2881,630,4,,0,30,,2882,630,4,,0,10,,2883,10,0,57 58 59 53,0,85,,2883,630,4,,0,15,,2884,10,0,57 58 59 53,0,85,,2884,630,4,,0,15,,2885,10,0,57 58 59 53,0,85,,2885,630,4,,0,15,,2886,10,0,57 58 59 53,0,85,,2886,630,4,,0,15,,2887,10,0,57 58 59 53,0,85,,2887,630,4,,0,15,,2888,10,0,57 58 59 53,0,85,,2888,630,4,,0,15,,2889,10,0,57 58 59 53,0,85,,2889,630,4,,0,15,,2890,10,0,57 58 59 53,0,85,,2891,10,0,57 58 59 53,0,5,,2890,630,4,,0,65,,2892,10,0,57 58 59 53,0,20,,2891,630,4,,0,10,,2893,10,0,57 58 59 53,0,20,,2892,630,4,,0,50,,2894,10,0,57 58 59 53,0,20,,2893,630,4,,0,10,,2895,10,0,57 58 59 53,0,14,,2894,630,4,,0,56,,2896,10,0,57 58 59 53,0,14,,2895,630,4,,0,30,,2896,630,4,,0,1,,2897,10,0,57 58 59 53,0,84,,2897,630,4,,0,16,,2898,10,0,57 58 59 53,0,84,,2898,630,4,,0,16,,2899,10,0,57 58 59 53,0,84,,2899,630,4,,0,16,,2900,10,0,8 14 1 15 16 17,0
22701,'Week-end-52',849,,2901,10,0,57 58 59 53,0,84,,2901,630,4,,0,116,,2902,10,0,57 58 59 53,0,84,,2902,630,4,,0,116,,2903,10,0,57 58 59 53,0,84,,2903,630,4,,0,116,,2904,10,0,57 58 59 53,0,84,,2904,630,4,,0,116,,2905,10,0,57 58 59 53,0,84,,2905,630,4,,0,116,,2906,10,0,57 58 59 53,0,84,,2906,630,4,,0,116,,2907,10,0,57 58 59 53,0,84,,2907,630,4,,0
22800,'Fête-1-05',749,,2915,10,0,60 61,0,87,,2915,640,4,,0,113,,2912,10,0,60 61,0,87,,2912,640,4,,0,113,,2913,10,0,60 61,0,87,,2913,640,4,,0,113,,2908,10,0,60 61,0,87,,2908,640,4,,0,113,,2910,10,0,60 61,0,87,,2910,640,4,,0,113,,2914,10,0,60 61,0,87,,2914,640,4,,0,113,,2911,10,0,60 61,0,87,,2911,640,4,,0,113,,2909,10,0,8 14 1 18 19,0
22800,'Fête-2-04',557,,2916,340,4,,0,47,,2917,10,0,60 61,0,23,,2940,340,4,,0,7,,2918,10,0,60 61,0,17,,2917,640,4,,0,53,,2919,10,0,60 61,0,25,,2918,640,4,,0,5,,2920,10,0,60 61,0,25,,2919,640,4,,0,60,,2921,10,0,60 61,0,10,,2920,640,4,,0,85,,2921,640,4,,0,5,,2922,10,0,60 61,0,87,,2922,640,4,,0,13,,2923,10,0,60 61,0,87,,2923,640,4,,0,13,,2924,10,0,60 61,0,87,,2924,640,4,,0,13,,2925,10,0,60 61,0,87,,2925,640,4,,0,13,,2926,10,0,60 61,0,87,,2926,640,4,,0,13,,2927,10,0,60 61,0,87,,2927,640,4,,0,13,,2928,10,0,60 61,0,87,,2928,640,4,,0,13,,2929,10,0,60 61,0,30,,2930,10,0,60 61,0,65,,2929,640,4,,0,5,,2931,10,0,60 61,0,25,,2930,640,4,,0,5,,2932,10,0,60 61,0,65,,2931,640,4,,0,5,,2933,10,0,60 61,0,25,,2932,640,4,,0,5,,2934,10,0,60 61,0,65,,2933,640,4,,0,5,,2935,10,0,60 61,0,17,,2934,640,4,,0,70,,2935,640,4,,0,13,,2936,10,0,60 61,0,87,,2936,640,4,,0,13,,2937,10,0,60 61,0,87,,2937,640,4,,0,13,,2938,10,0,60 61,0,87,,2938,640,4,,0,13,,2939,10,0,8 14 1 18 19,0
22800,'Semaine-52',557,,2941,340,4,,0,47,,2942,10,0,60 61,0,23,,2965,340,4,,0,7,,2943,10,0,60 61,0,17,,2942,640,4,,0,53,,2944,10,0,60 61,0,25,,2943,640,4,,0,5,,2945,10,0,60 61,0,25,,2944,640,4,,0,60,,2946,10,0,60 61,0,10,,2945,640,4,,0,85,,2946,640,4,,0,5,,2947,10,0,60 61,0,87,,2947,640,4,,0,13,,2948,10,0,60 61,0,87,,2948,640,4,,0,13,,2949,10,0,60 61,0,87,,2949,640,4,,0,13,,2950,10,0,60 61,0,87,,2950,640,4,,0,13,,2951,10,0,60 61,0,87,,2951,640,4,,0,13,,2952,10,0,60 61,0,87,,2952,640,4,,0,13,,2953,10,0,60 61,0,87,,2953,640,4,,0,13,,2954,10,0,60 61,0,30,,2955,10,0,60 61,0,65,,2954,640,4,,0,5,,2956,10,0,60 61,0,25,,2955,640,4,,0,5,,2957,10,0,60 61,0,65,,2956,640,4,,0,5,,2958,10,0,60 61,0,25,,2957,640,4,,0,5,,2959,10,0,60 61,0,65,,2958,640,4,,0,5,,2960,10,0,60 61,0,17,,2959,640,4,,0,70,,2960,640,4,,0,13,,2961,10,0,60 61,0,87,,2961,640,4,,0,13,,2962,10,0,60 61,0,87,,2962,640,4,,0,13,,2963,10,0,60 61,0,87,,2963,640,4,,0,13,,2964,10,0,8 14 1 18 19,0
22800,'Week-end-52',749,,2973,10,0,60 61,0,87,,2973,640,4,,0,113,,2970,10,0,60 61,0,87,,2970,640,4,,0,113,,2971,10,0,60 61,0,87,,2971,640,4,,0,113,,2966,10,0,60 61,0,87,,2966,640,4,,0,113,,2968,10,0,60 61,0,87,,2968,640,4,,0,113,,2972,10,0,60 61,0,87,,2972,640,4,,0,113,,2969,10,0,60 61,0,87,,2969,640,4,,0,113,,2967,10,0,8 14 1 18 19,0
60400,'Fête-2-04',615,,6272,250,4,,0,31,,6273,250,4,,0,101,,6274,250,4,,0,69,,6275,250,4,,0,933,,6276,250,4,,0,99,,6277,250,4,,0,76,,6279,250,4,,0,99,,6278,250,4,,0
60400,'Semaine-52',615,,6280,250,4,,0,31,,6281,250,4,,0,101,,6282,250,4,,0,69,,6283,250,4,,0,933,,6284,250,4,,0,99,,6285,250,4,,0,76,,6287,250,4,,0,99,,6286,250,4,,0
60401,'Fête-2-04',624,,6293,10,,,0,30,,6292,10,,,0,972,,6288,10,,,0,89,,6290,10,,,0,39,,6289,10,,,0,99,,6291,10,,,0
60401,'Semaine-52',624,,6299,10,,,0,30,,6298,10,,,0,972,,6294,10,,,0,89,,6296,10,,,0,39,,6295,10,,,0,99,,6297,10,,,0
