22701,'Fête-1-02',852,,21425,70,,,0,200,,21426,70,,,0,200,,21427,70,,,0,200,,21428,70,,,0,200,,21429,70,,,0,200,,21430,70,,,0,200,,21431,70,,,0
22701,'Semaine-02',552,,17646,70,,,0,70,,17647,70,,,0,31,,17648,70,,,0,80,,17649,70,,,0,80,,17650,70,,,0,39,,17651,70,,,0,100,,17652,70,,,0,100,,17653,70,,,0,100,,17654,70,,,0,100,,17655,70,,,0,100,,17656,70,,,0,100,,17657,70,,,0,101,,17658,70,,,0,90,,17659,70,,,0,80,,17660,70,,,0,80,,17661,70,,,0,34,,17662,70,,,0,70,,17663,70,,,0,45,,17664,70,,,0,100,,17665,70,,,0,100,,17666,70,,,0,100,,17667,70,0,8 14 1 15 16 17,0
22701,'Semaine-03',552,,21434,70,,,0,70,,21435,70,,,0,31,,21436,70,,,0,80,,21437,70,,,0,80,,21438,70,,,0,39,,21439,70,,,0,100,,21440,70,,,0,100,,21441,70,,,0,100,,21442,70,,,0,100,,21443,70,,,0,100,,21444,70,,,0,100,,21445,70,,,0,101,,21446,70,,,0,90,,21447,70,,,0,80,,21448,70,,,0,80,,21449,70,,,0,34,,21450,70,,,0,70,,21451,70,,,0,45,,21452,70,,,0,100,,21453,70,,,0,100,,21454,70,,,0,100,,21455,70,0,8 14 1 15 16 17,0
22701,'Week-end-01',852,,17668,70,,,0,200,,17669,70,,,0,200,,17670,70,,,0,200,,17671,70,,,0,200,,17672,70,,,0,200,,17673,70,,,0,200,,17674,70,,,0
22800,'Fête-1-02',753,,21463,70,,,0,200,,21460,70,,,0,200,,21461,70,,,0,200,,21456,70,,,0,200,,21458,70,,,0,200,,21462,70,,,0,200,,21459,70,,,0,200,,21457,70,0,8 14 1 18 19,0
22800,'Semaine-02',608,,17708,70,,,0,30,,17709,70,,,0,75,,17710,70,,,0,40,,17711,70,,,0,80,,17712,70,,,0,90,,17713,70,,,0,100,,17714,70,,,0,100,,17715,70,,,0,100,,17716,70,,,0,100,,17717,70,,,0,100,,17718,70,,,0,100,,17719,70,,,0,100,,17720,70,,,0,80,,17721,70,,,0,40,,17722,70,,,0,80,,17723,70,,,0,30,,17724,70,,,0,70,,17725,70,,,0,100,,17726,70,,,0,100,,17727,70,,,0,100,,17728,70,,,0,100,,17729,70,0,8 14 1 18 19,0
22800,'Semaine-03',608,,21465,70,,,0,30,,21466,70,,,0,75,,21467,70,,,0,40,,21468,70,,,0,80,,21469,70,,,0,90,,21470,70,,,0,100,,21471,70,,,0,100,,21472,70,,,0,100,,21473,70,,,0,100,,21474,70,,,0,100,,21475,70,,,0,100,,21476,70,,,0,100,,21477,70,,,0,80,,21478,70,,,0,40,,21479,70,,,0,80,,21480,70,,,0,30,,21481,70,,,0,70,,21482,70,,,0,100,,21483,70,,,0,100,,21484,70,,,0,100,,21485,70,,,0,100,,21486,70,0,8 14 1 18 19,0
22800,'Week-end-01',753,,17738,70,,,0,200,,17735,70,,,0,200,,17736,70,,,0,200,,17731,70,,,0,200,,17733,70,,,0,200,,17737,70,,,0,200,,17734,70,,,0,200,,17732,70,0,8 14 1 18 19,0
70801,'Fête-1-02',628,,23004,70,,,0,99,,23020,70,,,0,74,,23005,70,,,0,100,,23006,70,,,0,51,,23007,70,,,0,100,,23008,70,,,0,100,,23009,70,,,0,100,,23010,70,,,0,100,,23011,70,,,0,100,,23012,70,,,0,100,,23013,70,,,0,100,,23014,70,,,0,100,,23015,70,,,0,100,,23016,70,,,0,101,,23017,70,,,0,100,,23018,70,,,0,100,,23019,70,,,0,80,,23002,70,,,0,118,,23003,70,,,0
70801,'Semaine-02',439,,20819,70,,,0,69,,20820,70,,,0,45,,20821,70,,,0,70,,20822,70,,,0,30,,20823,70,,,0,70,,20824,70,,,0,30,,20825,70,,,0,70,,20826,70,,,0,30,,20827,70,,,0,100,,20828,70,,,0,100,,20829,70,,,0,100,,20830,70,,,0,100,,20831,70,,,0,100,,20832,70,,,0,100,,20833,70,,,0,100,,20834,70,,,0,70,,20835,70,,,0,30,,20836,70,,,0,70,,20837,70,,,0,30,,20838,70,,,0,70,,20839,70,,,0,30,,20840,70,,,0,100,,20841,70,,,0,100,,20842,70,,,0,100,,20843,70,,,0,100,,20844,70,,,0,96,,20845,70,,,0,100,,20851,70,,,0
70801,'Semaine-03',439,,23021,70,,,0,69,,23022,70,,,0,45,,23023,70,,,0,70,,23024,70,,,0,30,,23025,70,,,0,70,,23026,70,,,0,30,,23027,70,,,0,70,,23028,70,,,0,30,,23029,70,,,0,100,,23030,70,,,0,100,,23031,70,,,0,100,,23032,70,,,0,100,,23033,70,,,0,100,,23034,70,,,0,100,,23035,70,,,0,100,,23036,70,,,0,70,,23037,70,,,0,30,,23038,70,,,0,70,,23039,70,,,0,30,,23040,70,,,0,70,,23041,70,,,0,30,,23042,70,,,0,100,,23043,70,,,0,100,,23044,70,,,0,100,,23045,70,,,0,100,,23046,70,,,0,96,,23047,70,,,0,100,,23053,70,,,0
70801,'Week-end-01',628,,20854,70,,,0,99,,20870,70,,,0,74,,20855,70,,,0,100,,20856,70,,,0,51,,20857,70,,,0,100,,20858,70,,,0,100,,20859,70,,,0,100,,20860,70,,,0,100,,20861,70,,,0,100,,20862,70,,,0,100,,20863,70,,,0,100,,20864,70,,,0,100,,20865,70,,,0,100,,20866,70,,,0,101,,20867,70,,,0,100,,20868,70,,,0,100,,20869,70,,,0,80,,20852,70,,,0,118,,20853,70,,,0
