31000,'Fête-1-01',903,,4409,4,,0,100,,4410,4,,0,100,,4411,4,,0,100,,4412,4,,0,100,,4413,4,,0,100,,4414,4,,0,100,,4415,4,,0,100,,4416,4,,0,100,,4417,4,,0,100,,4418,4,,0,100,,4419,4,,0,100,,4420,4,,0,100,,4421,4,,0,100,,4422,4,,0,100,,4423,4,,0
31000,'Fête-1-02',903,,4424,4,,0,100,,4425,4,,0,100,,4426,4,,0,100,,4427,4,,0,100,,4428,4,,0,100,,4429,4,,0,100,,4430,4,,0,100,,4431,4,,0,100,,4432,4,,0,100,,4433,4,,0,100,,4434,4,,0,100,,4435,4,,0,100,,4436,4,,0,100,,4437,4,,0,100,,4438,4,,0
31000,'Fête-2-02',638,,4439,4,,0,70,,4440,4,,0,30,,4441,4,,0,70,,4442,4,,0,30,,4443,4,,0,70,,4444,4,,0,100,,4445,4,,0,100,,4446,4,,0,100,,4447,4,,0,100,,4448,4,,0,100,,4449,4,,0,100,,4450,4,,0,100,,4451,4,,0,30,,4452,4,,0,70,,4453,4,,0,30,,4454,4,,0,70,,4455,4,,0,30,,4456,4,,0,70,,4457,4,,0,100,,4458,4,,0,100,,4459,4,,0,100,,4460,4,,0,100,,4461,4,,0
31000,'Semaine-01',638,,4462,4,,0,70,,4463,4,,0,30,,4464,4,,0,70,,4465,4,,0,30,,4466,4,,0,70,,4467,4,,0,100,,4468,4,,0,100,,4469,4,,0,100,,4470,4,,0,100,,4471,4,,0,100,,4472,4,,0,100,,4473,4,,0,100,,4474,4,,0,30,,4475,4,,0,70,,4476,4,,0,30,,4477,4,,0,70,,4478,4,,0,30,,4479,4,,0,70,,4480,4,,0,100,,4481,4,,0,100,,4482,4,,0,100,,4483,4,,0,100,,4484,4,,0
31000,'Semaine-50',638,,4485,4,,0,70,,4486,4,,0,30,,4487,4,,0,70,,4488,4,,0,30,,4489,4,,0,70,,4490,4,,0,100,,4491,4,,0,100,,4492,4,,0,100,,4493,4,,0,100,,4494,4,,0,100,,4495,4,,0,100,,4496,4,,0,100,,4497,4,,0,30,,4498,4,,0,70,,4499,4,,0,30,,4500,4,,0,70,,4501,4,,0,30,,4502,4,,0,70,,4503,4,,0,100,,4504,4,,0,100,,4505,4,,0,100,,4506,4,,0,100,,4507,4,,0
31000,'Week-end-01',903,,4508,4,,0,100,,4509,4,,0,100,,4510,4,,0,100,,4511,4,,0,100,,4512,4,,0,100,,4513,4,,0,100,,4514,4,,0,100,,4515,4,,0,100,,4516,4,,0,100,,4517,4,,0,100,,4518,4,,0,100,,4519,4,,0,100,,4520,4,,0,100,,4521,4,,0,100,,4522,4,,0
31000,'Week-end-50',903,,4523,4,,0,100,,4524,4,,0,100,,4525,4,,0,100,,4526,4,,0,100,,4527,4,,0,100,,4528,4,,0,100,,4529,4,,0,100,,4530,4,,0,100,,4531,4,,0,100,,4532,4,,0,100,,4533,4,,0,100,,4534,4,,0,100,,4535,4,,0,100,,4536,4,,0,100,,4537,4,,0
31001,'Fête-1-01',746,,4538,,,0,100,,4539,,,0,100,,4540,,,0,100,,4541,,,0,101,,4542,,,0,100,,4543,,,0,100,,4544,,,0,100,,4545,,,0,100,,4546,,,0,100,,4547,,,0,100,,4548,,,0,99,,4549,,,0,100,,4550,,,0,100,,4551,,,0,100,,4552,,,0
31001,'Fête-1-02',746,,4553,,,0,100,,4554,,,0,100,,4555,,,0,100,,4556,,,0,101,,4557,,,0,100,,4558,,,0,100,,4559,,,0,100,,4560,,,0,100,,4561,,,0,100,,4562,,,0,100,,4563,,,0,99,,4564,,,0,100,,4565,,,0,100,,4566,,,0,100,,4567,,,0
31001,'Fête-2-02',523,,4568,,,0,100,,4569,,,0,30,,4570,,,0,72,,4571,,,0,30,,4572,,,0,98,,4573,,,0,100,,4574,,,0,100,,4575,,,0,100,,4576,,,0,100,,4577,,,0,100,,4578,,,0,101,,4579,,,0,70,,4580,,,0,30,,4581,,,0,70,,4582,,,0,30,,4583,,,0,70,,4584,,,0,30,,4585,,,0,98,,4589,,,0,100,,4586,,,0,99,,4587,,,0,100,,4588,,,0
31001,'Semaine-01',523,,4590,,,0,100,,4591,,,0,30,,4592,,,0,72,,4593,,,0,30,,4594,,,0,98,,4595,,,0,100,,4596,,,0,100,,4597,,,0,100,,4598,,,0,100,,4599,,,0,100,,4600,,,0,101,,4601,,,0,70,,4602,,,0,30,,4603,,,0,70,,4604,,,0,30,,4605,,,0,70,,4606,,,0,30,,4607,,,0,98,,4611,,,0,100,,4608,,,0,99,,4609,,,0,100,,4610,,,0
31001,'Semaine-50',523,,4612,,,0,100,,4613,,,0,30,,4614,,,0,72,,4615,,,0,30,,4616,,,0,98,,4617,,,0,100,,4618,,,0,100,,4619,,,0,100,,4620,,,0,100,,4621,,,0,100,,4622,,,0,101,,4623,,,0,70,,4624,,,0,30,,4625,,,0,70,,4626,,,0,30,,4627,,,0,70,,4628,,,0,30,,4629,,,0,98,,4633,,,0,100,,4630,,,0,99,,4631,,,0,100,,4632,,,0
31001,'Week-end-01',746,,4634,,,0,100,,4635,,,0,100,,4636,,,0,100,,4637,,,0,101,,4638,,,0,100,,4639,,,0,100,,4640,,,0,100,,4641,,,0,100,,4642,,,0,100,,4643,,,0,100,,4644,,,0,99,,4645,,,0,100,,4646,,,0,100,,4647,,,0,100,,4648,,,0
31001,'Week-end-50',746,,4649,,,0,100,,4650,,,0,100,,4651,,,0,100,,4652,,,0,101,,4653,,,0,100,,4654,,,0,100,,4655,,,0,100,,4656,,,0,100,,4657,,,0,100,,4658,,,0,100,,4659,,,0,99,,4660,,,0,100,,4661,,,0,100,,4662,,,0,100,,4663,,,0
