24001,'Semaine-03',537,,15812,40,,,0,64,,15813,40,,,0,34,,15814,40,,,0,23,,15815,40,,,0,77,,15816,40,,,0,66,,15817,40,,,0,33,,15818,40,,,0,69,,15819,40,,,0,100,,15820,40,,,0,100,,15821,40,,,0,100,,15822,40,,,0,100,,15823,40,,,0,100,,15824,40,,,0,107,,15825,40,,,0,40,,15827,40,,,0,72,,15828,40,,,0,28,,15829,40,,,0,71,,15830,40,,,0,28,,15831,40,,,0,71,,15832,40,,,0,33,,15833,40,,,0,66,,15834,40,,,0,31,,15835,40,,,0,68,,15836,40,,,0,99,,15837,40,,,0,98,,15838,40,,,0,97,,15839,40,,,0
24001,'Semaine-53',537,,12632,40,,,0,64,,12633,40,,,0,34,,12634,40,,,0,23,,12635,40,,,0,77,,12636,40,,,0,66,,12637,40,,,0,33,,12638,40,,,0,69,,12639,40,,,0,100,,12640,40,,,0,100,,12641,40,,,0,100,,12642,40,,,0,100,,12643,40,,,0,100,,12644,40,,,0,107,,12645,40,,,0,40,,12647,40,,,0,72,,12648,40,,,0,28,,12649,40,,,0,71,,12650,40,,,0,28,,12651,40,,,0,71,,12652,40,,,0,33,,12653,40,,,0,66,,12654,40,,,0,31,,12655,40,,,0,68,,12656,40,,,0,99,,12657,40,,,0,98,,12658,40,,,0,97,,12659,40,,,0
24300,'Semaine-03',628,,15908,40,,,0,22,,15909,40,,,0,88,,15910,40,,,0,18,,15911,40,,,0,88,,15912,40,,,0,14,,15913,40,,,0,145,,15914,40,,,0,100,,15915,40,,,0,100,,15916,40,,,0,100,,15917,40,,,0,100,,15918,40,,,0,110,,15919,40,,,0,40,,15920,40,,,0,75,,15921,40,,,0,85,,15922,40,,,0,30,,15923,40,,,0,77,,15924,40,,,0,35,,15925,40,,,0,73,,15926,40,,,0,84,,15927,40,,,0,102,,15928,40,,,0,100,,15929,40,,,0,100,,15905,40,0,8 9 1 10,0
24300,'Semaine-53',628,,12744,40,,,0,22,,12745,40,,,0,88,,12746,40,,,0,18,,12747,40,,,0,88,,12748,40,,,0,14,,12749,40,,,0,145,,12750,40,,,0,100,,12751,40,,,0,100,,12752,40,,,0,100,,12753,40,,,0,100,,12754,40,,,0,110,,12755,40,,,0,40,,12756,40,,,0,75,,12757,40,,,0,85,,12758,40,,,0,30,,12759,40,,,0,77,,12760,40,,,0,35,,12761,40,,,0,73,,12762,40,,,0,84,,12763,40,,,0,102,,12764,40,,,0,100,,12765,40,,,0,100,,12741,40,0,8 9 1 10,0
24701,'Semaine-03',554,,15972,480,,,0,70,,15973,480,,,0,82,,15974,480,,,0,40,,15975,480,,,0,60,,15976,480,,,0,42,,15977,480,,,0,106,,15978,480,,,0,171,,15979,480,,,0,130,,15980,480,,,0,170,,15981,480,,,0,183,,15982,480,,,0,24,,15983,480,,,0,116,,15967,480,,,0,72,,15984,480,,,0,19,,15968,480,,,0,163,,15969,480,,,0,129,,15970,480,,,0,169,,15971,480,,,0
24701,'Semaine-53',554,,12826,480,,,0,70,,12827,480,,,0,82,,12828,480,,,0,40,,12829,480,,,0,60,,12830,480,,,0,42,,12831,480,,,0,106,,12832,480,,,0,171,,12833,480,,,0,130,,12834,480,,,0,170,,12835,480,,,0,183,,12836,480,,,0,24,,12837,480,,,0,116,,12821,480,,,0,72,,12838,480,,,0,19,,12822,480,,,0,163,,12823,480,,,0,129,,12824,480,,,0,169,,12825,480,,,0
24701,'Week-end-03',755,,15985,480,,,0,170,,15986,480,,,0,130,,15987,480,,,0,170,,15988,480,,,0,130,,15989,480,,,0,170,,15990,480,,,0,130,,15991,480,,,0,170,,15992,480,,,0,130,,15993,480,,,0
24701,'Week-end-53',755,,12839,480,,,0,170,,12840,480,,,0,130,,12841,480,,,0,170,,12842,480,,,0,130,,12843,480,,,0,170,,12844,480,,,0,130,,12845,480,,,0,170,,12846,480,,,0,130,,12847,480,,,0
24901,'Semaine-03',623,,16037,590,,,0,23,,16038,590,,,0,78,,16039,590,,,0,98,,16040,590,,,0,24,,16041,590,,,0,100,,16042,590,,,0,95,,16043,590,,,0,100,,16044,590,,,0,100,,16045,590,,,0,100,,16046,590,,,0,100,,16047,590,,,0,99,,16048,590,,,0,62,,16049,590,,,0,54,,16050,590,,,0,79,,16051,590,,,0,72,,16052,590,,,0,52,,16053,590,,,0,98,,16054,590,,,0,101,,16055,590,,,0,143,,16056,590,,,0,57,,16057,590,,,0
24901,'Semaine-53',623,,12913,590,,,0,23,,12914,590,,,0,78,,12915,590,,,0,98,,12916,590,,,0,24,,12917,590,,,0,100,,12918,590,,,0,95,,12919,590,,,0,100,,12920,590,,,0,100,,12921,590,,,0,100,,12922,590,,,0,100,,12923,590,,,0,99,,12924,590,,,0,62,,12925,590,,,0,54,,12926,590,,,0,79,,12927,590,,,0,72,,12928,590,,,0,52,,12929,590,,,0,98,,12930,590,,,0,101,,12931,590,,,0,143,,12932,590,,,0,57,,12933,590,,,0
24901,'Week-end-03',756,,16058,590,,,0,168,,16059,590,,,0,130,,16060,590,,,0,170,,16061,590,,,0,130,,16062,590,,,0,170,,16063,590,,,0,130,,16064,590,,,0,170,,16065,590,,,0,130,,16066,590,,,0,170,,16067,590,,,0,130,,16068,590,,,0
24901,'Week-end-53',756,,12934,590,,,0,168,,12935,590,,,0,130,,12936,590,,,0,170,,12937,590,,,0,130,,12938,590,,,0,170,,12939,590,,,0,130,,12940,590,,,0,170,,12941,590,,,0,130,,12942,590,,,0,170,,12943,590,,,0,130,,12944,590,,,0
