'LA-A25-LAGTFS-Dimanche-04',2700,81500,,'',0,10000,,'',0,10000,,'',0,10000,,'',0,10000,,'',0,10000,,'',0,10000,,'',0,9900,,'',0,10000,,'',0,10000,,'',0,10100,,'',0,10000,,'',0,10000,,'',0,10000,,'',0,10000,,'',0,10000,,'',0
'LA-A25-LAGTFS-Dimanche-04',2701,81000,4,'',0,10000,4,'',0,10000,4,'',0,10000,4,'',0,10000,4,'',0,10000,4,'',0,10000,4,'',0,10000,4,'',0,10000,4,'',0,10000,4,'',0,10000,4,'',0,10000,4,'',0,10000,4,'',0,10000,4,'',0,10000,4,'',0,10000,4,'',0
'LA-A25-LAGTFS-Samedi-04',2700,81500,,'',0,10000,,'',0,10000,,'',0,10000,,'',0,10000,,'',0,10000,,'',0,10000,,'',0,9900,,'',0,10000,,'',0,10000,,'',0,10100,,'',0,10000,,'',0,10000,,'',0,10000,,'',0,10000,,'',0,10000,,'',0
'LA-A25-LAGTFS-Samedi-04',2701,81000,4,'',0,10000,4,'',0,10000,4,'',0,10000,4,'',0,10000,4,'',0,10000,4,'',0,10000,4,'',0,10000,4,'',0,10000,4,'',0,10000,4,'',0,10000,4,'',0,10000,4,'',0,10000,4,'',0,10000,4,'',0,10000,4,'',0,10000,4,'',0
'LA-A25-LAGTFS-Semaine-04',2700,63300,,'',0,2000,,'',0,8100,,'',0,2000,,'',0,8100,,'',0,2400,,'',0,15600,,'',0,10000,,'',0,10000,,'',0,9900,,'',0,10000,,'',0,10000,,'',0,3100,,'',0,7200,,'',0,9400,,'',0,3000,,'',0,7500,,'',0,3500,,'',0,6400,,'',0,3500,,'',0,7000,,'',0,9500,,'',0,10000,,'',0,10000,,'',0
'LA-A25-LAGTFS-Semaine-04',2701,62900,4,'',0,2200,4,'',0,7800,4,'',0,2000,4,'',0,8100,4,'',0,2400,4,'',0,15600,4,'',0,10000,4,'',0,10000,4,'',0,10000,4,'',0,10000,4,'',0,10100,4,'',0,2900,4,'',0,7300,4,'',0,9200,4,'',0,3100,4,'',0,7600,4,'',0,3400,4,'',0,6600,4,'',0,3400,4,'',0,6900,4,'',0,9500,4,'',0,10000,4,'',0,10000,4,'',0
'LA-A25-LAGTFS-Dimanche-06',61000,80700,,'',0,10000,,'',0,9800,,'',0,10000,,'',0,10000,,'',0,10000,,'',0,10000,,'',0,10000,,'',0,10000,,'',0,10000,,'',0,10000,,'',0,10000,,'',0,10000,,'',0,10000,,'',0,10000,,'',0,10000,,'',0
'LA-A25-LAGTFS-Dimanche-06',61001,80200,4,'',0,10000,4,'',0,3000,4,'',0,10200,4,'',0,10000,4,'',0,10000,4,'',0,10000,4,'',0,10000,4,'',0,10000,4,'',0,10000,4,'',0,10000,4,'',0,9700,4,'',0,10000,4,'',0,10000,4,'',0,10000,4,'',0,10000,4,'',0,10000,4,'',0
'LA-A25-LAGTFS-Samedi-06',61000,80700,,'',0,10000,,'',0,9800,,'',0,10000,,'',0,10000,,'',0,10000,,'',0,10000,,'',0,10000,,'',0,10000,,'',0,10000,,'',0,10000,,'',0,10000,,'',0,10000,,'',0,10000,,'',0,10000,,'',0,10000,,'',0
'LA-A25-LAGTFS-Samedi-06',61001,80200,4,'',0,10000,4,'',0,3000,4,'',0,10200,4,'',0,10000,4,'',0,10000,4,'',0,10000,4,'',0,10000,4,'',0,10000,4,'',0,10000,4,'',0,10000,4,'',0,9700,4,'',0,10000,4,'',0,10000,4,'',0,10000,4,'',0,10000,4,'',0,10000,4,'',0
'LA-A25-LAGTFS-Semaine-06',61000,60100,,'',0,3000,,'',0,6900,,'',0,2900,,'',0,7200,,'',0,3400,,'',0,6500,,'',0,10000,,'',0,10000,,'',0,10000,,'',0,10000,,'',0,10000,,'',0,10000,,'',0,5100,,'',0,6600,,'',0,3500,,'',0,7100,,'',0,8000,,'',0,3100,,'',0,7100,,'',0,10000,,'',0,10000,,'',0,10000,,'',0,10500,,'',0
'LA-A25-LAGTFS-Semaine-06',61001,61000,4,'',0,3000,4,'',0,7200,4,'',0,3000,4,'',0,7000,4,'',0,2600,4,'',0,6800,4,'',0,3000,4,'',0,10000,4,'',0,9900,4,'',0,10000,4,'',0,10000,4,'',0,10000,4,'',0,10200,4,'',0,10500,4,'',0,7300,4,'',0,2900,4,'',0,6800,4,'',0,3000,4,'',0,6100,4,'',0,3000,4,'',0,9900,4,'',0,10000,4,'',0,10000,4,'',0,10000,4,'',0
