24601,'Semaine-02',601,,18798,470,,,0,47,,18797,470,,,0,89,,18796,470,,,0,93,,18795,470,,,0,89,,18794,470,,,0,699,,18793,470,,,0,92,,18792,470,,,0,93,,18791,470,,,0,52,,18790,470,,,0,87,,18789,470,,,0
24601,'Semaine-03',601,,22017,470,,,0,47,,22016,470,,,0,89,,22015,470,,,0,93,,22014,470,,,0,89,,22013,470,,,0,699,,22012,470,,,0,92,,22011,470,,,0,93,,22010,470,,,0,52,,22009,470,,,0,87,,22008,470,,,0
25001,'Fête-1-02',750,,22201,560,,,0,100,,22185,560,,,0,70,,22188,560,,,0,100,,22195,560,,,0,30,,22196,560,,,0,100,,22187,560,,,0,70,,22190,560,,,0,100,,22198,560,,,0,30,,22199,560,,,0,100,,22186,560,,,0,70,,22197,560,,,0,100,,22189,560,,,0,31,,22194,560,,,0,100,,22200,560,,,0,70,,22191,560,,,0,100,,22192,560,,,0,30,,22184,560,,,0,100,,22193,560,,,0,70,,22202,560,,,0,100,,22183,560,,,0,30,,22203,560,,,0
25001,'Semaine-02',619,,19172,560,,,0,25,,19173,560,,,0,72,,19174,560,0,8 27 75,0,22,,19175,560,,,0,85,,19176,560,,,0,94,,19177,560,,,0,28,,19178,560,,,0,95,,19179,560,,,0,100,,19180,560,,,0,103,,19181,560,,,0,100,,19182,560,,,0,102,,19183,560,,,0,155,,19184,560,,,0,102,,19185,560,,,0,26,,19186,560,,,0,30,,19187,560,,,0,68,,19188,560,,,0,81,,19189,560,,,0,47,,19190,560,,,0,147,,19191,560,,,0,55,,19192,560,,,0,99,,19193,560,,,0
25001,'Semaine-03',619,,22204,560,,,0,25,,22205,560,,,0,72,,22206,560,0,8 27 75,0,22,,22207,560,,,0,85,,22208,560,,,0,94,,22209,560,,,0,28,,22210,560,,,0,95,,22211,560,,,0,100,,22212,560,,,0,103,,22213,560,,,0,100,,22214,560,,,0,102,,22215,560,,,0,155,,22216,560,,,0,102,,22217,560,,,0,26,,22218,560,,,0,30,,22219,560,,,0,68,,22220,560,,,0,81,,22221,560,,,0,47,,22222,560,,,0,147,,22223,560,,,0,55,,22224,560,,,0,99,,22225,560,,,0
25001,'Week-end-01',750,,19212,560,,,0,100,,19196,560,,,0,70,,19199,560,,,0,100,,19206,560,,,0,30,,19207,560,,,0,100,,19198,560,,,0,70,,19201,560,,,0,100,,19209,560,,,0,30,,19210,560,,,0,100,,19197,560,,,0,70,,19208,560,,,0,100,,19200,560,,,0,31,,19205,560,,,0,100,,19211,560,,,0,70,,19202,560,,,0,100,,19203,560,,,0,30,,19195,560,,,0,100,,19204,560,,,0,70,,19213,560,,,0,100,,19194,560,,,0,30,,19214,560,,,0
70901,'Fête-1-02',624,,23143,480,,,0,30,,23144,480,,,0,70,,23145,480,,,0,30,,23146,480,,,0,70,,23147,480,,,0,15,,23148,480,,,0,71,,23149,480,,,0,30,,23150,480,,,0,70,,23151,480,,,0,31,,23152,480,,,0,71,,23153,480,,,0,30,,23154,480,,,0,70,,23155,480,,,0,30,,23156,480,,,0,70,,23157,480,,,0,30,,23158,480,,,0,70,,23159,480,,,0,30,,23160,480,,,0,70,,23161,480,,,0,30,,23162,480,,,0,70,,23163,480,,,0,30,,23164,480,,,0,70,,23165,480,,,0,30,,23166,480,,,0,70,,23167,480,,,0,30,,23168,480,,,0,70,,23169,480,,,0,30,,23170,480,,,0,70,,23171,480,,,0,30,,23172,480,,,0,70,,23173,480,,,0,30,,23174,480,,,0,70,,23175,480,,,0,31,,23176,480,,,0,70,,23177,480,,,0,30,,23178,480,,,0,111,,23179,480,,,0
70901,'Semaine-02',455,,21145,480,,,0,70,,21187,480,,,0,20,,21143,480,,,0,10,,21142,480,,,0,63,,21144,480,,,0,20,,21146,480,,,0,20,,21147,480,,,0,67,,21148,480,,,0,12,,21149,480,,,0,21,,21150,480,,,0,50,,21151,480,,,0,10,,21152,480,,,0,20,,21153,480,,,0,10,,21154,480,,,0,54,,21155,480,,,0,13,,21157,480,,,0,15,,21193,480,,,0,15,,21156,480,,,0,70,,21158,480,,,0,15,,21159,480,,,0,22,,21160,510,,,0,70,,21161,510,,,0,15,,21162,510,,,0,15,,21163,510,,,0,55,,21164,510,,,0,15,,21196,510,,,0,15,,21165,510,,,0,15,,21197,510,,,0,70,,21166,510,,,0,15,,21167,510,,,0,15,,21168,510,,,0,70,,21188,510,,,0,30,,21189,510,,,0,70,,21190,510,,,0,16,,21191,510,,,0,16,,21192,510,,,0,89,,21170,510,,,0,15,,21169,510,,,0,68,,21171,510,,,0,15,,21172,510,,,0,62,,21173,510,,,0,15,,21194,510,,,0,13,,21195,510,,,0,14,,21174,510,,,0,59,,21175,510,,,0,14,,21176,510,,,0,15,,21177,510,,,0,22,,21178,480,,,0,70,,21179,480,,,0,15,,21180,480,,,0,68,,21181,480,,,0,30,,21182,480,,,0,69,,21183,480,,,0,44,,21184,480,,,0,99,,21185,480,,,0,108,,21186,480,,,0
70901,'Semaine-03',455,,23183,480,,,0,70,,23225,480,,,0,20,,23181,480,,,0,10,,23180,480,,,0,63,,23182,480,,,0,20,,23184,480,,,0,20,,23185,480,,,0,67,,23186,480,,,0,12,,23187,480,,,0,21,,23188,480,,,0,50,,23189,480,,,0,10,,23190,480,,,0,20,,23191,480,,,0,10,,23192,480,,,0,54,,23193,480,,,0,13,,23195,480,,,0,15,,23231,480,,,0,15,,23194,480,,,0,70,,23196,480,,,0,15,,23197,480,,,0,22,,23198,510,,,0,70,,23199,510,,,0,15,,23200,510,,,0,15,,23201,510,,,0,55,,23202,510,,,0,15,,23234,510,,,0,15,,23203,510,,,0,15,,23235,510,,,0,70,,23204,510,,,0,15,,23205,510,,,0,15,,23206,510,,,0,70,,23226,510,,,0,30,,23227,510,,,0,70,,23228,510,,,0,16,,23229,510,,,0,16,,23230,510,,,0,89,,23208,510,,,0,15,,23207,510,,,0,68,,23209,510,,,0,15,,23210,510,,,0,62,,23211,510,,,0,15,,23232,510,,,0,13,,23233,510,,,0,14,,23212,510,,,0,59,,23213,510,,,0,14,,23214,510,,,0,15,,23215,510,,,0,22,,23216,480,,,0,70,,23217,480,,,0,15,,23218,480,,,0,68,,23219,480,,,0,30,,23220,480,,,0,69,,23221,480,,,0,44,,23222,480,,,0,99,,23223,480,,,0,108,,23224,480,,,0
70901,'Week-end-01',624,,21198,480,,,0,30,,21199,480,,,0,70,,21200,480,,,0,30,,21201,480,,,0,70,,21202,480,,,0,15,,21203,480,,,0,71,,21204,480,,,0,30,,21205,480,,,0,70,,21206,480,,,0,31,,21207,480,,,0,71,,21208,480,,,0,30,,21209,480,,,0,70,,21210,480,,,0,30,,21211,480,,,0,70,,21212,480,,,0,30,,21213,480,,,0,70,,21214,480,,,0,30,,21215,480,,,0,70,,21216,480,,,0,30,,21217,480,,,0,70,,21218,480,,,0,30,,21219,480,,,0,70,,21220,480,,,0,30,,21221,480,,,0,70,,21222,480,,,0,30,,21223,480,,,0,70,,21224,480,,,0,30,,21225,480,,,0,70,,21226,480,,,0,30,,21227,480,,,0,70,,21228,480,,,0,30,,21229,480,,,0,70,,21230,480,,,0,31,,21231,480,,,0,70,,21232,480,,,0,30,,21233,480,,,0,111,,21234,480,,,0
