24601,'Semaine-01',528,,18788,50,,,0,86,,18787,50,,,0,88,,18786,50,,,0,51,,18785,50,,,0,93,,18784,50,,,0,698,,18783,50,,,0,91,,18782,50,,,0,93,,18781,50,,,0,93,,18780,50,,,0,89,,18779,50,,,0
24601,'Semaine-02',528,,18798,50,,,0,86,,18797,50,,,0,88,,18796,50,,,0,51,,18795,50,,,0,93,,18794,50,,,0,698,,18793,50,,,0,91,,18792,50,,,0,93,,18791,50,,,0,93,,18790,50,,,0,89,,18789,50,,,0
25000,'Fête-1-01',808,,19045,50,,,0,100,,19043,50,,,0,30,,19046,50,,,0,100,,19047,50,,,0,70,,19048,50,,,0,100,,19044,50,,,0,30,,19061,50,,,0,100,,19056,50,,,0,70,,19059,50,,,0,100,,19062,50,,,0,30,,19053,50,,,0,100,,19052,50,,,0,70,,19054,50,,,0,100,,19055,50,,,0,30,,19060,50,,,0,100,,19050,50,,,0,70,,19063,50,,,0,100,,19057,50,,,0,30,,19049,50,,,0,100,,19058,50,,,0,70,,19051,50,,,0
25000,'Semaine-01',636,,19064,50,,,0,23,,19065,50,,,0,73,,19066,50,,,0,25,,19067,50,,,0,82,,19068,50,,,0,164,,19069,50,,,0,101,,19070,50,,,0,100,,19071,50,,,0,100,,19072,50,,,0,100,,19073,50,,,0,105,,19074,50,,,0,50,,19075,50,,,0,64,,19076,50,,,0,98,,19077,50,,,0,26,,19078,50,,,0,71,,19079,50,,,0,35,,19080,50,,,0,70,,19081,50,,,0,90,,19082,50,,,0,104,,19083,50,,,0,96,,19084,50,,,0,100,,19085,50,,,0
25000,'Semaine-02',636,,19086,50,,,0,23,,19087,50,,,0,73,,19088,50,,,0,25,,19089,50,,,0,82,,19090,50,,,0,164,,19091,50,,,0,101,,19092,50,,,0,100,,19093,50,,,0,100,,19094,50,,,0,100,,19095,50,,,0,105,,19096,50,,,0,50,,19097,50,,,0,64,,19098,50,,,0,98,,19099,50,,,0,26,,19100,50,,,0,71,,19101,50,,,0,35,,19102,50,,,0,70,,19103,50,,,0,90,,19104,50,,,0,104,,19105,50,,,0,96,,19106,50,,,0,100,,19107,50,,,0
25000,'Week-end-01',808,,19110,50,,,0,100,,19108,50,,,0,30,,19111,50,,,0,100,,19112,50,,,0,70,,19113,50,,,0,100,,19109,50,,,0,30,,19126,50,,,0,100,,19121,50,,,0,70,,19124,50,,,0,100,,19127,50,,,0,30,,19118,50,,,0,100,,19117,50,,,0,70,,19119,50,,,0,100,,19120,50,,,0,30,,19125,50,,,0,100,,19115,50,,,0,70,,19128,50,,,0,100,,19122,50,,,0,30,,19114,50,,,0,100,,19123,50,,,0,70,,19116,50,,,0
25201,'Semaine-01',607,,19277,50,,,0,38,,19269,50,,,0,76,,19283,50,,,0,36,,19281,50,,,0,73,,19278,50,,,0,678,,19279,50,,,0,40,,19275,50,,,0,73,,19272,50,,,0,31,,19274,50,,,0,71,,19280,50,,,0,30,,19270,50,,,0,69,,19282,50,,,0,31,,19276,50,,,0,69,,19273,50,,,0,28,,19271,50,,,0
25201,'Semaine-02',607,,19292,50,,,0,38,,19284,50,,,0,76,,19298,50,,,0,36,,19296,50,,,0,73,,19293,50,,,0,678,,19294,50,,,0,40,,19290,50,,,0,73,,19287,50,,,0,31,,19289,50,,,0,71,,19295,50,,,0,30,,19285,50,,,0,69,,19297,50,,,0,31,,19291,50,,,0,69,,19288,50,,,0,28,,19286,50,,,0
60001,'Fête-1-01',755,,20404,20,,,0,100,,20403,20,,,0,100,,20401,20,,,0,100,,20402,20,,,0,100,,20399,20,,,0,100,,20400,20,,,0,100,,20396,20,,,0,100,,20397,20,,,0,100,,20398,20,,,0,100,,20395,20,,,0,100,,20392,20,,,0,100,,20393,20,,,0,100,,20394,20,,,0,100,,20390,20,,,0,89,,20391,20,,,0,185,,20389,20,,,0
60001,'Semaine-01',715,,20405,20,,,0,32,,20406,20,,,0,100,,20407,20,,,0,100,,20408,20,,,0,98,,20409,20,,,0,170,,20410,20,,,0,100,,20411,20,,,0,30,,20412,20,,,0,100,,20413,20,,,0,100,,20414,20,,,0,100,,20415,20,,,0,70,,20416,20,,,0,30,,20417,20,,,0,100,,20418,20,,,0,100,,20419,20,,,0,100,,20420,20,,,0,100,,20421,20,,,0,100,,20422,20,,,0,100,,20423,20,,,0
60001,'Semaine-02',715,,20428,20,,,0,32,,20429,20,,,0,100,,20430,20,,,0,100,,20431,20,,,0,98,,20432,20,,,0,170,,20433,20,,,0,100,,20434,20,,,0,30,,20435,20,,,0,100,,20436,20,,,0,100,,20437,20,,,0,100,,20438,20,,,0,70,,20439,20,,,0,30,,20440,20,,,0,100,,20441,20,,,0,100,,20442,20,,,0,100,,20443,20,,,0,100,,20444,20,,,0,100,,20445,20,,,0,100,,20446,20,,,0
60001,'Week-end-01',755,,20466,20,,,0,100,,20465,20,,,0,100,,20463,20,,,0,100,,20464,20,,,0,100,,20461,20,,,0,100,,20462,20,,,0,100,,20458,20,,,0,100,,20459,20,,,0,100,,20460,20,,,0,100,,20457,20,,,0,100,,20454,20,,,0,100,,20455,20,,,0,100,,20456,20,,,0,100,,20452,20,,,0,89,,20453,20,,,0,185,,20451,20,,,0
70900,'Fête-1-01',638,,20871,130,,,0,65,,20872,130,,,0,15,,20873,130,,,0,30,,20874,130,,,0,70,,20875,130,,,0,30,,20876,130,,,0,70,,20877,130,,,0,30,,20878,130,,,0,70,,20879,130,,,0,30,,20880,130,,,0,70,,20881,130,,,0,30,,20882,130,,,0,70,,20883,130,,,0,30,,20884,130,,,0,70,,20885,130,,,0,30,,20886,130,,,0,70,,20887,130,,,0,30,,20888,130,,,0,70,,20889,130,,,0,30,,20890,130,,,0,70,,20891,130,,,0,30,,20892,130,,,0,70,,20893,130,,,0,30,,20894,130,,,0,70,,20895,130,,,0,30,,20896,130,,,0,70,,20897,130,,,0,30,,20898,130,,,0,70,,20899,130,,,0,30,,20900,130,,,0,70,,20901,130,,,0,30,,20902,130,,,0,70,,20903,130,,,0,20,,20904,130,,,0,70,,20905,130,,,0,30,,20906,130,,,0,70,,20907,130,,,0,30,,20908,130,,,0,109,,20909,130,,,0
70900,'Semaine-01',553,,20911,130,0,11 12 13,0,78,,20912,130,0,11 12 13,0,20,,20913,130,0,11 12 13,0,7,,20914,130,0,11 12 13,0,78,,20915,130,0,11 12 13,0,19,,20916,130,0,11 12 13,0,65,,20917,130,0,11 12 13,0,28,,20918,130,0,11 12 13,0,74,,20919,130,0,11 12 13,0,25,,20957,130,0,11 12 13,0,68,,20920,130,0,11 12 13,0,15,,20921,130,0,11 12 13,0,29,,20922,130,0,11 12 13,0,55,,20923,130,0,11 12 13,0,15,,20924,130,0,11 12 13,0,23,,20925,130,0,11 12 13,0,70,,20926,130,0,11 12 13,0,15,,20953,130,0,11 12 13,0,15,,20956,130,0,11 12 13,0,55,,20955,130,0,11 12 13,0,30,,20954,130,0,11 12 13,0,85,,20952,130,0,11 12 13,0,15,,20927,130,0,11 12 13,0,21,,20928,130,0,11 12 13,0,84,,20929,130,,,0,66,,20930,130,,,0,20,,20950,130,,,0,17,,20951,130,,,0,11,,20944,130,,,0,56,,20949,130,,,0,13,,20945,130,,,0,13,,20946,130,,,0,9,,20947,130,,,0,11,,20948,130,,,0,53,,20943,130,,,0,28,,20931,130,,,0,13,,20932,130,,,0,52,,20933,130,,,0,12,,20934,130,,,0,27,,20942,130,,,0,59,,20935,130,,,0,29,,20936,130,,,0,22,,20959,130,,,0,70,,20937,130,,,0,15,,20938,130,,,0,97,,20939,130,,,0,69,,20940,130,,,0,44,,20958,130,,,0,99,,20941,130,,,0,108,,20910,130,,,0
70900,'Semaine-02',553,,20961,130,0,11 12 13,0,78,,20962,130,0,11 12 13,0,20,,20963,130,0,11 12 13,0,7,,20964,130,0,11 12 13,0,78,,20965,130,0,11 12 13,0,19,,20966,130,0,11 12 13,0,65,,20967,130,0,11 12 13,0,28,,20968,130,0,11 12 13,0,74,,20969,130,0,11 12 13,0,25,,21007,130,0,11 12 13,0,68,,20970,130,0,11 12 13,0,15,,20971,130,0,11 12 13,0,29,,20972,130,0,11 12 13,0,55,,20973,130,0,11 12 13,0,15,,20974,130,0,11 12 13,0,23,,20975,130,0,11 12 13,0,70,,20976,130,0,11 12 13,0,15,,21003,130,0,11 12 13,0,15,,21006,130,0,11 12 13,0,55,,21005,130,0,11 12 13,0,30,,21004,130,0,11 12 13,0,85,,21002,130,0,11 12 13,0,15,,20977,130,0,11 12 13,0,21,,20978,130,0,11 12 13,0,84,,20979,130,,,0,66,,20980,130,,,0,20,,21000,130,,,0,17,,21001,130,,,0,11,,20994,130,,,0,56,,20999,130,,,0,13,,20995,130,,,0,13,,20996,130,,,0,9,,20997,130,,,0,11,,20998,130,,,0,53,,20993,130,,,0,28,,20981,130,,,0,13,,20982,130,,,0,52,,20983,130,,,0,12,,20984,130,,,0,27,,20992,130,,,0,59,,20985,130,,,0,29,,20986,130,,,0,22,,21009,130,,,0,70,,20987,130,,,0,15,,20988,130,,,0,97,,20989,130,,,0,69,,20990,130,,,0,44,,21008,130,,,0,99,,20991,130,,,0,108,,20960,130,,,0
70900,'Week-end-01',638,,21010,130,,,0,65,,21011,130,,,0,15,,21012,130,,,0,30,,21013,130,,,0,70,,21014,130,,,0,30,,21015,130,,,0,70,,21016,130,,,0,30,,21017,130,,,0,70,,21018,130,,,0,30,,21019,130,,,0,70,,21020,130,,,0,30,,21021,130,,,0,70,,21022,130,,,0,30,,21023,130,,,0,70,,21024,130,,,0,30,,21025,130,,,0,70,,21026,130,,,0,30,,21027,130,,,0,70,,21028,130,,,0,30,,21029,130,,,0,70,,21030,130,,,0,30,,21031,130,,,0,70,,21032,130,,,0,30,,21033,130,,,0,70,,21034,130,,,0,30,,21035,130,,,0,70,,21036,130,,,0,30,,21037,130,,,0,70,,21038,130,,,0,30,,21039,130,,,0,70,,21040,130,,,0,30,,21041,130,,,0,70,,21042,130,,,0,20,,21043,130,,,0,70,,21044,130,,,0,30,,21045,130,,,0,70,,21046,130,,,0,30,,21047,130,,,0,109,,21048,130,,,0
