24001,'Semaine-03',535,,15812,20,,,0,24,,15813,20,,,0,74,,15814,20,,,0,23,,15815,20,,,0,77,,15816,20,,,0,26,,15817,20,,,0,73,,15818,20,,,0,69,,15819,20,,,0,100,,15820,20,,,0,100,,15821,20,,,0,100,,15822,20,,,0,100,,15823,20,,,0,100,,15824,20,,,0,107,,15825,20,,,0,40,,15827,20,,,0,71,,15828,20,,,0,29,,15829,20,,,0,71,,15830,20,,,0,28,,15831,20,,,0,71,,15832,20,,,0,33,,15833,20,,,0,66,,15834,20,,,0,31,,15835,20,,,0,68,,15836,20,,,0,99,,15837,20,,,0,98,,15838,20,,,0,97,,15839,20,,,0
24001,'Semaine-53',535,,12632,20,,,0,24,,12633,20,,,0,74,,12634,20,,,0,23,,12635,20,,,0,77,,12636,20,,,0,26,,12637,20,,,0,73,,12638,20,,,0,69,,12639,20,,,0,100,,12640,20,,,0,100,,12641,20,,,0,100,,12642,20,,,0,100,,12643,20,,,0,100,,12644,20,,,0,107,,12645,20,,,0,40,,12647,20,,,0,71,,12648,20,,,0,29,,12649,20,,,0,71,,12650,20,,,0,28,,12651,20,,,0,71,,12652,20,,,0,33,,12653,20,,,0,66,,12654,20,,,0,31,,12655,20,,,0,68,,12656,20,,,0,99,,12657,20,,,0,98,,12658,20,,,0,97,,12659,20,,,0
24300,'Semaine-03',625,,15908,20,,,0,22,,15909,20,,,0,88,,15910,20,,,0,18,,15911,20,,,0,88,,15912,20,,,0,14,,15913,20,,,0,145,,15914,20,,,0,100,,15915,20,,,0,100,,15916,20,,,0,100,,15917,20,,,0,100,,15918,20,,,0,110,,15919,20,,,0,40,,15920,20,,,0,75,,15921,20,,,0,85,,15922,20,,,0,30,,15923,20,,,0,77,,15924,20,,,0,35,,15925,20,,,0,73,,15926,20,,,0,84,,15927,20,,,0,102,,15928,20,,,0,100,,15929,20,,,0,100,,15905,20,0,8 9 1 10,0
24300,'Semaine-53',625,,12744,20,,,0,22,,12745,20,,,0,88,,12746,20,,,0,18,,12747,20,,,0,88,,12748,20,,,0,14,,12749,20,,,0,145,,12750,20,,,0,100,,12751,20,,,0,100,,12752,20,,,0,100,,12753,20,,,0,100,,12754,20,,,0,110,,12755,20,,,0,40,,12756,20,,,0,75,,12757,20,,,0,85,,12758,20,,,0,30,,12759,20,,,0,77,,12760,20,,,0,35,,12761,20,,,0,73,,12762,20,,,0,84,,12763,20,,,0,102,,12764,20,,,0,100,,12765,20,,,0,100,,12741,20,0,8 9 1 10,0
24601,'Semaine-03',526,,15939,20,,,0,86,,15938,20,,,0,89,,15937,20,,,0,50,,15936,20,,,0,93,,15935,20,,,0,697,,15934,20,,,0,91,,15933,20,,,0,91,,15932,20,,,0,94,,15931,20,,,0,88,,15930,20,,,0
24601,'Semaine-53',526,,12775,20,,,0,86,,12774,20,,,0,89,,12773,20,,,0,50,,12772,20,,,0,93,,12771,20,,,0,697,,12770,20,,,0,91,,12769,20,,,0,91,,12768,20,,,0,94,,12767,20,,,0,88,,12766,20,,,0
24700,'Semaine-03',635,,15948,20,,,0,82,,15949,20,,,0,103,,15950,20,,,0,186,,15956,20,,,0,130,,15957,20,,,0,170,,15954,20,,,0,130,,15955,20,,,0,71,,15940,20,,,0,112,,15941,20,,,0,28,,15942,20,,,0,64,,15943,20,,,0,47,,15944,20,,,0,60,,15945,20,,,0,33,,15946,20,,,0,99,,15947,20,,,0,62,,15951,20,,,0,129,,15952,20,,,0,170,,15953,20,,,0
24700,'Semaine-53',635,,12793,20,,,0,82,,12794,20,,,0,103,,12795,20,,,0,186,,12801,20,,,0,130,,12802,20,,,0,170,,12799,20,,,0,130,,12800,20,,,0,71,,12785,20,,,0,112,,12786,20,,,0,28,,12787,20,,,0,64,,12788,20,,,0,47,,12789,20,,,0,60,,12790,20,,,0,33,,12791,20,,,0,99,,12792,20,,,0,62,,12796,20,,,0,129,,12797,20,,,0,170,,12798,20,,,0
24700,'Week-end-03',806,,15964,20,,,0,130,,15958,20,,,0,170,,15960,20,,,0,130,,15965,20,,,0,170,,15966,20,,,0,130,,15961,20,,,0,170,,15959,20,,,0,130,,15962,20,,,0,170,,15963,20,,,0
24700,'Week-end-53',806,,12809,20,,,0,130,,12803,20,,,0,170,,12805,20,,,0,130,,12810,20,,,0,170,,12811,20,,,0,130,,12806,20,,,0,170,,12804,20,,,0,130,,12807,20,,,0,170,,12808,20,,,0
24900,'Semaine-03',633,,16006,20,,,0,68,,16007,20,,,0,33,,16008,20,,,0,98,,16009,20,,,0,69,,16010,20,,,0,105,,16011,20,,,0,100,,16012,20,,,0,100,,16013,20,,,0,100,,16014,20,,,0,100,,16015,20,,,0,106,,16016,20,,,0,39,,16017,20,,,0,69,,16018,20,,,0,93,,16019,20,,,0,32,,16020,20,,,0,75,,16021,20,,,0,91,,16022,20,,,0,100,,16023,20,,,0,100,,16024,20,,,0,100,,16025,20,,,0,100,,16005,20,,,0
24900,'Semaine-53',633,,12871,20,,,0,68,,12872,20,,,0,33,,12873,20,,,0,98,,12874,20,,,0,69,,12875,20,,,0,105,,12876,20,,,0,100,,12877,20,,,0,100,,12878,20,,,0,100,,12879,20,,,0,100,,12880,20,,,0,106,,12881,20,,,0,39,,12882,20,,,0,69,,12883,20,,,0,93,,12884,20,,,0,32,,12885,20,,,0,75,,12886,20,,,0,91,,12887,20,,,0,100,,12888,20,,,0,100,,12889,20,,,0,100,,12890,20,,,0,100,,12870,20,,,0
24900,'Week-end-03',805,,16026,20,0,5,0,130,,16027,20,0,5,0,170,,16036,20,0,5,0,130,,16028,20,0,5,0,170,,16029,20,0,5,0,130,,16030,20,0,5,0,170,,16031,20,0,5,0,130,,16032,20,0,5,0,170,,16033,20,0,5,0,130,,16034,20,0,5,0,170,,16035,20,0,5,0
24900,'Week-end-53',805,,12891,20,0,5,0,130,,12892,20,0,5,0,170,,12901,20,0,5,0,130,,12893,20,0,5,0,170,,12894,20,0,5,0,130,,12895,20,0,5,0,170,,12896,20,0,5,0,130,,12897,20,0,5,0,170,,12898,20,0,5,0,130,,12899,20,0,5,0,170,,12900,20,0,5,0
25000,'Semaine-03',635,,16069,20,,,0,22,,16070,20,,,0,73,,16071,20,,,0,25,,16072,20,,,0,82,,16073,20,,,0,64,,16074,20,,,0,100,,16075,20,,,0,100,,16076,20,,,0,100,,16077,20,,,0,100,,16078,20,,,0,100,,16079,20,,,0,105,,16080,20,,,0,40,,16081,20,,,0,73,,16082,20,,,0,27,,16084,20,,,0,71,,16083,20,,,0,27,,16085,20,,,0,72,,16086,20,,,0,35,,16087,20,,,0,69,,16088,20,,,0,91,,16089,20,,,0,103,,16090,20,,,0,97,,16091,20,,,0,100,,16092,20,,,0
25000,'Semaine-53',635,,12966,20,,,0,22,,12967,20,,,0,73,,12968,20,,,0,25,,12969,20,,,0,82,,12970,20,,,0,64,,12971,20,,,0,100,,12972,20,,,0,100,,12973,20,,,0,100,,12974,20,,,0,100,,12975,20,,,0,100,,12976,20,,,0,105,,12977,20,,,0,40,,12978,20,,,0,73,,12979,20,,,0,27,,12981,20,,,0,71,,12980,20,,,0,27,,12982,20,,,0,72,,12983,20,,,0,35,,12984,20,,,0,69,,12985,20,,,0,91,,12986,20,,,0,103,,12987,20,,,0,97,,12988,20,,,0,100,,12989,20,,,0
25000,'Week-end-03',806,,16095,20,,,0,100,,16093,20,,,0,30,,16096,20,,,0,100,,16097,20,,,0,70,,16098,20,,,0,100,,16094,20,,,0,30,,16111,20,,,0,100,,16106,20,,,0,70,,16109,20,,,0,100,,16112,20,,,0,30,,16103,20,,,0,100,,16102,20,,,0,70,,16104,20,,,0,100,,16105,20,,,0,30,,16110,20,,,0,100,,16100,20,,,0,70,,16113,20,,,0,100,,16107,20,,,0,30,,16099,20,,,0,100,,16108,20,,,0,70,,16101,20,,,0
25000,'Week-end-53',806,,12992,20,,,0,100,,12990,20,,,0,30,,12993,20,,,0,100,,12994,20,,,0,70,,12995,20,,,0,100,,12991,20,,,0,30,,13008,20,,,0,100,,13003,20,,,0,70,,13006,20,,,0,100,,13009,20,,,0,30,,13000,20,,,0,100,,12999,20,,,0,70,,13001,20,,,0,100,,13002,20,,,0,30,,13007,20,,,0,100,,12997,20,,,0,70,,13010,20,,,0,100,,13004,20,,,0,30,,12996,20,,,0,100,,13005,20,,,0,70,,12998,20,,,0
25100,'Semaine-03',901,,16161,20,,,0,100,,16160,20,,,0,100,,16169,20,,,0,100,,16165,20,,,0,100,,16168,20,,,0,100,,16163,20,,,0,615,,16166,20,,,0,97,,16164,20,,,0,98,,16162,20,,,0,100,,16167,20,,,0
25100,'Semaine-53',901,,13095,20,,,0,100,,13094,20,,,0,100,,13103,20,,,0,100,,13099,20,,,0,100,,13102,20,,,0,100,,13097,20,,,0,615,,13100,20,,,0,97,,13098,20,,,0,98,,13096,20,,,0,100,,13101,20,,,0
25100,'Week-end-03',806,,16184,20,,,0,100,,16182,20,,,0,100,,16185,20,,,0,100,,16181,20,,,0,100,,16180,20,,,0,100,,16183,20,,,0,100,,16176,20,,,0,100,,16179,20,,,0,100,,16175,20,,,0,100,,16177,20,,,0,100,,16173,20,,,0,100,,16178,20,,,0,100,,16170,20,,,0,100,,16171,20,,,0,100,,16172,20,,,0,100,,16174,20,,,0
25100,'Week-end-53',806,,13118,20,,,0,100,,13116,20,,,0,100,,13119,20,,,0,100,,13115,20,,,0,100,,13114,20,,,0,100,,13117,20,,,0,100,,13110,20,,,0,100,,13113,20,,,0,100,,13109,20,,,0,100,,13111,20,,,0,100,,13107,20,,,0,100,,13112,20,,,0,100,,13104,20,,,0,100,,13105,20,,,0,100,,13106,20,,,0,100,,13108,20,,,0
25201,'Semaine-03',605,,16219,20,,,0,38,,16211,20,,,0,76,,16225,20,,,0,36,,16223,20,,,0,73,,16220,20,,,0,678,,16221,20,,,0,40,,16217,20,,,0,70,,16214,20,,,0,31,,16216,20,,,0,71,,16222,20,,,0,30,,16212,20,,,0,69,,16224,20,,,0,30,,16218,20,,,0,70,,16215,20,,,0,31,,16213,20,,,0
25201,'Semaine-53',605,,13169,20,,,0,38,,13161,20,,,0,76,,13175,20,,,0,36,,13173,20,,,0,73,,13170,20,,,0,678,,13171,20,,,0,40,,13167,20,,,0,70,,13164,20,,,0,31,,13166,20,,,0,71,,13172,20,,,0,30,,13162,20,,,0,69,,13174,20,,,0,30,,13168,20,,,0,70,,13165,20,,,0,31,,13163,20,,,0
40500,'Semaine-03',714,,16726,100,,,0,100,,16727,100,,,0,910,,16728,100,,,0
40500,'Semaine-53',714,,13912,100,,,0,100,,13913,100,,,0,910,,13914,100,,,0
60000,'Semaine-03',634,,16752,730,,,0,70,,16754,730,,,0,36,,16756,730,,,0,70,,16758,730,,,0,30,,16760,730,,,0,70,,16762,730,,,0,30,,16763,730,,,0,94,,16764,730,,,0,100,,16765,730,,,0,100,,16766,730,,,0,70,,16767,730,,,0,30,,16768,730,,,0,70,,16769,730,,,0,100,,16770,730,,,0,30,,16771,730,,,0,70,,16750,730,,,0,31,,16749,730,,,0,70,,16748,730,,,0,30,,16747,730,,,0,70,,16745,730,,,0,30,,16746,730,,,0,99,,16761,730,,,0,100,,16759,730,,,0,100,,16757,730,,,0,96,,16755,730,,,0,104,,16753,730,,,0
60000,'Semaine-53',634,,14221,730,,,0,70,,14223,730,,,0,36,,14225,730,,,0,70,,14227,730,,,0,30,,14229,730,,,0,70,,14231,730,,,0,30,,14232,730,,,0,94,,14233,730,,,0,100,,14234,730,,,0,100,,14235,730,,,0,70,,14236,730,,,0,30,,14237,730,,,0,70,,14238,730,,,0,100,,14239,730,,,0,30,,14240,730,,,0,70,,14219,730,,,0,31,,14218,730,,,0,70,,14217,730,,,0,30,,14216,730,,,0,70,,14214,730,,,0,30,,14215,730,,,0,99,,14230,730,,,0,100,,14228,730,,,0,100,,14226,730,,,0,96,,14224,730,,,0,104,,14222,730,,,0
60000,'Week-end-03',734,,16788,730,,,0,100,,16787,730,,,0,100,,16786,730,,,0,100,,16785,730,,,0,100,,16784,730,,,0,100,,16783,730,,,0,100,,16782,730,,,0,100,,16781,730,,,0,100,,16780,730,,,0,100,,16779,730,,,0,100,,16778,730,,,0,100,,16777,730,,,0,100,,16776,730,,,0,100,,16775,730,,,0,100,,16774,730,,,0,100,,16772,730,,,0,88,,16773,730,,,0
60000,'Week-end-53',734,,14257,730,,,0,100,,14256,730,,,0,100,,14255,730,,,0,100,,14254,730,,,0,100,,14253,730,,,0,100,,14252,730,,,0,100,,14251,730,,,0,100,,14250,730,,,0,100,,14249,730,,,0,100,,14248,730,,,0,100,,14247,730,,,0,100,,14246,730,,,0,100,,14245,730,,,0,100,,14244,730,,,0,100,,14243,730,,,0,100,,14241,730,,,0,88,,14242,730,,,0
60500,'Semaine-03',730,,16848,470,,,0,205,,16849,470,,,0
60500,'Semaine-53',730,,14333,470,,,0,205,,14334,470,,,0
70900,'Semaine-03',549,,17074,100,0,11 12 13,0,52,,17132,100,0,11 12 13,0,26,,17075,100,0,11 12 13,0,10,,17076,100,0,11 12 13,0,10,,17077,100,0,11 12 13,0,7,,17078,100,0,11 12 13,0,59,,17079,100,0,11 12 13,0,19,,17080,100,0,11 12 13,0,10,,17081,100,0,11 12 13,0,9,,17082,100,0,11 12 13,0,53,,17083,100,0,11 12 13,0,12,,17084,100,0,11 12 13,0,17,,17085,100,0,11 12 13,0,11,,17086,100,0,11 12 13,0,59,,17130,100,0,11 12 13,0,15,,17087,100,0,11 12 13,0,25,,17129,100,0,11 12 13,0,15,,17088,100,0,11 12 13,0,53,,17089,100,0,11 12 13,0,15,,17090,100,0,11 12 13,0,29,,17091,100,0,11 12 13,0,55,,17092,100,0,11 12 13,0,15,,17093,100,0,11 12 13,0,23,,17094,100,0,11 12 13,0,70,,17095,100,0,11 12 13,0,15,,17125,100,0,11 12 13,0,15,,17128,100,0,11 12 13,0,55,,17127,100,0,11 12 13,0,30,,17126,100,0,11 12 13,0,85,,17124,100,0,11 12 13,0,15,,17096,100,0,11 12 13,0,21,,17097,100,0,11 12 13,0,84,,17098,100,,,0,13,,17099,100,,,0,53,,17100,100,,,0,20,,17122,100,,,0,17,,17123,100,,,0,11,,17116,100,,,0,56,,17121,100,,,0,13,,17117,100,,,0,13,,17118,100,,,0,9,,17119,100,,,0,11,,17120,100,,,0,53,,17115,100,,,0,14,,17101,100,,,0,14,,17102,100,,,0,13,,17103,100,,,0,52,,17104,100,,,0,12,,17105,100,,,0,27,,17114,100,,,0,19,,17106,100,,,0,69,,17107,100,,,0,22,,17133,100,,,0,70,,17108,100,,,0,15,,17109,100,,,0,67,,17110,100,,,0,30,,17111,100,,,0,69,,17112,100,,,0,44,,17131,100,,,0,99,,17113,100,,,0,108,,17073,100,,,0
70900,'Semaine-53',549,,14669,100,0,11 12 13,0,52,,14727,100,0,11 12 13,0,26,,14670,100,0,11 12 13,0,10,,14671,100,0,11 12 13,0,10,,14672,100,0,11 12 13,0,7,,14673,100,0,11 12 13,0,59,,14674,100,0,11 12 13,0,19,,14675,100,0,11 12 13,0,10,,14676,100,0,11 12 13,0,9,,14677,100,0,11 12 13,0,53,,14678,100,0,11 12 13,0,12,,14679,100,0,11 12 13,0,17,,14680,100,0,11 12 13,0,11,,14681,100,0,11 12 13,0,59,,14725,100,0,11 12 13,0,15,,14682,100,0,11 12 13,0,25,,14724,100,0,11 12 13,0,15,,14683,100,0,11 12 13,0,53,,14684,100,0,11 12 13,0,15,,14685,100,0,11 12 13,0,29,,14686,100,0,11 12 13,0,55,,14687,100,0,11 12 13,0,15,,14688,100,0,11 12 13,0,23,,14689,100,0,11 12 13,0,70,,14690,100,0,11 12 13,0,15,,14720,100,0,11 12 13,0,15,,14723,100,0,11 12 13,0,55,,14722,100,0,11 12 13,0,30,,14721,100,0,11 12 13,0,85,,14719,100,0,11 12 13,0,15,,14691,100,0,11 12 13,0,21,,14692,100,0,11 12 13,0,84,,14693,100,,,0,13,,14694,100,,,0,53,,14695,100,,,0,20,,14717,100,,,0,17,,14718,100,,,0,11,,14711,100,,,0,56,,14716,100,,,0,13,,14712,100,,,0,13,,14713,100,,,0,9,,14714,100,,,0,11,,14715,100,,,0,53,,14710,100,,,0,14,,14696,100,,,0,14,,14697,100,,,0,13,,14698,100,,,0,52,,14699,100,,,0,12,,14700,100,,,0,27,,14709,100,,,0,19,,14701,100,,,0,69,,14702,100,,,0,22,,14728,100,,,0,70,,14703,100,,,0,15,,14704,100,,,0,67,,14705,100,,,0,30,,14706,100,,,0,69,,14707,100,,,0,44,,14726,100,,,0,99,,14708,100,,,0,108,,14668,100,,,0
70900,'Week-end-03',636,,17134,100,,,0,65,,17135,100,,,0,15,,17136,100,,,0,30,,17137,100,,,0,70,,17138,100,,,0,30,,17139,100,,,0,70,,17140,100,,,0,30,,17141,100,,,0,70,,17142,100,,,0,30,,17143,100,,,0,70,,17144,100,,,0,30,,17145,100,,,0,70,,17146,100,,,0,30,,17147,100,,,0,70,,17148,100,,,0,30,,17149,100,,,0,70,,17150,100,,,0,30,,17151,100,,,0,70,,17152,100,,,0,30,,17153,100,,,0,70,,17154,100,,,0,30,,17155,100,,,0,70,,17156,100,,,0,30,,17157,100,,,0,70,,17158,100,,,0,30,,17159,100,,,0,70,,17160,100,,,0,30,,17161,100,,,0,70,,17162,100,,,0,30,,17163,100,,,0,70,,17164,100,,,0,30,,17165,100,,,0,70,,17166,100,,,0,20,,17167,100,,,0,70,,17168,100,,,0,30,,17169,100,,,0,70,,17170,100,,,0,30,,17171,100,,,0,109,,17172,100,,,0
70900,'Week-end-53',636,,14729,100,,,0,65,,14730,100,,,0,15,,14731,100,,,0,30,,14732,100,,,0,70,,14733,100,,,0,30,,14734,100,,,0,70,,14735,100,,,0,30,,14736,100,,,0,70,,14737,100,,,0,30,,14738,100,,,0,70,,14739,100,,,0,30,,14740,100,,,0,70,,14741,100,,,0,30,,14742,100,,,0,70,,14743,100,,,0,30,,14744,100,,,0,70,,14745,100,,,0,30,,14746,100,,,0,70,,14747,100,,,0,30,,14748,100,,,0,70,,14749,100,,,0,30,,14750,100,,,0,70,,14751,100,,,0,30,,14752,100,,,0,70,,14753,100,,,0,30,,14754,100,,,0,70,,14755,100,,,0,30,,14756,100,,,0,70,,14757,100,,,0,30,,14758,100,,,0,70,,14759,100,,,0,30,,14760,100,,,0,70,,14761,100,,,0,20,,14762,100,,,0,70,,14763,100,,,0,30,,14764,100,,,0,70,,14765,100,,,0,30,,14766,100,,,0,109,,14767,100,,,0
