25100,'LA-H26-LA_GTFS-Fête-1-01',824,,3323,,,0,100,,3321,,,0,100,,3324,,,0,100,,3320,,,0,100,,3319,,,0,100,,3322,,,0,100,,3315,,,0,100,,3318,,,0,100,,3314,,,0,100,,3316,,,0,100,,3312,,,0,100,,3317,,,0,100,,3309,,,0,100,,3310,,,0,100,,3311,,,0,100,,3313,,,0
25100,'LA-H26-LA_GTFS-Fête-1-02',824,,3339,,,0,100,,3337,,,0,100,,3340,,,0,100,,3336,,,0,100,,3335,,,0,100,,3338,,,0,100,,3331,,,0,100,,3334,,,0,100,,3330,,,0,100,,3332,,,0,100,,3328,,,0,100,,3333,,,0,100,,3325,,,0,100,,3326,,,0,100,,3327,,,0,100,,3329,,,0
25100,'LA-H26-LA_GTFS-Fête-2-02',919,,3342,,,0,100,,3341,,,0,100,,3350,,,0,100,,3346,,,0,100,,3349,,,0,100,,3344,,,0,615,,3347,,,0,97,,3345,,,0,98,,3343,,,0,100,,3348,,,0
25100,'LA-H26-LA_GTFS-Semaine-01',919,,3352,,,0,100,,3351,,,0,100,,3360,,,0,100,,3356,,,0,100,,3359,,,0,100,,3354,,,0,615,,3357,,,0,97,,3355,,,0,98,,3353,,,0,100,,3358,,,0
25100,'LA-H26-LA_GTFS-Semaine-50',919,,3362,,,0,100,,3361,,,0,100,,3370,,,0,100,,3366,,,0,100,,3369,,,0,100,,3364,,,0,615,,3367,,,0,97,,3365,,,0,98,,3363,,,0,100,,3368,,,0
25100,'LA-H26-LA_GTFS-Week-end-01',824,,3385,,,0,100,,3383,,,0,100,,3386,,,0,100,,3382,,,0,100,,3381,,,0,100,,3384,,,0,100,,3377,,,0,100,,3380,,,0,100,,3376,,,0,100,,3378,,,0,100,,3374,,,0,100,,3379,,,0,100,,3371,,,0,100,,3372,,,0,100,,3373,,,0,100,,3375,,,0
25100,'LA-H26-LA_GTFS-Week-end-50',824,,3401,,,0,100,,3399,,,0,100,,3402,,,0,100,,3398,,,0,100,,3397,,,0,100,,3400,,,0,100,,3393,,,0,100,,3396,,,0,100,,3392,,,0,100,,3394,,,0,100,,3390,,,0,100,,3395,,,0,100,,3387,,,0,100,,3388,,,0,100,,3389,,,0,100,,3391,,,0
60001,'LA-H26-LA_GTFS-Fête-1-01',758,,5957,,,0,100,,5956,,,0,100,,5954,,,0,100,,5955,,,0,100,,5952,,,0,100,,5953,,,0,100,,5949,,,0,100,,5950,,,0,100,,5951,,,0,100,,5948,,,0,100,,5945,,,0,100,,5946,,,0,100,,5947,,,0,100,,5943,,,0,89,,5944,,,0,185,,5942,,,0
60001,'LA-H26-LA_GTFS-Fête-1-02',758,,5973,,,0,100,,5972,,,0,100,,5970,,,0,100,,5971,,,0,100,,5968,,,0,100,,5969,,,0,100,,5965,,,0,100,,5966,,,0,100,,5967,,,0,100,,5964,,,0,100,,5961,,,0,100,,5962,,,0,100,,5963,,,0,100,,5959,,,0,89,,5960,,,0,185,,5958,,,0
60001,'LA-H26-LA_GTFS-Fête-2-02',718,,5974,,,0,32,,5975,,,0,100,,5976,,,0,100,,5977,,,0,98,,5978,,,0,100,,5979,,,0,100,,5980,,,0,100,,5981,,,0,100,,5982,,,0,70,,5983,,,0,30,,5984,,,0,70,,5985,,,0,30,,5986,,,0,70,,5987,,,0,30,,5988,,,0,100,,5989,,,0,100,,5990,,,0,100,,5991,,,0,100,,5992,,,0,100,,5993,,,0,100,,5994,,,0
60001,'LA-H26-LA_GTFS-Semaine-01',648,,5999,,,0,70,,6000,,,0,32,,6001,,,0,100,,6002,,,0,100,,6003,,,0,98,,6004,,,0,100,,6005,,,0,70,,6006,,,0,100,,6007,,,0,30,,6008,,,0,70,,6009,,,0,30,,6010,,,0,70,,6011,,,0,30,,6012,,,0,70,,6013,,,0,30,,6014,,,0,70,,6015,,,0,30,,6016,,,0,70,,6017,,,0,30,,6018,,,0,100,,6019,,,0,100,,6020,,,0,100,,6021,,,0,100,,6022,,,0,100,,6023,,,0
60001,'LA-H26-LA_GTFS-Semaine-50',648,,6028,,,0,70,,6029,,,0,32,,6030,,,0,100,,6031,,,0,100,,6032,,,0,98,,6033,,,0,100,,6034,,,0,70,,6035,,,0,100,,6036,,,0,30,,6037,,,0,70,,6038,,,0,30,,6039,,,0,70,,6040,,,0,30,,6041,,,0,70,,6042,,,0,30,,6043,,,0,70,,6044,,,0,30,,6045,,,0,70,,6046,,,0,30,,6047,,,0,100,,6048,,,0,100,,6049,,,0,100,,6050,,,0,100,,6051,,,0,100,,6052,,,0
60001,'LA-H26-LA_GTFS-Week-end-01',758,,6072,,,0,100,,6071,,,0,100,,6069,,,0,100,,6070,,,0,100,,6067,,,0,100,,6068,,,0,100,,6064,,,0,100,,6065,,,0,100,,6066,,,0,100,,6063,,,0,100,,6060,,,0,100,,6061,,,0,100,,6062,,,0,100,,6058,,,0,89,,6059,,,0,185,,6057,,,0
60001,'LA-H26-LA_GTFS-Week-end-50',758,,6088,,,0,100,,6087,,,0,100,,6085,,,0,100,,6086,,,0,100,,6083,,,0,100,,6084,,,0,100,,6080,,,0,100,,6081,,,0,100,,6082,,,0,100,,6079,,,0,100,,6076,,,0,100,,6077,,,0,100,,6078,,,0,100,,6074,,,0,89,,6075,,,0,185,,6073,,,0
