25001,'Fête-1-02',707,,22201,20,,,0,99,,22185,20,,,0,30,,22188,20,,,0,99,,22195,20,,,0,70,,22196,20,,,0,101,,22187,20,,,0,30,,22190,20,,,0,100,,22198,20,,,0,70,,22199,20,,,0,100,,22186,20,,,0,29,,22197,20,,,0,100,,22189,20,,,0,71,,22194,20,,,0,101,,22200,20,,,0,30,,22191,20,,,0,100,,22192,20,,,0,70,,22184,20,,,0,101,,22193,20,,,0,30,,22202,20,,,0,101,,22183,20,,,0,70,,22203,20,,,0
25001,'Semaine-02',531,,19172,20,,,0,25,,19173,20,,,0,68,,19174,20,0,8 27 75,0,21,,19175,20,,,0,85,,19176,20,,,0,96,,19177,20,,,0,32,,19178,20,,,0,96,,19179,20,,,0,100,,19180,20,,,0,103,,19181,20,,,0,100,,19182,20,,,0,102,,19183,20,,,0,155,,19184,20,,,0,99,,19185,20,,,0,26,,19186,20,,,0,70,,19187,20,,,0,28,,19188,20,,,0,84,,19189,20,,,0,87,,19190,20,,,0,108,,19191,20,,,0,93,,19192,20,,,0,101,,19193,20,,,0
25001,'Semaine-03',531,,22204,20,,,0,25,,22205,20,,,0,68,,22206,20,0,8 27 75,0,21,,22207,20,,,0,85,,22208,20,,,0,96,,22209,20,,,0,32,,22210,20,,,0,96,,22211,20,,,0,100,,22212,20,,,0,103,,22213,20,,,0,100,,22214,20,,,0,102,,22215,20,,,0,155,,22216,20,,,0,99,,22217,20,,,0,26,,22218,20,,,0,70,,22219,20,,,0,28,,22220,20,,,0,84,,22221,20,,,0,87,,22222,20,,,0,108,,22223,20,,,0,93,,22224,20,,,0,101,,22225,20,,,0
25001,'Week-end-01',707,,19212,20,,,0,99,,19196,20,,,0,30,,19199,20,,,0,99,,19206,20,,,0,70,,19207,20,,,0,101,,19198,20,,,0,30,,19201,20,,,0,100,,19209,20,,,0,70,,19210,20,,,0,100,,19197,20,,,0,29,,19208,20,,,0,100,,19200,20,,,0,71,,19205,20,,,0,101,,19211,20,,,0,30,,19202,20,,,0,100,,19203,20,,,0,70,,19195,20,,,0,101,,19204,20,,,0,30,,19213,20,,,0,101,,19194,20,,,0,70,,19214,20,,,0
31700,'Semaine-02',650,,20276,20,,,0,70,,20277,20,,,0,110,,20278,20,,,0,290,,20279,20,,,0,300,,20280,20,,,0
31700,'Semaine-03',650,,22754,20,,,0,70,,22755,20,,,0,110,,22756,20,,,0,290,,22757,20,,,0,300,,22758,20,,,0
31701,'Semaine-02',1231,,20291,30,,,0,270,,20296,30,,,0,100,,20292,30,,,0,130,,20293,30,,,0,100,,20294,30,,,0,475,,20295,30,,,0
31701,'Semaine-03',1231,,22761,30,,,0,270,,22766,30,,,0,100,,22762,30,,,0,130,,22763,30,,,0,100,,22764,30,,,0,475,,22765,30,,,0
51401,'Semaine-02',524,,20310,20,,,0,95,,20311,20,,,0,34,,20312,20,,,0
51401,'Semaine-03',524,,22772,20,,,0,95,,22773,20,,,0,34,,22774,20,,,0
