25001,'Semaine-03',536,,16114,90,,,0,64,,16115,90,,,0,29,,16116,90,,,0,21,,16117,90,,,0,85,,16118,90,,,0,22,,16119,90,,,0,74,,16120,90,,,0,72,,16121,90,,,0,37,,16122,90,,,0,19,,16123,90,,,0,100,,16124,90,,,0,143,,16125,90,,,0,100,,16126,90,,,0,102,,16127,90,,,0,115,,16128,90,,,0,24,,16129,90,,,0,75,,16130,90,,,0,26,,16131,90,,,0,70,,16132,90,,,0,28,,16133,90,,,0,83,,16134,90,,,0,88,,16135,90,,,0,107,,16136,90,,,0,94,,16137,90,,,0,101,,16138,90,,,0
25001,'Semaine-53',536,,13032,90,,,0,64,,13033,90,,,0,29,,13034,90,,,0,21,,13035,90,,,0,85,,13036,90,,,0,22,,13037,90,,,0,74,,13038,90,,,0,72,,13039,90,,,0,37,,13040,90,,,0,19,,13041,90,,,0,100,,13042,90,,,0,143,,13043,90,,,0,100,,13044,90,,,0,102,,13045,90,,,0,115,,13046,90,,,0,24,,13047,90,,,0,75,,13048,90,,,0,26,,13049,90,,,0,70,,13050,90,,,0,28,,13051,90,,,0,83,,13052,90,,,0,88,,13053,90,,,0,107,,13054,90,,,0,94,,13055,90,,,0,101,,13056,90,,,0
25001,'Week-end-03',712,,16157,90,,,0,99,,16141,90,,,0,30,,16144,90,,,0,99,,16151,90,,,0,70,,16152,90,,,0,101,,16143,90,,,0,30,,16146,90,,,0,100,,16154,90,,,0,70,,16155,90,,,0,100,,16142,90,,,0,29,,16153,90,,,0,100,,16145,90,,,0,71,,16150,90,,,0,101,,16156,90,,,0,30,,16147,90,,,0,100,,16148,90,,,0,70,,16140,90,,,0,101,,16149,90,,,0,30,,16158,90,,,0,101,,16139,90,,,0,70,,16159,90,,,0
25001,'Week-end-53',712,,13075,90,,,0,99,,13059,90,,,0,30,,13062,90,,,0,99,,13069,90,,,0,70,,13070,90,,,0,101,,13061,90,,,0,30,,13064,90,,,0,100,,13072,90,,,0,70,,13073,90,,,0,100,,13060,90,,,0,29,,13071,90,,,0,100,,13063,90,,,0,71,,13068,90,,,0,101,,13074,90,,,0,30,,13065,90,,,0,100,,13066,90,,,0,70,,13058,90,,,0,101,,13067,90,,,0,30,,13076,90,,,0,101,,13057,90,,,0,70,,13077,90,,,0
31700,'Semaine-03',651,,16711,50,0,11 23,0,70,,16712,50,0,11 23,0,110,,16713,50,0,11 23,0,290,,16714,50,0,11 23,0,300,,16715,50,0,11 23,0
31700,'Semaine-53',651,,13842,50,0,11 23,0,70,,13843,50,0,11 23,0,110,,13844,50,0,11 23,0,290,,13845,50,0,11 23,0,300,,13846,50,0,11 23,0
31701,'Semaine-03',1232,,16718,60,,,0,270,,16723,60,,,0,100,,16719,60,,,0,130,,16720,60,,,0,100,,16721,60,,,0,475,,16722,60,,,0
31701,'Semaine-53',1232,,13850,60,,,0,270,,13855,60,,,0,100,,13851,60,,,0,130,,13852,60,,,0,100,,13853,60,,,0,475,,13854,60,,,0
51401,'Semaine-03',527,,16742,90,,,0,95,,16743,90,,,0,34,,16744,90,,,0
51401,'Semaine-53',527,,14194,90,,,0,95,,14195,90,,,0,34,,14196,90,,,0
