'LA-A25-LAGTFS-Dimanche-03',2800,85100,4,'',0,17500,4,'',0,17500,4,'',0,13500,4,'',0,17500,4,'',0,13500,4,'',0,17500,4,'',0,13500,4,'',0,17400,4,'',0,17200,4,'',0
'LA-A25-LAGTFS-Dimanche-03',2801,72000,,'',0,13200,,'',0,17500,,'',0,17500,,'',0,13500,,'',0,17500,,'',0,13500,,'',0,17500,,'',0,13500,,'',0,17500,,'',0
'LA-A25-LAGTFS-Dimanche-04',2800,85100,4,'',0,17500,4,'',0,17500,4,'',0,13500,4,'',0,17500,4,'',0,13500,4,'',0,17500,4,'',0,13500,4,'',0,17400,4,'',0,17200,4,'',0
'LA-A25-LAGTFS-Dimanche-04',2801,72000,,'',0,13200,,'',0,17500,,'',0,17500,,'',0,13500,,'',0,17500,,'',0,13500,,'',0,17500,,'',0,13500,,'',0,17500,,'',0
'LA-A25-LAGTFS-Fête-1-02',2800,85100,4,'',0,17500,4,'',0,17500,4,'',0,13500,4,'',0,17500,4,'',0,13500,4,'',0,17500,4,'',0,13500,4,'',0,17400,4,'',0,17200,4,'',0
'LA-A25-LAGTFS-Fête-1-02',2801,72000,,'',0,13200,,'',0,17500,,'',0,17500,,'',0,13500,,'',0,17500,,'',0,13500,,'',0,17500,,'',0,13500,,'',0,17500,,'',0
'LA-A25-LAGTFS-Samedi-03',2800,85100,4,'',0,17500,4,'',0,17500,4,'',0,13500,4,'',0,17500,4,'',0,13500,4,'',0,17500,4,'',0,13500,4,'',0,17400,4,'',0,17200,4,'',0
'LA-A25-LAGTFS-Samedi-03',2801,72000,,'',0,13200,,'',0,17500,,'',0,17500,,'',0,13500,,'',0,17500,,'',0,13500,,'',0,17500,,'',0,13500,,'',0,17500,,'',0
'LA-A25-LAGTFS-Samedi-04',2800,85100,4,'',0,17500,4,'',0,17500,4,'',0,13500,4,'',0,17500,4,'',0,13500,4,'',0,17500,4,'',0,13500,4,'',0,17400,4,'',0,17200,4,'',0
'LA-A25-LAGTFS-Samedi-04',2801,72000,,'',0,13200,,'',0,17500,,'',0,17500,,'',0,13500,,'',0,17500,,'',0,13500,,'',0,17500,,'',0,13500,,'',0,17500,,'',0
'LA-A25-LAGTFS-Semaine-04',2800,73400,4,'',0,7800,4,'',0,12900,4,'',0,19400,4,'',0,19200,4,'',0,19500,4,'',0,23200,4,'',0,9700,4,'',0,9800,4,'',0,8300,4,'',0,9900,4,'',0
'LA-A25-LAGTFS-Semaine-04',2801,53700,,'',0,7800,,'',0,12000,,'',0,20700,,'',0,19400,,'',0,19200,,'',0,19500,,'',0,12000,,'',0,11200,,'',0,9700,,'',0,9800,,'',0
