22501,'Fête-1-01',909,,334,,,0,200,,335,,,0,200,,336,,,0,200,,337,,,0,200,,338,,,0,200,,339,,,0,200,,340,,,0
22501,'Fête-1-02',909,,341,,,0,200,,342,,,0,200,,343,,,0,200,,344,,,0,200,,345,,,0,200,,346,,,0,200,,347,,,0
22501,'Fête-2-02',610,,349,,,0,30,,350,,,0,72,,351,,,0,30,,352,,,0,70,,353,,,0,98,,354,,,0,100,,355,,,0,100,,356,,,0,100,,357,,,0,100,,358,,,0,100,,359,,,0,100,,360,,,0,101,,361,,,0,45,,362,,,0,70,,363,,,0,30,,364,,,0,70,,365,,,0,29,,366,,,0,70,,367,,,0,85,,368,,,0,100,,369,,,0,100,,370,,,0
22501,'Semaine-01',610,,372,,,0,30,,373,,,0,72,,374,,,0,30,,375,,,0,70,,376,,,0,98,,377,,,0,100,,378,,,0,100,,379,,,0,100,,380,,,0,100,,381,,,0,100,,382,,,0,100,,383,,,0,101,,384,,,0,45,,385,,,0,70,,386,,,0,30,,387,,,0,70,,388,,,0,29,,389,,,0,70,,390,,,0,85,,391,,,0,100,,392,,,0,100,,393,,,0
22501,'Semaine-50',610,,395,,,0,30,,396,,,0,72,,397,,,0,30,,398,,,0,70,,399,,,0,98,,400,,,0,100,,401,,,0,100,,402,,,0,100,,403,,,0,100,,404,,,0,100,,405,,,0,100,,406,,,0,101,,407,,,0,45,,408,,,0,70,,409,,,0,30,,410,,,0,70,,411,,,0,29,,412,,,0,70,,413,,,0,85,,414,,,0,100,,415,,,0,100,,416,,,0
22501,'Week-end-01',909,,417,,,0,200,,418,,,0,200,,419,,,0,200,,420,,,0,200,,421,,,0,200,,422,,,0,200,,423,,,0
22501,'Week-end-50',909,,424,,,0,200,,425,,,0,200,,426,,,0,200,,427,,,0,200,,428,,,0,200,,429,,,0,200,,430,,,0
22701,'Fête-1-01',859,,538,,,0,200,,539,,,0,200,,540,,,0,200,,541,,,0,200,,542,,,0,200,,543,,,0,200,,544,,,0
22701,'Fête-1-02',859,,545,,,0,200,,546,,,0,200,,547,,,0,200,,548,,,0,200,,549,,,0,200,,550,,,0,200,,551,,,0
22701,'Fête-2-02',559,,554,,,0,70,,555,,,0,72,,556,,,0,30,,557,,,0,70,,558,,,0,58,,559,,,0,100,,560,,,0,100,,561,,,0,100,,562,,,0,100,,563,,,0,100,,564,,,0,100,,565,,,0,142,,566,,,0,45,,567,,,0,70,,568,,,0,30,,569,,,0,68,,570,,,0,30,,571,,,0,70,,572,,,0,45,,573,,,0,100,,574,,,0,100,,575,,,0,100,,576,0,8 14 1 15 16 17,0
22701,'Semaine-01',559,,579,,,0,70,,580,,,0,72,,581,,,0,30,,582,,,0,70,,583,,,0,58,,584,,,0,100,,585,,,0,100,,586,,,0,100,,587,,,0,100,,588,,,0,100,,589,,,0,100,,590,,,0,142,,591,,,0,45,,592,,,0,70,,593,,,0,30,,594,,,0,68,,595,,,0,30,,596,,,0,70,,597,,,0,45,,598,,,0,100,,599,,,0,100,,600,,,0,100,,601,0,8 14 1 15 16 17,0
22701,'Semaine-50',559,,604,,,0,70,,605,,,0,72,,606,,,0,30,,607,,,0,70,,608,,,0,58,,609,,,0,100,,610,,,0,100,,611,,,0,100,,612,,,0,100,,613,,,0,100,,614,,,0,100,,615,,,0,142,,616,,,0,45,,617,,,0,70,,618,,,0,30,,619,,,0,68,,620,,,0,30,,621,,,0,70,,622,,,0,45,,623,,,0,100,,624,,,0,100,,625,,,0,100,,626,0,8 14 1 15 16 17,0
22701,'Week-end-01',859,,627,,,0,200,,628,,,0,200,,629,,,0,200,,630,,,0,200,,631,,,0,200,,632,,,0,200,,633,,,0
22701,'Week-end-50',859,,634,,,0,200,,635,,,0,200,,636,,,0,200,,637,,,0,200,,638,,,0,200,,639,,,0,200,,640,,,0
