23101,'Fête-1-02',855,,21568,300,,,0,100,,21567,300,,,0,100,,21569,300,,,0,100,,21565,300,,,0,100,,21570,300,,,0,100,,21564,300,,,0,100,,21571,300,,,0,100,,21563,300,,,0,100,,21572,300,,,0,100,,21566,300,,,0,100,,21573,300,,,0,100,,21562,300,,,0,100,,21574,300,,,0,100,,21561,300,,,0
23101,'Semaine-02',629,,17923,300,,,0,24,,17924,300,,,0,77,,17925,300,,,0,27,,17926,300,,,0,74,,17927,300,,,0,96,,17928,300,,,0,100,,17929,300,,,0,100,,17930,300,,,0,100,,17931,300,,,0,100,,17932,300,,,0,101,,17933,300,,,0,100,,17934,300,,,0,88,,17935,300,,,0,32,,17936,300,,,0,67,,17937,300,,,0,27,,17938,300,,,0,72,,17939,300,,,0,27,,17940,300,,,0,85,,17941,300,,,0,100,,17942,300,,,0,103,,17943,300,,,0,100,,17944,300,,,0
23101,'Semaine-03',629,,21576,300,,,0,24,,21577,300,,,0,77,,21578,300,,,0,27,,21579,300,,,0,74,,21580,300,,,0,96,,21581,300,,,0,100,,21582,300,,,0,100,,21583,300,,,0,100,,21584,300,,,0,100,,21585,300,,,0,101,,21586,300,,,0,100,,21587,300,,,0,88,,21588,300,,,0,32,,21589,300,,,0,67,,21590,300,,,0,27,,21591,300,,,0,72,,21592,300,,,0,27,,21593,300,,,0,85,,21594,300,,,0,100,,21595,300,,,0,103,,21596,300,,,0,100,,21597,300,,,0
23101,'Week-end-01',855,,17953,300,,,0,100,,17952,300,,,0,100,,17954,300,,,0,100,,17950,300,,,0,100,,17955,300,,,0,100,,17949,300,,,0,100,,17956,300,,,0,100,,17948,300,,,0,100,,17957,300,,,0,100,,17951,300,,,0,100,,17958,300,,,0,100,,17947,300,,,0,100,,17959,300,,,0,100,,17946,300,,,0
23300,'Fête-1-02',848,,21641,200,,,0,200,,21643,200,,,0,199,,21639,200,,,0,201,,21644,200,,,0,200,,21642,200,,,0,198,,21640,200,,,0,200,,21637,200,,,0,200,,21638,200,0,8 41 1 42 43 44,0
23300,'Semaine-02',617,,18057,200,,,0,39,,18058,200,,,0,162,,18068,200,,,0,230,,18059,200,,,0,200,,18060,200,,,0,201,,18061,200,,,0,175,,18062,200,,,0,104,,18063,200,,,0,100,,18067,200,,,0,105,,18064,200,,,0,115,,18065,200,,,0,207,,18066,200,0,8 41 1 42 43 44,0
23300,'Semaine-03',617,,21645,200,,,0,39,,21646,200,,,0,162,,21656,200,,,0,230,,21647,200,,,0,200,,21648,200,,,0,201,,21649,200,,,0,175,,21650,200,,,0,104,,21651,200,,,0,100,,21655,200,,,0,105,,21652,200,,,0,115,,21653,200,,,0,207,,21654,200,0,8 41 1 42 43 44,0
23300,'Week-end-01',848,,18073,200,,,0,200,,18075,200,,,0,199,,18071,200,,,0,201,,18076,200,,,0,200,,18074,200,,,0,198,,18072,200,,,0,200,,18069,200,,,0,200,,18070,200,0,8 41 1 42 43 44,0
23400,'Fête-1-02',947,,21662,190,,,0,200,,21660,190,,,0,201,,21657,190,,,0,201,,21659,190,,,0,198,,21658,190,,,0,200,,21663,190,,,0,200,,21661,190,,,0
23400,'Semaine-02',637,,18099,190,,,0,106,,18112,190,,,0,103,,18100,190,,,0,102,,18101,190,,,0,200,,18102,190,,,0,201,,18103,190,,,0,201,,18104,190,,,0,108,,18105,190,,,0,100,,18106,190,,,0,98,,18111,190,,,0,91,,18107,190,,,0,200,,18108,190,,,0
23400,'Semaine-03',637,,21665,190,,,0,106,,21678,190,,,0,103,,21666,190,,,0,102,,21667,190,,,0,200,,21668,190,,,0,201,,21669,190,,,0,201,,21670,190,,,0,108,,21671,190,,,0,100,,21672,190,,,0,98,,21677,190,,,0,91,,21673,190,,,0,200,,21674,190,,,0
23400,'Week-end-01',947,,18118,190,,,0,200,,18116,190,,,0,201,,18113,190,,,0,201,,18115,190,,,0,198,,18114,190,,,0,200,,18119,190,,,0,200,,18117,190,,,0
