22701,'Fête-1-01',931,,17613,600,,,0,200,,17614,600,,,0,200,,17615,600,,,0,200,,17616,600,,,0,200,,17617,600,,,0,200,,17618,600,,,0,200,,17619,600,,,0
22701,'Semaine-01',540,,17620,300,0,6 7,0,70,,17621,300,0,6 7,0,21,,17622,600,,,0,70,,17623,600,,,0,35,,17624,600,,,0,80,,17625,600,,,0,40,,17626,600,,,0,75,,17627,600,,,0,100,,17628,600,,,0,100,,17629,600,,,0,100,,17630,600,,,0,100,,17631,600,,,0,100,,17632,600,,,0,100,,17633,600,,,0,105,,17634,600,,,0,90,,17635,600,,,0,80,,17636,600,,,0,40,,17637,600,,,0,70,,17638,600,,,0,30,,17639,600,,,0,85,,17640,600,,,0,100,,17641,600,,,0,100,,17642,600,,,0
22701,'Semaine-02',540,,17644,300,0,6 7,0,70,,17645,300,0,6 7,0,21,,17646,600,,,0,70,,17647,600,,,0,35,,17648,600,,,0,80,,17649,600,,,0,40,,17650,600,,,0,75,,17651,600,,,0,100,,17652,600,,,0,100,,17653,600,,,0,100,,17654,600,,,0,100,,17655,600,,,0,100,,17656,600,,,0,100,,17657,600,,,0,105,,17658,600,,,0,90,,17659,600,,,0,80,,17660,600,,,0,40,,17661,600,,,0,70,,17662,600,,,0,30,,17663,600,,,0,85,,17664,600,,,0,100,,17665,600,,,0,100,,17666,600,,,0
22701,'Week-end-01',931,,17668,600,,,0,200,,17669,600,,,0,200,,17670,600,,,0,200,,17671,600,,,0,200,,17672,600,,,0,200,,17673,600,,,0,200,,17674,600,,,0
22800,'Fête-1-01',834,,17682,610,,,0,200,,17679,610,,,0,200,,17680,610,,,0,200,,17675,610,,,0,200,,17677,610,,,0,200,,17681,610,,,0,200,,17678,610,,,0
22800,'Semaine-01',555,,17683,310,0,6 7,0,70,,17706,310,0,6 7,0,24,,17684,610,,,0,77,,17685,610,,,0,75,,17686,610,,,0,40,,17687,610,,,0,80,,17688,610,,,0,83,,17689,610,,,0,100,,17690,610,,,0,100,,17691,610,,,0,100,,17692,610,,,0,100,,17693,610,,,0,100,,17694,610,,,0,100,,17695,610,,,0,107,,17696,610,,,0,40,,17697,610,,,0,80,,17698,610,,,0,80,,17699,610,,,0,23,,17700,610,,,0,70,,17701,610,,,0,100,,17702,610,,,0,100,,17703,610,,,0,100,,17704,610,,,0
22800,'Semaine-02',555,,17707,310,0,6 7,0,70,,17730,310,0,6 7,0,24,,17708,610,,,0,77,,17709,610,,,0,75,,17710,610,,,0,40,,17711,610,,,0,80,,17712,610,,,0,83,,17713,610,,,0,100,,17714,610,,,0,100,,17715,610,,,0,100,,17716,610,,,0,100,,17717,610,,,0,100,,17718,610,,,0,100,,17719,610,,,0,107,,17720,610,,,0,40,,17721,610,,,0,80,,17722,610,,,0,80,,17723,610,,,0,23,,17724,610,,,0,70,,17725,610,,,0,100,,17726,610,,,0,100,,17727,610,,,0,100,,17728,610,,,0
22800,'Week-end-01',834,,17738,610,,,0,200,,17735,610,,,0,200,,17736,610,,,0,200,,17731,610,,,0,200,,17733,610,,,0,200,,17737,610,,,0,200,,17734,610,,,0
70800,'Fête-1-01',744,,20661,370,,,0,104,,20662,370,,,0,89,,20663,370,,,0,100,,20664,370,,,0,102,,20665,370,,,0,99,,20666,370,,,0,100,,20667,370,,,0,100,,20668,370,,,0,100,,20669,370,,,0,100,,20670,370,,,0,100,,20671,370,,,0,100,,20672,370,,,0,100,,20673,370,,,0,95,,20674,370,,,0,103,,20675,370,,,0,80,,20676,370,,,0,43,,20677,370,,,0,80,,20659,370,,,0,117,,20660,370,,,0
70800,'Semaine-01',605,,20678,370,,,0,30,,20679,370,,,0,71,,20680,370,,,0,30,,20681,370,,,0,70,,20682,370,,,0,15,,20683,370,,,0,17,,20684,370,,,0,67,,20685,370,,,0,32,,20686,370,,,0,99,,20687,370,,,0,100,,20688,370,,,0,100,,20689,370,,,0,100,,20690,370,,,0,100,,20691,370,,,0,99,,20692,370,,,0,77,,20693,370,,,0,21,,20694,370,,,0,12,,20695,370,,,0,61,,20696,370,,,0,9,,20697,370,,,0,21,,20698,370,,,0,9,,20699,370,,,0,61,,20700,370,,,0,8,,20701,370,,,0,11,,20702,370,,,0,15,,20703,370,,,0,65,,20704,370,,,0,30,,20705,370,,,0,100,,20706,370,,,0,90,,20707,370,,,0,90,,20708,370,,,0,94,,20709,370,,,0,98,,20710,370,,,0,100,,20711,370,,,0,100,,20712,370,,,0
70800,'Semaine-02',605,,20713,370,,,0,30,,20714,370,,,0,71,,20715,370,,,0,30,,20716,370,,,0,74,,20717,370,,,0,11,,20718,370,,,0,17,,20719,370,,,0,67,,20720,370,,,0,32,,20721,370,,,0,99,,20722,370,,,0,100,,20723,370,,,0,100,,20724,370,,,0,100,,20725,370,,,0,100,,20726,370,,,0,99,,20727,370,,,0,77,,20728,370,,,0,21,,20729,370,,,0,12,,20730,370,,,0,61,,20731,370,,,0,9,,20732,370,,,0,21,,20733,370,,,0,9,,20734,370,,,0,61,,20735,370,,,0,8,,20736,370,,,0,11,,20737,370,,,0,15,,20738,370,,,0,65,,20739,370,,,0,30,,20740,370,,,0,100,,20741,370,,,0,90,,20742,370,,,0,90,,20743,370,,,0,94,,20744,370,,,0,98,,20745,370,,,0,100,,20746,370,,,0,100,,20747,370,,,0
70800,'Week-end-01',744,,20750,370,,,0,104,,20751,370,,,0,89,,20752,370,,,0,100,,20753,370,,,0,102,,20754,370,,,0,99,,20755,370,,,0,100,,20756,370,,,0,100,,20757,370,,,0,100,,20758,370,,,0,100,,20759,370,,,0,100,,20760,370,,,0,100,,20761,370,,,0,100,,20762,370,,,0,95,,20763,370,,,0,103,,20764,370,,,0,80,,20765,370,,,0,43,,20766,370,,,0,80,,20748,370,,,0,117,,20749,370,,,0
