24100,'Semaine-03',623,,15840,610,,,0,23,,15841,610,,,0,76,,15842,610,,,0,24,,15843,610,,,0,75,,15844,610,,,0,27,,15845,610,,,0,74,,15846,610,,,0,26,,15847,610,,,0,100,,15848,610,,,0,100,,15849,610,,,0,100,,15850,610,,,0,100,,15851,610,,,0,100,,15852,610,,,0,88,,15854,240,,,0,19,,15853,610,,,0,81,,15855,610,,,0,70,,15856,610,,,0,30,,15857,610,,,0,70,,15858,610,,,0,28,,15859,610,,,0,71,,15860,610,,,0,33,,15861,610,,,0,67,,15862,610,,,0,30,,15863,610,,,0,69,,15864,610,,,0,98,,15865,610,,,0,57,,15866,610,,,0,98,,15867,610,,,0
24100,'Semaine-53',623,,12660,610,,,0,23,,12661,610,,,0,76,,12662,610,,,0,24,,12663,610,,,0,75,,12664,610,,,0,27,,12665,610,,,0,74,,12666,610,,,0,26,,12667,610,,,0,100,,12668,610,,,0,100,,12669,610,,,0,100,,12670,610,,,0,100,,12671,610,,,0,100,,12672,610,,,0,88,,12674,240,,,0,19,,12673,610,,,0,81,,12675,610,,,0,70,,12676,610,,,0,30,,12677,610,,,0,70,,12678,610,,,0,28,,12679,610,,,0,71,,12680,610,,,0,33,,12681,610,,,0,67,,12682,610,,,0,30,,12683,610,,,0,69,,12684,610,,,0,98,,12685,610,,,0,57,,12686,610,,,0,98,,12687,610,,,0
24300,'Semaine-03',617,,15906,350,0,31 32,0,22,,15907,350,0,31 32,0,83,,15908,600,,,0,22,,15909,600,,,0,87,,15910,600,,,0,18,,15911,600,,,0,85,,15912,600,,,0,14,,15913,600,,,0,106,,15914,600,,,0,100,,15915,600,,,0,100,,15916,600,,,0,100,,15917,600,,,0,100,,15918,600,,,0,156,,15919,600,,,0,40,,15920,600,,,0,72,,15921,600,,,0,84,,15922,600,,,0,30,,15923,600,,,0,78,,15924,600,,,0,32,,15925,600,,,0,72,,15926,600,,,0,84,,15927,600,,,0,100,,15928,600,,,0,100,,15929,600,,,0
24300,'Semaine-53',617,,12742,350,0,31 32,0,22,,12743,350,0,31 32,0,83,,12744,600,,,0,22,,12745,600,,,0,87,,12746,600,,,0,18,,12747,600,,,0,85,,12748,600,,,0,14,,12749,600,,,0,106,,12750,600,,,0,100,,12751,600,,,0,100,,12752,600,,,0,100,,12753,600,,,0,100,,12754,600,,,0,156,,12755,600,,,0,40,,12756,600,,,0,72,,12757,600,,,0,84,,12758,600,,,0,30,,12759,600,,,0,78,,12760,600,,,0,32,,12761,600,,,0,72,,12762,600,,,0,84,,12763,600,,,0,100,,12764,600,,,0,100,,12765,600,,,0
24601,'Semaine-03',602,,15939,480,,,0,47,,15938,480,,,0,90,,15937,480,,,0,93,,15936,480,,,0,89,,15935,480,,,0,698,,15934,480,,,0,92,,15933,480,,,0,91,,15932,480,,,0,53,,15931,480,,,0,86,,15930,480,,,0
24601,'Semaine-53',602,,12775,480,,,0,47,,12774,480,,,0,90,,12773,480,,,0,93,,12772,480,,,0,89,,12771,480,,,0,698,,12770,480,,,0,92,,12769,480,,,0,91,,12768,480,,,0,53,,12767,480,,,0,86,,12766,480,,,0
24701,'Semaine-03',554,,15972,500,,,0,70,,15973,500,,,0,82,,15974,500,,,0,40,,15975,500,,,0,60,,15976,500,,,0,42,,15977,500,,,0,106,,15978,500,,,0,171,,15979,500,,,0,130,,15980,500,,,0,170,,15981,500,,,0,183,,15982,500,,,0,24,,15983,500,,,0,116,,15967,500,,,0,72,,15984,500,,,0,19,,15968,500,,,0,163,,15969,500,,,0,129,,15970,500,,,0,169,,15971,500,,,0
24701,'Semaine-53',554,,12826,500,,,0,70,,12827,500,,,0,82,,12828,500,,,0,40,,12829,500,,,0,60,,12830,500,,,0,42,,12831,500,,,0,106,,12832,500,,,0,171,,12833,500,,,0,130,,12834,500,,,0,170,,12835,500,,,0,183,,12836,500,,,0,24,,12837,500,,,0,116,,12821,500,,,0,72,,12838,500,,,0,19,,12822,500,,,0,163,,12823,500,,,0,129,,12824,500,,,0,169,,12825,500,,,0
24701,'Week-end-03',755,,15985,500,,,0,170,,15986,500,,,0,130,,15987,500,,,0,170,,15988,500,,,0,130,,15989,500,,,0,170,,15990,500,,,0,130,,15991,500,,,0,170,,15992,500,,,0,130,,15993,500,,,0
24701,'Week-end-53',755,,12839,500,,,0,170,,12840,500,,,0,130,,12841,500,,,0,170,,12842,500,,,0,130,,12843,500,,,0,170,,12844,500,,,0,130,,12845,500,,,0,170,,12846,500,,,0,130,,12847,500,,,0
24901,'Semaine-03',623,,16037,610,,,0,23,,16038,610,,,0,78,,16039,610,,,0,98,,16040,610,,,0,24,,16041,610,,,0,100,,16042,610,,,0,95,,16043,610,,,0,100,,16044,610,,,0,100,,16045,610,,,0,100,,16046,610,,,0,100,,16047,610,,,0,99,,16048,610,,,0,62,,16049,610,,,0,54,,16050,610,,,0,79,,16051,610,,,0,72,,16052,610,,,0,52,,16053,610,,,0,98,,16054,610,,,0,101,,16055,610,,,0,143,,16056,610,,,0,57,,16057,610,,,0
24901,'Semaine-53',623,,12913,610,,,0,23,,12914,610,,,0,78,,12915,610,,,0,98,,12916,610,,,0,24,,12917,610,,,0,100,,12918,610,,,0,95,,12919,610,,,0,100,,12920,610,,,0,100,,12921,610,,,0,100,,12922,610,,,0,100,,12923,610,,,0,99,,12924,610,,,0,62,,12925,610,,,0,54,,12926,610,,,0,79,,12927,610,,,0,72,,12928,610,,,0,52,,12929,610,,,0,98,,12930,610,,,0,101,,12931,610,,,0,143,,12932,610,,,0,57,,12933,610,,,0
24901,'Week-end-03',756,,16058,610,,,0,168,,16059,610,,,0,130,,16060,610,,,0,170,,16061,610,,,0,130,,16062,610,,,0,170,,16063,610,,,0,130,,16064,610,,,0,170,,16065,610,,,0,130,,16066,610,,,0,170,,16067,610,,,0,130,,16068,610,,,0
24901,'Week-end-53',756,,12934,610,,,0,168,,12935,610,,,0,130,,12936,610,,,0,170,,12937,610,,,0,130,,12938,610,,,0,170,,12939,610,,,0,130,,12940,610,,,0,170,,12941,610,,,0,130,,12942,610,,,0,170,,12943,610,,,0,130,,12944,610,,,0
25001,'Semaine-03',620,,16114,570,,,0,24,,16115,570,,,0,73,,16116,570,,,0,22,,16117,570,,,0,85,,16118,570,,,0,22,,16119,570,,,0,72,,16120,570,,,0,28,,16121,570,,,0,76,,16122,570,,,0,19,,16123,570,,,0,100,,16124,570,,,0,103,,16125,570,,,0,100,,16126,570,,,0,102,,16127,570,,,0,155,,16128,570,,,0,26,,16129,570,,,0,76,,16130,570,,,0,26,,16131,570,,,0,30,,16132,570,,,0,68,,16133,570,,,0,80,,16134,570,,,0,48,,16135,570,,,0,146,,16136,570,,,0,56,,16137,570,,,0,99,,16138,570,,,0
25001,'Semaine-53',620,,13032,570,,,0,24,,13033,570,,,0,73,,13034,570,,,0,22,,13035,570,,,0,85,,13036,570,,,0,22,,13037,570,,,0,72,,13038,570,,,0,28,,13039,570,,,0,76,,13040,570,,,0,19,,13041,570,,,0,100,,13042,570,,,0,103,,13043,570,,,0,100,,13044,570,,,0,102,,13045,570,,,0,155,,13046,570,,,0,26,,13047,570,,,0,76,,13048,570,,,0,26,,13049,570,,,0,30,,13050,570,,,0,68,,13051,570,,,0,80,,13052,570,,,0,48,,13053,570,,,0,146,,13054,570,,,0,56,,13055,570,,,0,99,,13056,570,,,0
25001,'Week-end-03',751,,16157,570,,,0,100,,16141,570,,,0,70,,16144,570,,,0,100,,16151,570,,,0,30,,16152,570,,,0,100,,16143,570,,,0,70,,16146,570,,,0,100,,16154,570,,,0,30,,16155,570,,,0,100,,16142,570,,,0,70,,16153,570,,,0,100,,16145,570,,,0,31,,16150,570,,,0,100,,16156,570,,,0,70,,16147,570,,,0,100,,16148,570,,,0,30,,16140,570,,,0,100,,16149,570,,,0,70,,16158,570,,,0,100,,16139,570,,,0,30,,16159,570,,,0
25001,'Week-end-53',751,,13075,570,,,0,100,,13059,570,,,0,70,,13062,570,,,0,100,,13069,570,,,0,30,,13070,570,,,0,100,,13061,570,,,0,70,,13064,570,,,0,100,,13072,570,,,0,30,,13073,570,,,0,100,,13060,570,,,0,70,,13071,570,,,0,100,,13063,570,,,0,31,,13068,570,,,0,100,,13074,570,,,0,70,,13065,570,,,0,100,,13066,570,,,0,30,,13058,570,,,0,100,,13067,570,,,0,70,,13076,570,,,0,100,,13057,570,,,0,30,,13077,570,,,0
25101,'Semaine-03',950,,16186,320,,,0,100,,16187,320,,,0,100,,16190,320,,,0,100,,16191,320,,,0,100,,16192,320,,,0,100,,16188,320,,,0,654,,16189,320,,,0,98,,16193,320,,,0,100,,16194,320,,,0
25101,'Semaine-53',950,,13136,320,,,0,100,,13137,320,,,0,100,,13140,320,,,0,100,,13141,320,,,0,100,,13142,320,,,0,100,,13138,320,,,0,654,,13139,320,,,0,98,,13143,320,,,0,100,,13144,320,,,0
25101,'Week-end-03',754,,16205,320,,,0,100,,16210,320,,,0,100,,16209,320,,,0,100,,16204,320,,,0,100,,16207,320,,,0,100,,16208,320,,,0,100,,16206,320,,,0,100,,16201,320,,,0,100,,16199,320,,,0,100,,16200,320,,,0,100,,16202,320,,,0,100,,16196,320,,,0,100,,16197,320,,,0,100,,16198,320,,,0,100,,16195,320,,,0,100,,16203,320,,,0
25101,'Week-end-53',754,,13155,320,,,0,100,,13160,320,,,0,100,,13159,320,,,0,100,,13154,320,,,0,100,,13157,320,,,0,100,,13158,320,,,0,100,,13156,320,,,0,100,,13151,320,,,0,100,,13149,320,,,0,100,,13150,320,,,0,100,,13152,320,,,0,100,,13146,320,,,0,100,,13147,320,,,0,100,,13148,320,,,0,100,,13145,320,,,0,100,,13153,320,,,0
25201,'Semaine-03',625,,16219,290,,,0,78,,16211,290,,,0,36,,16225,290,,,0,76,,16223,290,,,0,33,,16220,290,,,0,679,,16221,290,,,0,79,,16217,290,,,0,30,,16214,290,,,0,71,,16216,290,,,0,31,,16222,290,,,0,69,,16212,290,,,0,29,,16224,290,,,0,70,,16218,290,,,0,29,,16215,290,,,0,71,,16213,290,,,0
25201,'Semaine-53',625,,13169,290,,,0,78,,13161,290,,,0,36,,13175,290,,,0,76,,13173,290,,,0,33,,13170,290,,,0,679,,13171,290,,,0,79,,13167,290,,,0,30,,13164,290,,,0,71,,13166,290,,,0,31,,13172,290,,,0,69,,13162,290,,,0,29,,13174,290,,,0,70,,13168,290,,,0,29,,13165,290,,,0,71,,13163,290,,,0
40501,'Semaine-03',1606,,16729,30,,,0,130,,16730,30,,,0
40501,'Semaine-53',1606,,13915,30,,,0,130,,13916,30,,,0
60501,'Semaine-03',1601,,16850,30,,,0,212,,16851,30,,,0
60501,'Semaine-53',1601,,14335,30,,,0,212,,14336,30,,,0
70901,'Semaine-03',456,,17177,500,,,0,70,,17226,500,,,0,20,,17174,500,,,0,10,,17173,500,,,0,52,,17175,500,,,0,11,,17176,500,,,0,10,,17178,500,,,0,10,,17179,500,,,0,10,,17180,500,,,0,10,,17181,500,,,0,57,,17182,500,,,0,10,,17183,500,,,0,12,,17184,500,,,0,11,,17185,500,,,0,10,,17186,500,,,0,50,,17187,500,,,0,10,,17188,500,,,0,10,,17189,500,,,0,10,,17190,500,,,0,10,,17191,500,,,0,54,,17192,500,,,0,13,,17194,500,,,0,15,,17233,500,,,0,15,,17193,500,,,0,70,,17195,500,,,0,15,,17196,500,,,0,22,,17197,530,,,0,70,,17198,530,,,0,15,,17199,530,,,0,15,,17200,530,,,0,55,,17201,530,,,0,15,,17236,530,,,0,15,,17202,530,,,0,15,,17237,530,,,0,70,,17203,530,,,0,15,,17204,530,,,0,15,,17205,530,,,0,70,,17228,530,,,0,30,,17229,530,,,0,70,,17230,530,,,0,16,,17231,530,,,0,16,,17232,530,,,0,74,,17227,530,,,0,15,,17207,530,,,0,15,,17206,530,,,0,55,,17208,530,,,0,13,,17209,530,,,0,15,,17210,530,,,0,9,,17211,530,,,0,53,,17212,530,,,0,15,,17234,530,,,0,13,,17235,530,,,0,14,,17213,530,,,0,59,,17214,530,,,0,14,,17215,530,,,0,15,,17216,530,,,0,22,,17217,500,,,0,70,,17218,500,,,0,15,,17219,500,,,0,68,,17220,500,,,0,30,,17221,500,,,0,69,,17222,500,,,0,44,,17223,500,,,0,99,,17224,500,,,0,108,,17225,500,,,0
70901,'Semaine-53',456,,14809,500,,,0,70,,14858,500,,,0,20,,14806,500,,,0,10,,14805,500,,,0,52,,14807,500,,,0,11,,14808,500,,,0,10,,14810,500,,,0,10,,14811,500,,,0,10,,14812,500,,,0,10,,14813,500,,,0,57,,14814,500,,,0,10,,14815,500,,,0,12,,14816,500,,,0,11,,14817,500,,,0,10,,14818,500,,,0,50,,14819,500,,,0,10,,14820,500,,,0,10,,14821,500,,,0,10,,14822,500,,,0,10,,14823,500,,,0,54,,14824,500,,,0,13,,14826,500,,,0,15,,14865,500,,,0,15,,14825,500,,,0,70,,14827,500,,,0,15,,14828,500,,,0,22,,14829,530,,,0,70,,14830,530,,,0,15,,14831,530,,,0,15,,14832,530,,,0,55,,14833,530,,,0,15,,14868,530,,,0,15,,14834,530,,,0,15,,14869,530,,,0,70,,14835,530,,,0,15,,14836,530,,,0,15,,14837,530,,,0,70,,14860,530,,,0,30,,14861,530,,,0,70,,14862,530,,,0,16,,14863,530,,,0,16,,14864,530,,,0,74,,14859,530,,,0,15,,14839,530,,,0,15,,14838,530,,,0,55,,14840,530,,,0,13,,14841,530,,,0,15,,14842,530,,,0,9,,14843,530,,,0,53,,14844,530,,,0,15,,14866,530,,,0,13,,14867,530,,,0,14,,14845,530,,,0,59,,14846,530,,,0,14,,14847,530,,,0,15,,14848,530,,,0,22,,14849,500,,,0,70,,14850,500,,,0,15,,14851,500,,,0,68,,14852,500,,,0,30,,14853,500,,,0,69,,14854,500,,,0,44,,14855,500,,,0,99,,14856,500,,,0,108,,14857,500,,,0
70901,'Week-end-03',625,,17238,500,,,0,30,,17239,500,,,0,70,,17240,500,,,0,30,,17241,500,,,0,70,,17242,500,,,0,15,,17243,500,,,0,71,,17244,500,,,0,30,,17245,500,,,0,70,,17246,500,,,0,31,,17247,500,,,0,71,,17248,500,,,0,30,,17249,500,,,0,70,,17250,500,,,0,30,,17251,500,,,0,70,,17252,500,,,0,30,,17253,500,,,0,70,,17254,500,,,0,30,,17255,500,,,0,70,,17256,500,,,0,30,,17257,500,,,0,70,,17258,500,,,0,30,,17259,500,,,0,70,,17260,500,,,0,30,,17261,500,,,0,70,,17262,500,,,0,30,,17263,500,,,0,70,,17264,500,,,0,30,,17265,500,,,0,70,,17266,500,,,0,30,,17267,500,,,0,70,,17268,500,,,0,30,,17269,500,,,0,70,,17270,500,,,0,31,,17271,500,,,0,70,,17272,500,,,0,30,,17273,500,,,0,111,,17274,500,,,0
70901,'Week-end-53',625,,14870,500,,,0,30,,14871,500,,,0,70,,14872,500,,,0,30,,14873,500,,,0,70,,14874,500,,,0,15,,14875,500,,,0,71,,14876,500,,,0,30,,14877,500,,,0,70,,14878,500,,,0,31,,14879,500,,,0,71,,14880,500,,,0,30,,14881,500,,,0,70,,14882,500,,,0,30,,14883,500,,,0,70,,14884,500,,,0,30,,14885,500,,,0,70,,14886,500,,,0,30,,14887,500,,,0,70,,14888,500,,,0,30,,14889,500,,,0,70,,14890,500,,,0,30,,14891,500,,,0,70,,14892,500,,,0,30,,14893,500,,,0,70,,14894,500,,,0,30,,14895,500,,,0,70,,14896,500,,,0,30,,14897,500,,,0,70,,14898,500,,,0,30,,14899,500,,,0,70,,14900,500,,,0,30,,14901,500,,,0,70,,14902,500,,,0,31,,14903,500,,,0,70,,14904,500,,,0,30,,14905,500,,,0,111,,14906,500,,,0
