23000,'Semaine-03',627,,15392,220,,,0,30,,15393,220,,,0,70,,15394,220,,,0,30,,15395,220,,,0,70,,15396,220,,,0,29,,15397,220,,,0,100,,15398,220,,,0,100,,15403,220,,,0,100,,15404,220,,,0,100,,15405,220,,,0,100,,15406,220,,,0,100,,15407,220,,,0,101,,15409,220,,,0,70,,15390,220,,,0,30,,15389,220,,,0,70,,15388,220,,,0,30,,15387,220,,,0,70,,15391,220,,,0,28,,15408,220,,,0,70,,15402,220,,,0,100,,15401,220,,,0,100,,15400,220,,,0,100,,15399,220,,,0
23000,'Semaine-53',627,,12059,220,,,0,30,,12060,220,,,0,70,,12061,220,,,0,30,,12062,220,,,0,70,,12063,220,,,0,29,,12064,220,,,0,100,,12065,220,,,0,100,,12070,220,,,0,100,,12071,220,,,0,100,,12072,220,,,0,100,,12073,220,,,0,100,,12074,220,,,0,101,,12076,220,,,0,70,,12057,220,,,0,30,,12056,220,,,0,70,,12055,220,,,0,30,,12054,220,,,0,70,,12058,220,,,0,28,,12075,220,,,0,70,,12069,220,,,0,100,,12068,220,,,0,100,,12067,220,,,0,100,,12066,220,,,0
23000,'Week-end-03',849,,15412,220,,,0,100,,15413,220,,,0,102,,15417,220,,,0,101,,15418,220,,,0,100,,15419,220,,,0,100,,15420,220,,,0,100,,15421,220,,,0,99,,15423,220,,,0,100,,15411,220,,,0,99,,15410,220,,,0,99,,15422,220,,,0,100,,15416,220,,,0,100,,15415,220,,,0,100,,15414,220,,,0,100,,15424,220,,,0
23000,'Week-end-53',849,,12079,220,,,0,100,,12080,220,,,0,102,,12084,220,,,0,101,,12085,220,,,0,100,,12086,220,,,0,100,,12087,220,,,0,100,,12088,220,,,0,99,,12090,220,,,0,100,,12078,220,,,0,99,,12077,220,,,0,99,,12089,220,,,0,100,,12083,220,,,0,100,,12082,220,,,0,100,,12081,220,,,0,100,,12091,220,,,0
23101,'Semaine-03',629,,15464,270,,,0,30,,15465,270,,,0,70,,15466,270,,,0,30,,15467,270,,,0,70,,15468,270,,,0,95,,15469,270,,,0,100,,15470,270,,,0,100,,15471,270,,,0,100,,15472,270,,,0,100,,15473,270,,,0,100,,15474,270,,,0,100,,15475,270,,,0,88,,15476,270,,,0,27,,15477,270,,,0,73,,15478,270,,,0,27,,15479,270,,,0,73,,15480,270,,,0,27,,15481,270,,,0,85,,15482,270,,,0,100,,15483,270,,,0,100,,15484,270,,,0,100,,15485,270,,,0
23101,'Semaine-53',629,,12161,270,,,0,30,,12162,270,,,0,70,,12163,270,,,0,30,,12164,270,,,0,70,,12165,270,,,0,95,,12166,270,,,0,100,,12167,270,,,0,100,,12168,270,,,0,100,,12169,270,,,0,100,,12170,270,,,0,100,,12171,270,,,0,100,,12172,270,,,0,88,,12173,270,,,0,27,,12174,270,,,0,73,,12175,270,,,0,27,,12176,270,,,0,73,,12177,270,,,0,27,,12178,270,,,0,85,,12179,270,,,0,100,,12180,270,,,0,100,,12181,270,,,0,100,,12182,270,,,0
23101,'Week-end-03',854,,15494,270,,,0,100,,15493,270,,,0,100,,15495,270,,,0,100,,15491,270,,,0,100,,15496,270,,,0,100,,15490,270,,,0,100,,15497,270,,,0,100,,15489,270,,,0,100,,15498,270,,,0,100,,15492,270,,,0,100,,15499,270,,,0,100,,15488,270,,,0,100,,15500,270,,,0,100,,15487,270,,,0
23101,'Week-end-53',854,,12191,270,,,0,100,,12190,270,,,0,100,,12192,270,,,0,100,,12188,270,,,0,100,,12193,270,,,0,100,,12187,270,,,0,100,,12194,270,,,0,100,,12186,270,,,0,100,,12195,270,,,0,100,,12189,270,,,0,100,,12196,270,,,0,100,,12185,270,,,0,100,,12197,270,,,0,100,,12184,270,,,0
23500,'Semaine-03',624,,15586,320,,,0,27,,15585,320,,,0,73,,15588,320,,,0,30,,15587,320,,,0,70,,15590,320,,,0,30,,15589,320,,,0,100,,15591,320,,,0,100,,15592,320,,,0,100,,15593,320,,,0,100,,15594,320,,,0,100,,15595,320,,,0,100,,15596,320,,,0,100,,15597,320,,,0,72,,15599,320,,,0,29,,15598,320,,,0,69,,15601,320,,,0,31,,15600,320,,,0,70,,15603,320,,,0,29,,15602,320,,,0,100,,15604,320,,,0,100,,15605,320,,,0,100,,15606,320,,,0,147,,15607,320,,,0
23500,'Semaine-53',624,,12329,320,,,0,27,,12328,320,,,0,73,,12331,320,,,0,30,,12330,320,,,0,70,,12333,320,,,0,30,,12332,320,,,0,100,,12334,320,,,0,100,,12335,320,,,0,100,,12336,320,,,0,100,,12337,320,,,0,100,,12338,320,,,0,100,,12339,320,,,0,100,,12340,320,,,0,72,,12342,320,,,0,29,,12341,320,,,0,69,,12344,320,,,0,31,,12343,320,,,0,70,,12346,320,,,0,29,,12345,320,,,0,100,,12347,320,,,0,100,,12348,320,,,0,100,,12349,320,,,0,147,,12350,320,,,0
23500,'Week-end-03',854,,15616,320,,,0,100,,15612,320,,,0,100,,15617,320,,,0,100,,15618,320,,,0,100,,15621,320,,,0,100,,15619,320,,,0,100,,15620,320,,,0,100,,15614,320,,,0,100,,15615,320,,,0,100,,15613,320,,,0,100,,15608,320,,,0,100,,15610,320,,,0,100,,15611,320,,,0,100,,15609,320,,,0,100,,15622,320,,,0
23500,'Week-end-53',854,,12359,320,,,0,100,,12355,320,,,0,100,,12360,320,,,0,100,,12361,320,,,0,100,,12364,320,,,0,100,,12362,320,,,0,100,,12363,320,,,0,100,,12357,320,,,0,100,,12358,320,,,0,100,,12356,320,,,0,100,,12351,320,,,0,100,,12353,320,,,0,100,,12354,320,,,0,100,,12352,320,,,0,100,,12365,320,,,0
