24601,'Semaine-01',530,,18788,80,,,0,86,,18787,80,,,0,88,,18786,80,,,0,52,,18785,80,,,0,92,,18784,80,,,0,698,,18783,80,,,0,92,,18782,80,,,0,93,,18781,80,,,0,92,,18780,80,,,0,89,,18779,80,,,0
24601,'Semaine-02',530,,18798,80,,,0,86,,18797,80,,,0,88,,18796,80,,,0,52,,18795,80,,,0,92,,18794,80,,,0,698,,18793,80,,,0,92,,18792,80,,,0,93,,18791,80,,,0,92,,18790,80,,,0,89,,18789,80,,,0
25000,'Fête-1-01',809,,19045,80,,,0,100,,19043,80,,,0,30,,19046,80,,,0,100,,19047,80,,,0,70,,19048,80,,,0,100,,19044,80,,,0,30,,19061,80,,,0,100,,19056,80,,,0,70,,19059,80,,,0,100,,19062,80,,,0,30,,19053,80,,,0,100,,19052,80,,,0,70,,19054,80,,,0,100,,19055,80,,,0,30,,19060,80,,,0,100,,19050,80,,,0,70,,19063,80,,,0,100,,19057,80,,,0,30,,19049,80,,,0,100,,19058,80,,,0,70,,19051,80,,,0
25000,'Semaine-01',637,,19064,80,,,0,63,,19065,80,,,0,33,,19066,80,,,0,25,,19067,80,,,0,82,,19068,80,,,0,164,,19069,80,,,0,101,,19070,80,,,0,100,,19071,80,,,0,100,,19072,80,,,0,100,,19073,80,,,0,106,,19074,80,,,0,90,,19075,80,,,0,24,,19076,80,,,0,97,,19077,80,,,0,26,,19078,80,,,0,71,,19079,80,,,0,35,,19080,80,,,0,70,,19081,80,,,0,90,,19082,80,,,0,104,,19083,80,,,0,96,,19084,80,,,0,100,,19085,80,,,0
25000,'Semaine-02',637,,19086,80,,,0,63,,19087,80,,,0,33,,19088,80,,,0,25,,19089,80,,,0,82,,19090,80,,,0,164,,19091,80,,,0,101,,19092,80,,,0,100,,19093,80,,,0,100,,19094,80,,,0,100,,19095,80,,,0,106,,19096,80,,,0,90,,19097,80,,,0,24,,19098,80,,,0,97,,19099,80,,,0,26,,19100,80,,,0,71,,19101,80,,,0,35,,19102,80,,,0,70,,19103,80,,,0,90,,19104,80,,,0,104,,19105,80,,,0,96,,19106,80,,,0,100,,19107,80,,,0
25000,'Week-end-01',809,,19110,80,,,0,100,,19108,80,,,0,30,,19111,80,,,0,100,,19112,80,,,0,70,,19113,80,,,0,100,,19109,80,,,0,30,,19126,80,,,0,100,,19121,80,,,0,70,,19124,80,,,0,100,,19127,80,,,0,30,,19118,80,,,0,100,,19117,80,,,0,70,,19119,80,,,0,100,,19120,80,,,0,30,,19125,80,,,0,100,,19115,80,,,0,70,,19128,80,,,0,100,,19122,80,,,0,30,,19114,80,,,0,100,,19123,80,,,0,70,,19116,80,,,0
25100,'Fête-1-01',823,,19230,290,,,0,100,,19228,290,,,0,100,,19231,290,,,0,100,,19227,290,,,0,100,,19226,290,,,0,100,,19229,290,,,0,100,,19222,290,,,0,100,,19225,290,,,0,100,,19221,290,,,0,100,,19223,290,,,0,100,,19219,290,,,0,100,,19224,290,,,0,100,,19216,290,,,0,100,,19217,290,,,0,100,,19218,290,,,0,100,,19220,290,0,8 27 75,0
25100,'Semaine-01',918,,19233,290,,,0,100,,19232,290,,,0,100,,19241,290,,,0,100,,19237,290,,,0,100,,19240,290,,,0,100,,19235,290,,,0,615,,19238,290,,,0,97,,19236,290,,,0,98,,19234,290,,,0,100,,19239,290,0,8 27 75,0
25100,'Semaine-02',918,,19243,290,,,0,100,,19242,290,,,0,100,,19251,290,,,0,100,,19247,290,,,0,100,,19250,290,,,0,100,,19245,290,,,0,615,,19248,290,,,0,97,,19246,290,,,0,98,,19244,290,,,0,100,,19249,290,0,8 27 75,0
25100,'Week-end-01',823,,19267,290,,,0,100,,19265,290,,,0,100,,19268,290,,,0,100,,19264,290,,,0,100,,19263,290,,,0,100,,19266,290,,,0,100,,19259,290,,,0,100,,19262,290,,,0,100,,19258,290,,,0,100,,19260,290,,,0,100,,19256,290,,,0,100,,19261,290,,,0,100,,19253,290,,,0,100,,19254,290,,,0,100,,19255,290,,,0,100,,19257,290,0,8 27 75,0
60001,'Fête-1-01',757,,20404,50,,,0,100,,20403,50,,,0,100,,20401,50,,,0,100,,20402,50,,,0,100,,20399,50,,,0,100,,20400,50,,,0,100,,20396,50,,,0,100,,20397,50,,,0,100,,20398,50,,,0,100,,20395,50,,,0,100,,20392,50,,,0,100,,20393,50,,,0,100,,20394,50,,,0,100,,20390,50,,,0,89,,20391,50,,,0,185,,20389,50,,,0
60001,'Semaine-01',717,,20405,50,,,0,32,,20406,50,,,0,100,,20407,50,,,0,100,,20408,50,,,0,98,,20409,50,,,0,170,,20410,50,,,0,100,,20411,50,,,0,30,,20412,50,,,0,100,,20413,50,,,0,100,,20414,50,,,0,100,,20415,50,,,0,70,,20416,50,,,0,30,,20417,50,,,0,100,,20418,50,,,0,100,,20419,50,,,0,100,,20420,50,,,0,100,,20421,50,,,0,100,,20422,50,,,0,100,,20423,50,,,0
60001,'Semaine-02',717,,20428,50,,,0,32,,20429,50,,,0,100,,20430,50,,,0,100,,20431,50,,,0,98,,20432,50,,,0,170,,20433,50,,,0,100,,20434,50,,,0,30,,20435,50,,,0,100,,20436,50,,,0,100,,20437,50,,,0,100,,20438,50,,,0,70,,20439,50,,,0,30,,20440,50,,,0,100,,20441,50,,,0,100,,20442,50,,,0,100,,20443,50,,,0,100,,20444,50,,,0,100,,20445,50,,,0,100,,20446,50,,,0
60001,'Week-end-01',757,,20466,50,,,0,100,,20465,50,,,0,100,,20463,50,,,0,100,,20464,50,,,0,100,,20461,50,,,0,100,,20462,50,,,0,100,,20458,50,,,0,100,,20459,50,,,0,100,,20460,50,,,0,100,,20457,50,,,0,100,,20454,50,,,0,100,,20455,50,,,0,100,,20456,50,,,0,100,,20452,50,,,0,89,,20453,50,,,0,185,,20451,50,,,0
70900,'Fête-1-01',639,,20871,160,,,0,65,,20872,160,,,0,15,,20873,160,,,0,30,,20874,160,,,0,70,,20875,160,,,0,30,,20876,160,,,0,70,,20877,160,,,0,30,,20878,160,,,0,70,,20879,160,,,0,30,,20880,160,,,0,70,,20881,160,,,0,30,,20882,160,,,0,70,,20883,160,,,0,30,,20884,160,,,0,70,,20885,160,,,0,30,,20886,160,,,0,70,,20887,160,,,0,30,,20888,160,,,0,70,,20889,160,,,0,30,,20890,160,,,0,70,,20891,160,,,0,30,,20892,160,,,0,70,,20893,160,,,0,30,,20894,160,,,0,70,,20895,160,,,0,30,,20896,160,,,0,70,,20897,160,,,0,30,,20898,160,,,0,70,,20899,160,,,0,30,,20900,160,,,0,70,,20901,160,,,0,30,,20902,160,,,0,70,,20903,160,,,0,20,,20904,160,,,0,70,,20905,160,,,0,30,,20906,160,,,0,70,,20907,160,,,0,30,,20908,160,,,0,109,,20909,160,,,0
70900,'Semaine-01',555,,20911,160,0,11 12 13,0,78,,20912,160,0,11 12 13,0,20,,20913,160,0,11 12 13,0,47,,20914,160,0,11 12 13,0,38,,20915,160,0,11 12 13,0,19,,20916,160,0,11 12 13,0,65,,20917,160,0,11 12 13,0,28,,20918,160,0,11 12 13,0,74,,20919,160,0,11 12 13,0,25,,20957,160,0,11 12 13,0,68,,20920,160,0,11 12 13,0,15,,20921,160,0,11 12 13,0,69,,20922,160,0,11 12 13,0,15,,20923,160,0,11 12 13,0,15,,20924,160,0,11 12 13,0,23,,20925,160,0,11 12 13,0,70,,20926,160,0,11 12 13,0,15,,20953,160,0,11 12 13,0,15,,20956,160,0,11 12 13,0,55,,20955,160,0,11 12 13,0,30,,20954,160,0,11 12 13,0,85,,20952,160,0,11 12 13,0,15,,20927,160,0,11 12 13,0,61,,20928,160,0,11 12 13,0,44,,20929,160,,,0,66,,20930,160,,,0,20,,20950,160,,,0,17,,20951,160,,,0,11,,20944,160,,,0,56,,20949,160,,,0,13,,20945,160,,,0,13,,20946,160,,,0,9,,20947,160,,,0,51,,20948,160,,,0,13,,20943,160,,,0,27,,20931,160,,,0,13,,20932,160,,,0,52,,20933,160,,,0,12,,20934,160,,,0,27,,20942,160,,,0,59,,20935,160,,,0,29,,20936,160,,,0,22,,20959,160,,,0,70,,20937,160,,,0,15,,20938,160,,,0,97,,20939,160,,,0,69,,20940,160,,,0,44,,20958,160,,,0,99,,20941,160,,,0,108,,20910,160,,,0
70900,'Semaine-02',555,,20961,160,0,11 12 13,0,78,,20962,160,0,11 12 13,0,20,,20963,160,0,11 12 13,0,47,,20964,160,0,11 12 13,0,38,,20965,160,0,11 12 13,0,19,,20966,160,0,11 12 13,0,65,,20967,160,0,11 12 13,0,28,,20968,160,0,11 12 13,0,74,,20969,160,0,11 12 13,0,25,,21007,160,0,11 12 13,0,68,,20970,160,0,11 12 13,0,15,,20971,160,0,11 12 13,0,69,,20972,160,0,11 12 13,0,15,,20973,160,0,11 12 13,0,15,,20974,160,0,11 12 13,0,23,,20975,160,0,11 12 13,0,70,,20976,160,0,11 12 13,0,15,,21003,160,0,11 12 13,0,15,,21006,160,0,11 12 13,0,55,,21005,160,0,11 12 13,0,30,,21004,160,0,11 12 13,0,85,,21002,160,0,11 12 13,0,15,,20977,160,0,11 12 13,0,61,,20978,160,0,11 12 13,0,44,,20979,160,,,0,66,,20980,160,,,0,20,,21000,160,,,0,17,,21001,160,,,0,11,,20994,160,,,0,56,,20999,160,,,0,13,,20995,160,,,0,13,,20996,160,,,0,9,,20997,160,,,0,51,,20998,160,,,0,13,,20993,160,,,0,27,,20981,160,,,0,13,,20982,160,,,0,52,,20983,160,,,0,12,,20984,160,,,0,27,,20992,160,,,0,59,,20985,160,,,0,29,,20986,160,,,0,22,,21009,160,,,0,70,,20987,160,,,0,15,,20988,160,,,0,97,,20989,160,,,0,69,,20990,160,,,0,44,,21008,160,,,0,99,,20991,160,,,0,108,,20960,160,,,0
70900,'Week-end-01',639,,21010,160,,,0,65,,21011,160,,,0,15,,21012,160,,,0,30,,21013,160,,,0,70,,21014,160,,,0,30,,21015,160,,,0,70,,21016,160,,,0,30,,21017,160,,,0,70,,21018,160,,,0,30,,21019,160,,,0,70,,21020,160,,,0,30,,21021,160,,,0,70,,21022,160,,,0,30,,21023,160,,,0,70,,21024,160,,,0,30,,21025,160,,,0,70,,21026,160,,,0,30,,21027,160,,,0,70,,21028,160,,,0,30,,21029,160,,,0,70,,21030,160,,,0,30,,21031,160,,,0,70,,21032,160,,,0,30,,21033,160,,,0,70,,21034,160,,,0,30,,21035,160,,,0,70,,21036,160,,,0,30,,21037,160,,,0,70,,21038,160,,,0,30,,21039,160,,,0,70,,21040,160,,,0,30,,21041,160,,,0,70,,21042,160,,,0,20,,21043,160,,,0,70,,21044,160,,,0,30,,21045,160,,,0,70,,21046,160,,,0,30,,21047,160,,,0,109,,21048,160,,,0
