22501,'LA-H26-LA_GTFS-Fête-1-01',900,,334,,,0,200,,335,,,0,200,,336,,,0,200,,337,,,0,200,,338,,,0,200,,339,,,0,200,,340,,,0
22501,'LA-H26-LA_GTFS-Fête-1-02',900,,341,,,0,200,,342,,,0,200,,343,,,0,200,,344,,,0,200,,345,,,0,200,,346,,,0,200,,347,,,0
22501,'LA-H26-LA_GTFS-Fête-2-02',559,,349,,,0,70,,350,,,0,30,,351,,,0,70,,352,,,0,30,,353,,,0,100,,354,,,0,100,,355,,,0,100,,356,,,0,100,,357,,,0,100,,358,,,0,100,,359,,,0,100,,360,,,0,100,,361,,,0,85,,362,,,0,70,,363,,,0,30,,364,,,0,70,,365,,,0,30,,366,,,0,70,,367,,,0,45,,368,,,0,100,,369,,,0,100,,370,,,0
22501,'LA-H26-LA_GTFS-Semaine-01',559,,372,,,0,70,,373,,,0,30,,374,,,0,70,,375,,,0,30,,376,,,0,100,,377,,,0,100,,378,,,0,100,,379,,,0,100,,380,,,0,100,,381,,,0,100,,382,,,0,100,,383,,,0,100,,384,,,0,85,,385,,,0,70,,386,,,0,30,,387,,,0,70,,388,,,0,30,,389,,,0,70,,390,,,0,45,,391,,,0,100,,392,,,0,100,,393,,,0
22501,'LA-H26-LA_GTFS-Semaine-50',559,,395,,,0,70,,396,,,0,30,,397,,,0,70,,398,,,0,30,,399,,,0,100,,400,,,0,100,,401,,,0,100,,402,,,0,100,,403,,,0,100,,404,,,0,100,,405,,,0,100,,406,,,0,100,,407,,,0,85,,408,,,0,70,,409,,,0,30,,410,,,0,70,,411,,,0,30,,412,,,0,70,,413,,,0,45,,414,,,0,100,,415,,,0,100,,416,,,0
22501,'LA-H26-LA_GTFS-Week-end-01',900,,417,,,0,200,,418,,,0,200,,419,,,0,200,,420,,,0,200,,421,,,0,200,,422,,,0,200,,423,,,0
22501,'LA-H26-LA_GTFS-Week-end-50',900,,424,,,0,200,,425,,,0,200,,426,,,0,200,,427,,,0,200,,428,,,0,200,,429,,,0,200,,430,,,0
22600,'LA-H26-LA_GTFS-Fête-1-01',825,,437,,,0,200,,431,,,0,200,,432,,,0,200,,433,,,0,200,,434,,,0,200,,438,0,6 7,0,200,,435,,,0
22600,'LA-H26-LA_GTFS-Fête-1-02',825,,445,,,0,200,,439,,,0,200,,440,,,0,200,,441,,,0,200,,442,,,0,200,,446,0,6 7,0,200,,443,,,0
22600,'LA-H26-LA_GTFS-Fête-2-02',538,,470,0,6 7,0,70,,471,0,6 7,0,38,,447,,,0,75,,448,,,0,30,,449,,,0,70,,450,,,0,85,,451,,,0,95,,452,,,0,100,,453,,,0,100,,454,,,0,100,,455,,,0,100,,456,,,0,100,,457,,,0,100,,458,,,0,105,,459,,,0,30,,460,,,0,70,,461,,,0,30,,462,,,0,70,,463,,,0,25,,464,,,0,70,,465,,,0,100,,466,,,0,100,,467,,,0,100,,468,,,0,100,,469,,,0
22600,'LA-H26-LA_GTFS-Semaine-01',538,,495,0,6 7,0,70,,496,0,6 7,0,38,,472,,,0,75,,473,,,0,30,,474,,,0,70,,475,,,0,85,,476,,,0,95,,477,,,0,100,,478,,,0,100,,479,,,0,100,,480,,,0,100,,481,,,0,100,,482,,,0,100,,483,,,0,105,,484,,,0,30,,485,,,0,70,,486,,,0,30,,487,,,0,70,,488,,,0,25,,489,,,0,70,,490,,,0,100,,491,,,0,100,,492,,,0,100,,493,,,0,100,,494,,,0
22600,'LA-H26-LA_GTFS-Semaine-50',538,,520,0,6 7,0,70,,521,0,6 7,0,38,,497,,,0,75,,498,,,0,30,,499,,,0,70,,500,,,0,85,,501,,,0,95,,502,,,0,100,,503,,,0,100,,504,,,0,100,,505,,,0,100,,506,,,0,100,,507,,,0,100,,508,,,0,105,,509,,,0,30,,510,,,0,70,,511,,,0,30,,512,,,0,70,,513,,,0,25,,514,,,0,70,,515,,,0,100,,516,,,0,100,,517,,,0,100,,518,,,0,100,,519,,,0
22600,'LA-H26-LA_GTFS-Week-end-01',825,,528,,,0,200,,522,,,0,200,,523,,,0,200,,524,,,0,200,,525,,,0,200,,529,0,6 7,0,200,,526,,,0
22600,'LA-H26-LA_GTFS-Week-end-50',825,,536,,,0,200,,530,,,0,200,,531,,,0,200,,532,,,0,200,,533,,,0,200,,537,0,6 7,0,200,,534,,,0
40400,'LA-H26-LA_GTFS-Fête-2-02',1703,,5277,4,,0,41,,5244,4,,0,68,,5281,4,,0,22,,5246,4,,0,70,,5286,4,,0,21,,5248,4,,0
40400,'LA-H26-LA_GTFS-Semaine-50',1703,,5325,4,,0,41,,5292,4,,0,68,,5329,4,,0,22,,5294,4,,0,70,,5334,4,,0,21,,5296,4,,0
40401,'LA-H26-LA_GTFS-Fête-1-02',631,,5369,,,0,100,,5376,,,0,90,,5370,,,0,100,,5377,,,0,100,,5371,,,0,100,,5378,,,0,101,,5372,,,0,99,,5381,,,0,100,,5373,,,0,102,,5379,,,0,100,,5374,,,0,99,,5382,,,0,99,,5375,,,0,100,,5380,,,0
40401,'LA-H26-LA_GTFS-Week-end-50',631,,5496,,,0,100,,5503,,,0,90,,5497,,,0,100,,5504,,,0,100,,5498,,,0,100,,5505,,,0,101,,5499,,,0,99,,5508,,,0,100,,5500,,,0,102,,5506,,,0,100,,5501,,,0,99,,5509,,,0,99,,5502,,,0,100,,5507,,,0
90401,'LA-H26-LA_GTFS-Semaine-50',456,,7529,,,0,70,,7513,,,0,75,,7514,,,0,30,,7515,,,0,70,,7516,,,0,30,,7517,,,0,70,,7518,,,0,30,,7519,,,0,75,,7520,,,0,40,,7521,,,0,85,,7542,,,0,85,,7530,,,0,84,,7522,,,0,28,,7531,,,0,28,,7523,,,0,100,,7512,,,0,146,,7532,,,0,29,,7524,,,0,86,,7525,,,0,30,,7533,,,0,76,,7526,,,0,29,,7534,,,0,69,,7535,,,0,29,,7536,,,0,70,,7541,,,0,32,,7537,,,0,70,,7527,,,0,30,,7538,,,0,70,,7528,,,0,30,,7546,,,0,70,,7543,,,0,32,,7545,,,0,69,,7539,,,0,28,,7544,,,0,72,,7540,,,0
2000090401,'LA-H26-LA_GTFS-Fête-1-02',2224,,7565,4,,0,31,,7566,4,,0,70,,7567,4,,0,30,,7568,4,,0,70,,7569,4,,0,30,,7570,4,,0,70,,7571,4,,0,30,,7572,4,,0,70,,7573,4,,0
2000090401,'LA-H26-LA_GTFS-Semaine-50',1627,,7584,4,,0,10,,7576,4,,0,20,,7581,4,,0,56,,7577,4,,0,20,,7582,4,,0,10,,7585,4,,0,59,,7575,4,,0,10,,7574,4,,0,19,,7580,4,,0,10,,7578,4,,0,59,,7583,4,,0,10,,7579,4,,0,545,,7586,4,,0,70,,7587,4,,0,30,,7588,4,,0,70,,7589,4,,0
2000090401,'LA-H26-LA_GTFS-Week-end-50',2224,,7590,4,,0,31,,7591,4,,0,70,,7592,4,,0,30,,7593,4,,0,70,,7594,4,,0,30,,7595,4,,0,70,,7596,4,,0,30,,7597,4,,0,70,,7598,4,,0
