24901,'Fête-1-01',738,,18981,350,,,0,168,,18982,350,,,0,130,,18983,350,,,0,170,,18984,350,,,0,130,,18985,350,,,0,170,,18986,350,,,0,130,,18987,350,,,0,170,,18988,350,,,0,130,,18989,350,,,0,170,,18990,350,,,0,130,,18991,350,,,0
24901,'Semaine-01',601,,18992,350,,,0,23,,18993,350,0,8 27 75,0,78,,18994,350,,,0,57,,18995,350,,,0,65,,18996,350,,,0,105,,18997,350,,,0,95,,18998,350,,,0,100,,18999,350,,,0,100,,19000,350,,,0,100,,19001,350,,,0,100,,19002,350,,,0,121,,19003,350,,,0,90,,19004,350,,,0,75,,19005,350,,,0,38,,19006,350,,,0,89,,19007,350,,,0,103,,19008,350,,,0,101,,19009,350,,,0,103,,19010,350,,,0,97,,19011,350,,,0
24901,'Semaine-02',601,,19012,350,,,0,23,,19013,350,0,8 27 75,0,78,,19014,350,,,0,57,,19015,350,,,0,65,,19016,350,,,0,105,,19017,350,,,0,95,,19018,350,,,0,100,,19019,350,,,0,100,,19020,350,,,0,100,,19021,350,,,0,100,,19022,350,,,0,121,,19023,350,,,0,90,,19024,350,,,0,75,,19025,350,,,0,38,,19026,350,,,0,89,,19027,350,,,0,103,,19028,350,,,0,101,,19029,350,,,0,103,,19030,350,,,0,97,,19031,350,,,0
24901,'Week-end-01',738,,19032,350,,,0,168,,19033,350,,,0,130,,19034,350,,,0,170,,19035,350,,,0,130,,19036,350,,,0,170,,19037,350,,,0,130,,19038,350,,,0,170,,19039,350,,,0,130,,19040,350,,,0,170,,19041,350,,,0,130,,19042,350,,,0
25301,'Semaine-01',525,,19311,210,,,0,95,,19314,210,,,0,26,,19315,210,,,0,77,,19312,210,,,0,20,,19313,210,,,0
25301,'Semaine-02',525,,19316,210,,,0,95,,19319,210,,,0,26,,19320,210,,,0,77,,19317,210,,,0,20,,19318,210,,,0
61001,'Fête-1-01',746,,20563,440,,,0,100,,20564,440,,,0,70,,20565,440,,,0,100,,20566,440,,,0,100,,20567,440,,,0,100,,20568,440,,,0,100,,20569,440,,,0,100,,20570,440,,,0,100,,20571,440,,,0,100,,20572,440,,,0,100,,20573,440,,,0,99,,20574,440,,,0,100,,20575,440,,,0,100,,20576,440,,,0,100,,20577,440,,,0,100,,20578,440,,,0,100,,20579,440,,,0
61001,'Semaine-01',550,,20580,440,,,0,70,,20581,440,,,0,100,,20582,440,,,0,99,,20583,440,,,0,99,,20584,440,,,0,100,,20585,440,,,0,99,,20586,440,,,0,100,,20587,440,,,0,100,,20588,440,,,0,100,,20589,440,,,0,101,,20590,440,,,0,101,,20591,440,,,0,103,,20592,440,,,0,99,,20593,440,,,0,95,,20594,440,,,0,100,,20595,440,,,0,100,,20596,440,,,0,100,,20597,440,,,0,100,,20598,440,,,0
61001,'Semaine-02',550,,20599,440,,,0,70,,20600,440,,,0,100,,20601,440,,,0,99,,20602,440,,,0,99,,20603,440,,,0,100,,20604,440,,,0,99,,20605,440,,,0,100,,20606,440,,,0,100,,20607,440,,,0,100,,20608,440,,,0,101,,20609,440,,,0,101,,20610,440,,,0,103,,20611,440,,,0,99,,20612,440,,,0,95,,20613,440,,,0,100,,20614,440,,,0,100,,20615,440,,,0,100,,20616,440,,,0,100,,20617,440,,,0
61001,'Week-end-01',746,,20618,440,,,0,100,,20619,440,,,0,70,,20620,440,,,0,100,,20621,440,,,0,100,,20622,440,,,0,100,,20623,440,,,0,100,,20624,440,,,0,100,,20625,440,,,0,100,,20626,440,,,0,100,,20627,440,,,0,100,,20628,440,,,0,99,,20629,440,,,0,100,,20630,440,,,0,100,,20631,440,,,0,100,,20632,440,,,0,100,,20633,440,,,0,100,,20634,440,,,0
