'LA-H26-LAGTFS-Fête-1-01',61000,84600,4,'',0,10000,4,'',0,10000,4,'',0,10000,4,'',0,10000,4,'',0,10000,4,'',0,10100,4,'',0,10000,4,'',0,10000,4,'',0,10000,4,'',0,9700,4,'',0,10000,4,'',0,10000,4,'',0,10000,4,'',0,10000,4,'',0,10000,4,'',0
'LA-H26-LAGTFS-Fête-1-01',61001,72200,,'',0,10000,,'',0,3000,,'',0,10000,,'',0,10000,,'',0,10000,,'',0,10000,,'',0,10000,,'',0,10000,,'',0,10000,,'',0,10000,,'',0,10000,,'',0,10000,,'',0,10000,,'',0,10000,,'',0,10000,,'',0,10000,,'',0
'LA-H26-LAGTFS-Fête-1-02',61000,84600,4,'',0,10000,4,'',0,10000,4,'',0,10000,4,'',0,10000,4,'',0,10000,4,'',0,10100,4,'',0,10000,4,'',0,10000,4,'',0,10000,4,'',0,9700,4,'',0,10000,4,'',0,10000,4,'',0,10000,4,'',0,10000,4,'',0,10000,4,'',0
'LA-H26-LAGTFS-Fête-1-02',61001,72200,,'',0,10000,,'',0,3000,,'',0,10000,,'',0,10000,,'',0,10000,,'',0,10000,,'',0,10000,,'',0,10000,,'',0,10000,,'',0,10000,,'',0,10000,,'',0,10000,,'',0,10000,,'',0,10000,,'',0,10000,,'',0,10000,,'',0
'LA-H26-LAGTFS-Fête-2-02',61000,64500,4,'',0,9900,4,'',0,10100,4,'',0,9500,4,'',0,10000,4,'',0,10100,4,'',0,10000,4,'',0,10000,4,'',0,10100,4,'',0,10200,4,'',0,9600,4,'',0,10500,4,'',0,10000,4,'',0,7000,4,'',0,3100,4,'',0,9800,4,'',0,10000,4,'',0,10000,4,'',0,10400,4,'',0
'LA-H26-LAGTFS-Fête-2-02',61001,55200,,'',0,10000,,'',0,10000,,'',0,10000,,'',0,10000,,'',0,10000,,'',0,10000,,'',0,10000,,'',0,10000,,'',0,10000,,'',0,10000,,'',0,10000,,'',0,10000,,'',0,10000,,'',0,10000,,'',0,10000,,'',0,10000,,'',0,10000,,'',0
'LA-H26-LAGTFS-Semaine-01',61000,64500,4,'',0,7000,4,'',0,2900,4,'',0,7100,4,'',0,3000,4,'',0,7100,4,'',0,2400,4,'',0,10000,4,'',0,10100,4,'',0,10000,4,'',0,10000,4,'',0,10100,4,'',0,10200,4,'',0,9600,4,'',0,7000,4,'',0,3500,4,'',0,7000,4,'',0,3000,4,'',0,7000,4,'',0,3100,4,'',0,9800,4,'',0,10000,4,'',0,10000,4,'',0,10400,4,'',0
'LA-H26-LAGTFS-Semaine-01',61001,52200,,'',0,3000,,'',0,7000,,'',0,3000,,'',0,7000,,'',0,3000,,'',0,7000,,'',0,3000,,'',0,10000,,'',0,10000,,'',0,10000,,'',0,10000,,'',0,10000,,'',0,10000,,'',0,10000,,'',0,7000,,'',0,3000,,'',0,7000,,'',0,3000,,'',0,7000,,'',0,3000,,'',0,10000,,'',0,10000,,'',0,10000,,'',0,10000,,'',0
'LA-H26-LAGTFS-Semaine-50',61000,64500,4,'',0,7000,4,'',0,2900,4,'',0,7100,4,'',0,3000,4,'',0,7100,4,'',0,2400,4,'',0,10000,4,'',0,10100,4,'',0,10000,4,'',0,10000,4,'',0,10100,4,'',0,10200,4,'',0,9600,4,'',0,7000,4,'',0,3500,4,'',0,7000,4,'',0,3000,4,'',0,7000,4,'',0,3100,4,'',0,9800,4,'',0,10000,4,'',0,10000,4,'',0,10400,4,'',0
'LA-H26-LAGTFS-Semaine-50',61001,52200,,'',0,3000,,'',0,7000,,'',0,3000,,'',0,7000,,'',0,3000,,'',0,7000,,'',0,3000,,'',0,10000,,'',0,10000,,'',0,10000,,'',0,10000,,'',0,10000,,'',0,10000,,'',0,10000,,'',0,7000,,'',0,3000,,'',0,7000,,'',0,3000,,'',0,7000,,'',0,3000,,'',0,10000,,'',0,10000,,'',0,10000,,'',0,10000,,'',0
'LA-H26-LAGTFS-Week-end-01',61000,84600,4,'',0,10000,4,'',0,10000,4,'',0,10000,4,'',0,10000,4,'',0,10000,4,'',0,10100,4,'',0,10000,4,'',0,10000,4,'',0,10000,4,'',0,9700,4,'',0,10000,4,'',0,10000,4,'',0,10000,4,'',0,10000,4,'',0,10000,4,'',0
'LA-H26-LAGTFS-Week-end-01',61001,72200,,'',0,10000,,'',0,3000,,'',0,10000,,'',0,10000,,'',0,10000,,'',0,10000,,'',0,10000,,'',0,10000,,'',0,10000,,'',0,10000,,'',0,10000,,'',0,10000,,'',0,10000,,'',0,10000,,'',0,10000,,'',0,10000,,'',0
'LA-H26-LAGTFS-Week-end-50',61000,84600,4,'',0,10000,4,'',0,10000,4,'',0,10000,4,'',0,10000,4,'',0,10000,4,'',0,10100,4,'',0,10000,4,'',0,10000,4,'',0,10000,4,'',0,9700,4,'',0,10000,4,'',0,10000,4,'',0,10000,4,'',0,10000,4,'',0,10000,4,'',0
'LA-H26-LAGTFS-Week-end-50',61001,72200,,'',0,10000,,'',0,3000,,'',0,10000,,'',0,10000,,'',0,10000,,'',0,10000,,'',0,10000,,'',0,10000,,'',0,10000,,'',0,10000,,'',0,10000,,'',0,10000,,'',0,10000,,'',0,10000,,'',0,10000,,'',0,10000,,'',0
