'LA-A24-LAGTFS-Dimanche-04',8900,95700,4,'',0,16000,4,'',0,12000,4,'',0,12000,4,'',0,16000,4,'',0,12000,4,'',0,12000,4,'',0,16000,4,'',0,12000,4,'',0
'LA-A24-LAGTFS-Dimanche-04',8901,84700,,'',0,16000,,'',0,12000,,'',0,12000,,'',0,16000,,'',0,12000,,'',0,12000,,'',0,16000,,'',0,12000,,'',0,12000,,'',0
'LA-A24-LAGTFS-Fête-1-03',8900,83800,4,'',0,11900,4,'',0,16000,4,'',0,12000,4,'',0,12000,4,'',0,16000,4,'',0,12000,4,'',0,12000,4,'',0,16000,4,'',0,12000,4,'',0
'LA-A24-LAGTFS-Fête-1-03',8901,72700,,'',0,12000,,'',0,16000,,'',0,12000,,'',0,12000,,'',0,16000,,'',0,12000,,'',0,12000,,'',0,16000,,'',0,12000,,'',0,12000,,'',0,8000,,'',0
'LA-A24-LAGTFS-Samedi-04',8900,83800,4,'',0,11900,4,'',0,16000,4,'',0,12000,4,'',0,12000,4,'',0,16000,4,'',0,12000,4,'',0,12000,4,'',0,16000,4,'',0,12000,4,'',0
'LA-A24-LAGTFS-Samedi-04',8901,72700,,'',0,12000,,'',0,16000,,'',0,12000,,'',0,12000,,'',0,16000,,'',0,12000,,'',0,12000,,'',0,16000,,'',0,12000,,'',0,12000,,'',0,8000,,'',0
'LA-A24-LAGTFS-Semaine-04',8900,64000,4,'',0,7000,4,'',0,9300,4,'',0,4500,4,'',0,7900,4,'',0,7700,4,'',0,4100,4,'',0,16300,4,'',0,11400,4,'',0,12800,4,'',0,8400,4,'',0,7300,4,'',0,10200,4,'',0,3000,4,'',0,7600,4,'',0,2200,4,'',0,7100,4,'',0,3200,4,'',0,9200,4,'',0,10900,4,'',0
'LA-A24-LAGTFS-Semaine-04',8901,52700,,'',0,3000,,'',0,9700,,'',0,7100,,'',0,9200,,'',0,8300,,'',0,3900,,'',0,16100,,'',0,11800,,'',0,11600,,'',0,9100,,'',0,3300,,'',0,8800,,'',0,8600,,'',0,7900,,'',0,3300,,'',0,9500,,'',0,8100,,'',0,11400,,'',0,11700,,'',0
'LA-A24-LAGTFS-Semaine-50',8900,62600,4,'',0,10100,4,'',0,10500,4,'',0,10900,4,'',0,11100,4,'',0,14900,4,'',0,11100,4,'',0,10900,4,'',0,11100,4,'',0,10900,4,'',0,11100,4,'',0,14900,4,'',0,11100,4,'',0,10900,4,'',0
'LA-A24-LAGTFS-Semaine-50',8901,52900,,'',0,10100,,'',0,10100,,'',0,10600,,'',0,11000,,'',0,11000,,'',0,15000,,'',0,11000,,'',0,11000,,'',0,11000,,'',0,11000,,'',0,11000,,'',0,15000,,'',0,11000,,'',0,11000,,'',0
