22600,'LA-H26-LA_GTFS-Fête-1-01',813,,437,,,0,200,,431,,,0,200,,432,,,0,200,,433,,,0,200,,434,,,0,200,,438,0,6 7,0,200,,435,,,0
22600,'LA-H26-LA_GTFS-Fête-1-02',813,,445,,,0,200,,439,,,0,200,,440,,,0,200,,441,,,0,200,,442,,,0,200,,446,0,6 7,0,200,,443,,,0
22600,'LA-H26-LA_GTFS-Fête-2-02',525,,470,0,6 7,0,30,,471,0,6 7,0,78,,447,,,0,74,,448,,,0,30,,449,,,0,70,,450,,,0,45,,451,,,0,96,,452,,,0,100,,453,,,0,100,,454,,,0,100,,455,,,0,100,,456,,,0,100,,457,,,0,100,,458,,,0,104,,459,,,0,70,,460,,,0,30,,461,,,0,70,,462,,,0,30,,463,,,0,66,,464,,,0,30,,465,,,0,100,,466,,,0,100,,467,,,0,100,,468,,,0,100,,469,,,0
22600,'LA-H26-LA_GTFS-Semaine-01',525,,495,0,6 7,0,30,,496,0,6 7,0,78,,472,,,0,74,,473,,,0,30,,474,,,0,70,,475,,,0,45,,476,,,0,96,,477,,,0,100,,478,,,0,100,,479,,,0,100,,480,,,0,100,,481,,,0,100,,482,,,0,100,,483,,,0,104,,484,,,0,70,,485,,,0,30,,486,,,0,70,,487,,,0,30,,488,,,0,66,,489,,,0,30,,490,,,0,100,,491,,,0,100,,492,,,0,100,,493,,,0,100,,494,,,0
22600,'LA-H26-LA_GTFS-Semaine-50',525,,520,0,6 7,0,30,,521,0,6 7,0,78,,497,,,0,74,,498,,,0,30,,499,,,0,70,,500,,,0,45,,501,,,0,96,,502,,,0,100,,503,,,0,100,,504,,,0,100,,505,,,0,100,,506,,,0,100,,507,,,0,100,,508,,,0,104,,509,,,0,70,,510,,,0,30,,511,,,0,70,,512,,,0,30,,513,,,0,66,,514,,,0,30,,515,,,0,100,,516,,,0,100,,517,,,0,100,,518,,,0,100,,519,,,0
22600,'LA-H26-LA_GTFS-Week-end-01',813,,528,,,0,200,,522,,,0,200,,523,,,0,200,,524,,,0,200,,525,,,0,200,,529,0,6 7,0,200,,526,,,0
22600,'LA-H26-LA_GTFS-Week-end-50',813,,536,,,0,200,,530,,,0,200,,531,,,0,200,,532,,,0,200,,533,,,0,200,,537,0,6 7,0,200,,534,,,0
70801,'LA-H26-LA_GTFS-Fête-1-01',634,,6647,,,0,100,,6663,,,0,74,,6648,,,0,100,,6649,,,0,51,,6650,,,0,100,,6651,,,0,100,,6652,,,0,100,,6653,,,0,100,,6654,,,0,100,,6655,,,0,100,,6656,,,0,100,,6657,,,0,100,,6658,,,0,100,,6659,,,0,100,,6660,,,0,100,,6661,,,0,100,,6662,,,0,80,,6645,,,0,118,,6646,,,0
70801,'LA-H26-LA_GTFS-Fête-1-02',634,,6666,,,0,100,,6682,,,0,74,,6667,,,0,100,,6668,,,0,51,,6669,,,0,100,,6670,,,0,100,,6671,,,0,100,,6672,,,0,100,,6673,,,0,100,,6674,,,0,100,,6675,,,0,100,,6676,,,0,100,,6677,,,0,100,,6678,,,0,100,,6679,,,0,100,,6680,,,0,100,,6681,,,0,80,,6664,,,0,118,,6665,,,0
70801,'LA-H26-LA_GTFS-Fête-2-02',444,,6683,,,0,69,,6684,,,0,30,,6711,,,0,15,,6685,,,0,55,,6712,,,0,15,,6686,,,0,15,,6713,,,0,15,,6687,,,0,55,,6714,,,0,15,,6688,,,0,15,,6715,,,0,15,,6689,,,0,70,,6690,,,0,30,,6691,,,0,70,,6692,,,0,30,,6693,,,0,100,,6694,,,0,100,,6695,,,0,100,,6696,,,0,100,,6697,,,0,100,,6698,,,0,100,,6699,,,0,70,,6700,,,0,30,,6701,,,0,70,,6702,,,0,30,,6703,,,0,70,,6704,,,0,30,,6705,,,0,100,,6706,,,0,100,,6707,,,0,100,,6708,,,0,100,,6709,,,0,96,,6710,,,0,100,,6716,,,0
70801,'LA-H26-LA_GTFS-Semaine-01',444,,6717,,,0,69,,6718,,,0,30,,6753,,,0,15,,6719,,,0,55,,6754,,,0,15,,6720,,,0,15,,6755,,,0,10,,6760,,,0,5,,6721,,,0,55,,6756,,,0,15,,6722,,,0,15,,6757,,,0,15,,6723,,,0,55,,6758,,,0,15,,6724,,,0,30,,6725,,,0,70,,6726,,,0,30,,6727,,,0,70,,6728,,,0,30,,6729,,,0,70,,6730,,,0,30,,6731,,,0,70,,6732,,,0,30,,6733,,,0,70,,6734,,,0,30,,6735,,,0,70,,6736,,,0,30,,6737,,,0,70,,6738,,,0,30,,6739,,,0,70,,6740,,,0,30,,6741,,,0,70,,6742,,,0,30,,6743,,,0,70,,6744,,,0,30,,6745,,,0,70,,6746,,,0,30,,6747,,,0,70,,6748,,,0,30,,6749,,,0,100,,6750,,,0,100,,6751,,,0,96,,6752,,,0,100,,6759,,,0
70801,'LA-H26-LA_GTFS-Semaine-50',444,,6761,,,0,69,,6762,,,0,30,,6797,,,0,15,,6763,,,0,55,,6798,,,0,15,,6764,,,0,15,,6799,,,0,10,,6804,,,0,5,,6765,,,0,55,,6800,,,0,15,,6766,,,0,15,,6801,,,0,15,,6767,,,0,55,,6802,,,0,15,,6768,,,0,30,,6769,,,0,70,,6770,,,0,30,,6771,,,0,70,,6772,,,0,30,,6773,,,0,70,,6774,,,0,30,,6775,,,0,70,,6776,,,0,30,,6777,,,0,70,,6778,,,0,30,,6779,,,0,70,,6780,,,0,30,,6781,,,0,70,,6782,,,0,30,,6783,,,0,70,,6784,,,0,30,,6785,,,0,70,,6786,,,0,30,,6787,,,0,70,,6788,,,0,30,,6789,,,0,70,,6790,,,0,30,,6791,,,0,70,,6792,,,0,30,,6793,,,0,100,,6794,,,0,100,,6795,,,0,96,,6796,,,0,100,,6803,,,0
70801,'LA-H26-LA_GTFS-Week-end-01',634,,6807,,,0,100,,6823,,,0,74,,6808,,,0,100,,6809,,,0,51,,6810,,,0,100,,6811,,,0,100,,6812,,,0,100,,6813,,,0,100,,6814,,,0,100,,6815,,,0,100,,6816,,,0,100,,6817,,,0,100,,6818,,,0,100,,6819,,,0,100,,6820,,,0,100,,6821,,,0,100,,6822,,,0,80,,6805,,,0,118,,6806,,,0
70801,'LA-H26-LA_GTFS-Week-end-50',634,,6826,,,0,100,,6842,,,0,74,,6827,,,0,100,,6828,,,0,51,,6829,,,0,100,,6830,,,0,100,,6831,,,0,100,,6832,,,0,100,,6833,,,0,100,,6834,,,0,100,,6835,,,0,100,,6836,,,0,100,,6837,,,0,100,,6838,,,0,100,,6839,,,0,100,,6840,,,0,100,,6841,,,0,80,,6824,,,0,118,,6825,,,0
