23300,'Fête-1-01',849,,1274,,,0,200,,1276,,,0,200,,1272,,,0,200,,1277,,,0,200,,1275,,,0,200,,1273,,,0,200,,1270,,,0,200,,1271,0,8 41 1 42 43 44,0
23300,'Fête-1-02',849,,1282,,,0,200,,1284,,,0,200,,1280,,,0,200,,1285,,,0,200,,1283,,,0,200,,1281,,,0,200,,1278,,,0,200,,1279,0,8 41 1 42 43 44,0
23300,'Fête-2-02',621,,1286,,,0,101,,1287,,,0,105,,1298,,,0,97,,1299,,,0,130,,1288,,,0,200,,1289,,,0,200,,1290,,,0,75,,1291,,,0,103,,1292,,,0,105,,1293,,,0,100,,1297,,,0,102,,1294,,,0,115,,1295,,,0,200,,1296,0,8 41 1 42 43 44,0
23300,'Semaine-01',621,,1300,,,0,101,,1301,,,0,105,,1312,,,0,97,,1313,,,0,130,,1302,,,0,200,,1303,,,0,200,,1304,,,0,75,,1305,,,0,103,,1306,,,0,105,,1307,,,0,100,,1311,,,0,102,,1308,,,0,115,,1309,,,0,247,,1310,0,8 41 1 42 43 44,0
23300,'Semaine-50',621,,1314,,,0,101,,1315,,,0,105,,1326,,,0,97,,1327,,,0,130,,1316,,,0,200,,1317,,,0,200,,1318,,,0,75,,1319,,,0,103,,1320,,,0,105,,1321,,,0,100,,1325,,,0,102,,1322,,,0,115,,1323,,,0,247,,1324,0,8 41 1 42 43 44,0
23300,'Week-end-01',849,,1332,,,0,200,,1334,,,0,200,,1330,,,0,200,,1335,,,0,200,,1333,,,0,200,,1331,,,0,200,,1328,,,0,200,,1329,0,8 41 1 42 43 44,0
23300,'Week-end-50',849,,1340,,,0,200,,1342,,,0,200,,1338,,,0,200,,1343,,,0,200,,1341,,,0,200,,1339,,,0,200,,1336,,,0,200,,1337,0,8 41 1 42 43 44,0
30300,'Fête-1-01',851,,3644,0,50 51 52,0,100,,3645,0,50 51 52,0,100,,3646,0,50 51 52,0,100,,3647,0,50 51 52,0,100,,3648,0,50 51 52,0,100,,3649,0,50 51 52,0,100,,3650,0,50 51 52,0,100,,3651,0,50 51 52,0,100,,3652,0,50 51 52,0,100,,3653,0,50 51 52,0,100,,3654,0,50 51 52,0,100,,3655,0,50 51 52,0,100,,3656,0,50 51 52,0,100,,3657,0,50 51 52,0,100,,3658,0,50 51 52,0
30300,'Fête-1-02',851,,3659,0,50 51 52,0,100,,3660,0,50 51 52,0,100,,3661,0,50 51 52,0,100,,3662,0,50 51 52,0,100,,3663,0,50 51 52,0,100,,3664,0,50 51 52,0,100,,3665,0,50 51 52,0,100,,3666,0,50 51 52,0,100,,3667,0,50 51 52,0,100,,3668,0,50 51 52,0,100,,3669,0,50 51 52,0,100,,3670,0,50 51 52,0,100,,3671,0,50 51 52,0,100,,3672,0,50 51 52,0,100,,3673,0,50 51 52,0
30300,'Fête-2-02',626,,3674,,,0,30,,3675,,,0,70,,3676,,,0,30,,3677,,,0,70,,3678,,,0,30,,3679,,,0,100,,3690,,,0,100,,3680,,,0,100,,3681,,,0,100,,3682,,,0,100,,3683,,,0,100,,3684,,,0,100,,3685,,,0,70,,3691,,,0,30,,3692,,,0,70,,3686,,,0,30,,3687,,,0,70,,3688,,,0,30,,3689,,,0,100,,3693,,,0,100,,3694,,,0,100,,3695,,,0,100,,3696,,,0
30300,'Semaine-01',626,,3697,,,0,30,,3698,,,0,70,,3699,,,0,30,,3700,,,0,70,,3701,,,0,30,,3702,,,0,100,,3713,,,0,100,,3703,,,0,100,,3704,,,0,100,,3705,,,0,100,,3706,,,0,100,,3707,,,0,100,,3708,,,0,70,,3714,,,0,30,,3715,,,0,70,,3709,,,0,30,,3710,,,0,70,,3711,,,0,30,,3712,,,0,100,,3716,,,0,100,,3717,,,0,100,,3718,,,0,100,,3719,,,0
30300,'Semaine-50',626,,3720,,,0,30,,3721,,,0,70,,3722,,,0,30,,3723,,,0,70,,3724,,,0,30,,3725,,,0,100,,3736,,,0,100,,3726,,,0,100,,3727,,,0,100,,3728,,,0,100,,3729,,,0,100,,3730,,,0,100,,3731,,,0,70,,3737,,,0,30,,3738,,,0,70,,3732,,,0,30,,3733,,,0,70,,3734,,,0,30,,3735,,,0,100,,3739,,,0,100,,3740,,,0,100,,3741,,,0,100,,3742,,,0
30300,'Week-end-01',851,,3743,0,50 51 52,0,100,,3744,0,50 51 52,0,100,,3745,0,50 51 52,0,100,,3746,0,50 51 52,0,100,,3747,0,50 51 52,0,100,,3748,0,50 51 52,0,100,,3749,0,50 51 52,0,100,,3750,0,50 51 52,0,100,,3751,0,50 51 52,0,100,,3752,0,50 51 52,0,100,,3753,0,50 51 52,0,100,,3754,0,50 51 52,0,100,,3755,0,50 51 52,0,100,,3756,0,50 51 52,0,100,,3757,0,50 51 52,0
30300,'Week-end-50',851,,3758,0,50 51 52,0,100,,3759,0,50 51 52,0,100,,3760,0,50 51 52,0,100,,3761,0,50 51 52,0,100,,3762,0,50 51 52,0,100,,3763,0,50 51 52,0,100,,3764,0,50 51 52,0,100,,3765,0,50 51 52,0,100,,3766,0,50 51 52,0,100,,3767,0,50 51 52,0,100,,3768,0,50 51 52,0,100,,3769,0,50 51 52,0,100,,3770,0,50 51 52,0,100,,3771,0,50 51 52,0,100,,3772,0,50 51 52,0
