50801,'Semaine-03',1624,,16731,10,,,0,30,,16733,10,,,0,70,,16732,10,,,0
50801,'Semaine-53',1624,,14183,10,,,0,30,,14185,10,,,0,70,,14184,10,,,0
70800,'Semaine-03',607,,16946,390,4,,0,30,,16947,390,4,,0,70,,16948,390,4,,0,30,,16949,390,4,,0,70,,16950,390,4,,0,15,,16951,390,4,,0,17,,16952,390,4,,0,70,,16953,390,4,,0,31,,16954,390,4,,0,69,,16955,390,4,,0,30,,16956,390,4,,0,70,,16957,390,4,,0,30,,16958,390,4,,0,70,,16959,390,4,,0,30,,16960,390,4,,0,70,,16961,390,4,,0,30,,16962,390,4,,0,70,,16963,390,4,,0,30,,16964,390,4,,0,70,,16965,390,4,,0,30,,16966,390,4,,0,68,,16967,390,4,,0,7,,16968,390,4,,0,23,,16969,390,4,,0,7,,16970,390,4,,0,63,,16971,390,4,,0,7,,16972,390,4,,0,23,,16973,390,4,,0,7,,16974,390,4,,0,63,,16975,390,4,,0,7,,16976,390,4,,0,23,,16977,390,4,,0,3,,16978,390,4,,0,67,,16979,390,4,,0,30,,16980,390,4,,0,70,,16981,390,4,,0,30,,16982,390,4,,0,70,,16983,390,4,,0,30,,16984,390,4,,0,20,,16985,390,4,,0,70,,16986,390,4,,0,89,,16987,390,4,,0,92,,16988,390,4,,0,100,,16989,390,4,,0,100,,16990,390,4,,0
70800,'Semaine-53',607,,14483,390,4,,0,30,,14484,390,4,,0,70,,14485,390,4,,0,30,,14486,390,4,,0,70,,14487,390,4,,0,15,,14488,390,4,,0,17,,14489,390,4,,0,70,,14490,390,4,,0,31,,14491,390,4,,0,69,,14492,390,4,,0,30,,14493,390,4,,0,70,,14494,390,4,,0,30,,14495,390,4,,0,70,,14496,390,4,,0,30,,14497,390,4,,0,70,,14498,390,4,,0,30,,14499,390,4,,0,70,,14500,390,4,,0,30,,14501,390,4,,0,70,,14502,390,4,,0,30,,14503,390,4,,0,68,,14504,390,4,,0,7,,14505,390,4,,0,23,,14506,390,4,,0,7,,14507,390,4,,0,63,,14508,390,4,,0,7,,14509,390,4,,0,23,,14510,390,4,,0,7,,14511,390,4,,0,63,,14512,390,4,,0,7,,14513,390,4,,0,23,,14514,390,4,,0,3,,14515,390,4,,0,67,,14516,390,4,,0,30,,14517,390,4,,0,70,,14518,390,4,,0,30,,14519,390,4,,0,70,,14520,390,4,,0,30,,14521,390,4,,0,20,,14522,390,4,,0,70,,14523,390,4,,0,89,,14524,390,4,,0,92,,14525,390,4,,0,100,,14526,390,4,,0,100,,14527,390,4,,0
70800,'Week-end-03',746,,16993,390,4,,0,104,,16994,390,4,,0,89,,16995,390,4,,0,100,,16996,390,4,,0,102,,16997,390,4,,0,99,,16998,390,4,,0,100,,16999,390,4,,0,100,,17000,390,4,,0,100,,17001,390,4,,0,100,,17002,390,4,,0,100,,17003,390,4,,0,100,,17004,390,4,,0,100,,17005,390,4,,0,96,,17006,390,4,,0,103,,17007,390,4,,0,80,,17008,390,4,,0,83,,17009,390,4,,0,40,,16991,390,4,,0,117,,16992,390,4,,0
70800,'Week-end-53',746,,14530,390,4,,0,104,,14531,390,4,,0,89,,14532,390,4,,0,100,,14533,390,4,,0,102,,14534,390,4,,0,99,,14535,390,4,,0,100,,14536,390,4,,0,100,,14537,390,4,,0,100,,14538,390,4,,0,100,,14539,390,4,,0,100,,14540,390,4,,0,100,,14541,390,4,,0,100,,14542,390,4,,0,96,,14543,390,4,,0,103,,14544,390,4,,0,80,,14545,390,4,,0,83,,14546,390,4,,0,40,,14528,390,4,,0,117,,14529,390,4,,0
70801,'Semaine-03',435,,17010,10,,,0,69,,17011,10,,,0,45,,17012,10,,,0,70,,17013,10,,,0,25,,17053,10,,,0,5,,17014,10,,,0,70,,17015,10,,,0,30,,17016,10,,,0,70,,17017,10,,,0,30,,17018,10,,,0,70,,17019,10,,,0,30,,17020,10,,,0,70,,17021,10,,,0,30,,17022,10,,,0,70,,17023,10,,,0,30,,17024,10,,,0,70,,17025,10,,,0,30,,17026,10,,,0,70,,17027,10,,,0,30,,17028,10,,,0,70,,17029,10,,,0,30,,17030,10,,,0,70,,17031,10,,,0,30,,17032,10,,,0,70,,17033,10,,,0,30,,17034,10,,,0,70,,17035,10,,,0,30,,17036,10,,,0,70,,17037,10,,,0,30,,17038,10,,,0,70,,17039,10,,,0,30,,17040,10,,,0,70,,17041,10,,,0,30,,17042,10,,,0,100,,17043,10,,,0,100,,17044,10,,,0,96,,17045,10,,,0,100,,17052,10,,,0
70801,'Semaine-53',435,,14566,10,,,0,69,,14567,10,,,0,45,,14568,10,,,0,70,,14569,10,,,0,25,,14609,10,,,0,5,,14570,10,,,0,70,,14571,10,,,0,30,,14572,10,,,0,70,,14573,10,,,0,30,,14574,10,,,0,70,,14575,10,,,0,30,,14576,10,,,0,70,,14577,10,,,0,30,,14578,10,,,0,70,,14579,10,,,0,30,,14580,10,,,0,70,,14581,10,,,0,30,,14582,10,,,0,70,,14583,10,,,0,30,,14584,10,,,0,70,,14585,10,,,0,30,,14586,10,,,0,70,,14587,10,,,0,30,,14588,10,,,0,70,,14589,10,,,0,30,,14590,10,,,0,70,,14591,10,,,0,30,,14592,10,,,0,70,,14593,10,,,0,30,,14594,10,,,0,70,,14595,10,,,0,30,,14596,10,,,0,70,,14597,10,,,0,30,,14598,10,,,0,100,,14599,10,,,0,100,,14600,10,,,0,96,,14601,10,,,0,100,,14608,10,,,0
70801,'Week-end-03',624,,17056,10,,,0,100,,17072,10,,,0,34,,17057,10,,,0,100,,17058,10,,,0,91,,17059,10,,,0,100,,17060,10,,,0,100,,17061,10,,,0,100,,17062,10,,,0,100,,17063,10,,,0,100,,17064,10,,,0,100,,17065,10,,,0,100,,17066,10,,,0,100,,17067,10,,,0,100,,17068,10,,,0,100,,17069,10,,,0,100,,17070,10,,,0,100,,17071,10,,,0,80,,17054,10,,,0,118,,17055,10,,,0
70801,'Week-end-53',624,,14612,10,,,0,100,,14628,10,,,0,34,,14613,10,,,0,100,,14614,10,,,0,91,,14615,10,,,0,100,,14616,10,,,0,100,,14617,10,,,0,100,,14618,10,,,0,100,,14619,10,,,0,100,,14620,10,,,0,100,,14621,10,,,0,100,,14622,10,,,0,100,,14623,10,,,0,100,,14624,10,,,0,100,,14625,10,,,0,100,,14626,10,,,0,100,,14627,10,,,0,80,,14610,10,,,0,118,,14611,10,,,0
