30300,'Fête-1-01',853,,3644,0,50 51 52,0,100,,3645,0,50 51 52,0,100,,3646,0,50 51 52,0,100,,3647,0,50 51 52,0,100,,3648,0,50 51 52,0,100,,3649,0,50 51 52,0,100,,3650,0,50 51 52,0,100,,3651,0,50 51 52,0,100,,3652,0,50 51 52,0,100,,3653,0,50 51 52,0,100,,3654,0,50 51 52,0,100,,3655,0,50 51 52,0,100,,3656,0,50 51 52,0,100,,3657,0,50 51 52,0,100,,3658,0,50 51 52,0
30300,'Fête-1-02',853,,3659,0,50 51 52,0,100,,3660,0,50 51 52,0,100,,3661,0,50 51 52,0,100,,3662,0,50 51 52,0,100,,3663,0,50 51 52,0,100,,3664,0,50 51 52,0,100,,3665,0,50 51 52,0,100,,3666,0,50 51 52,0,100,,3667,0,50 51 52,0,100,,3668,0,50 51 52,0,100,,3669,0,50 51 52,0,100,,3670,0,50 51 52,0,100,,3671,0,50 51 52,0,100,,3672,0,50 51 52,0,100,,3673,0,50 51 52,0
30300,'Fête-2-02',628,,3674,,,0,30,,3675,,,0,70,,3676,,,0,30,,3677,,,0,70,,3678,,,0,30,,3679,,,0,100,,3690,,,0,100,,3680,,,0,100,,3681,,,0,100,,3682,,,0,100,,3683,,,0,100,,3684,,,0,100,,3685,,,0,70,,3691,,,0,30,,3692,,,0,70,,3686,,,0,30,,3687,,,0,70,,3688,,,0,30,,3689,,,0,100,,3693,,,0,100,,3694,,,0,100,,3695,,,0,100,,3696,,,0
30300,'Semaine-01',628,,3697,,,0,30,,3698,,,0,70,,3699,,,0,30,,3700,,,0,70,,3701,,,0,30,,3702,,,0,100,,3713,,,0,100,,3703,,,0,100,,3704,,,0,100,,3705,,,0,100,,3706,,,0,100,,3707,,,0,100,,3708,,,0,70,,3714,,,0,30,,3715,,,0,70,,3709,,,0,30,,3710,,,0,70,,3711,,,0,30,,3712,,,0,100,,3716,,,0,100,,3717,,,0,100,,3718,,,0,100,,3719,,,0
30300,'Semaine-50',628,,3720,,,0,30,,3721,,,0,70,,3722,,,0,30,,3723,,,0,70,,3724,,,0,30,,3725,,,0,100,,3736,,,0,100,,3726,,,0,100,,3727,,,0,100,,3728,,,0,100,,3729,,,0,100,,3730,,,0,100,,3731,,,0,70,,3737,,,0,30,,3738,,,0,70,,3732,,,0,30,,3733,,,0,70,,3734,,,0,30,,3735,,,0,100,,3739,,,0,100,,3740,,,0,100,,3741,,,0,100,,3742,,,0
30300,'Week-end-01',853,,3743,0,50 51 52,0,100,,3744,0,50 51 52,0,100,,3745,0,50 51 52,0,100,,3746,0,50 51 52,0,100,,3747,0,50 51 52,0,100,,3748,0,50 51 52,0,100,,3749,0,50 51 52,0,100,,3750,0,50 51 52,0,100,,3751,0,50 51 52,0,100,,3752,0,50 51 52,0,100,,3753,0,50 51 52,0,100,,3754,0,50 51 52,0,100,,3755,0,50 51 52,0,100,,3756,0,50 51 52,0,100,,3757,0,50 51 52,0
30300,'Week-end-50',853,,3758,0,50 51 52,0,100,,3759,0,50 51 52,0,100,,3760,0,50 51 52,0,100,,3761,0,50 51 52,0,100,,3762,0,50 51 52,0,100,,3763,0,50 51 52,0,100,,3764,0,50 51 52,0,100,,3765,0,50 51 52,0,100,,3766,0,50 51 52,0,100,,3767,0,50 51 52,0,100,,3768,0,50 51 52,0,100,,3769,0,50 51 52,0,100,,3770,0,50 51 52,0,100,,3771,0,50 51 52,0,100,,3772,0,50 51 52,0
30301,'Fête-1-01',757,,3773,0,49 13,0,100,,3774,0,49 13,0,100,,3775,0,49 13,0,100,,3776,0,49 13,0,101,,3777,0,49 13,0,100,,3778,0,49 13,0,100,,3779,0,49 13,0,100,,3780,0,49 13,0,100,,3781,0,49 13,0,100,,3782,0,49 13,0,100,,3783,0,49 13,0,99,,3784,0,49 13,0,100,,3785,0,49 13,0,100,,3786,0,49 13,0,100,,3787,0,49 13,0
30301,'Fête-1-02',757,,3788,0,49 13,0,100,,3789,0,49 13,0,100,,3790,0,49 13,0,100,,3791,0,49 13,0,101,,3792,0,49 13,0,100,,3793,0,49 13,0,100,,3794,0,49 13,0,100,,3795,0,49 13,0,100,,3796,0,49 13,0,100,,3797,0,49 13,0,100,,3798,0,49 13,0,99,,3799,0,49 13,0,100,,3800,0,49 13,0,100,,3801,0,49 13,0,100,,3802,0,49 13,0
30301,'Fête-2-02',534,,3816,,,0,100,,3817,,,0,70,,3818,,,0,32,,3819,,,0,70,,3820,,,0,98,,3822,,,0,100,,3823,,,0,100,,3821,,,0,100,,3814,,,0,100,,3815,,,0,100,,3813,,,0,101,,3809,,,0,30,,3824,,,0,70,,3808,,,0,30,,3803,,,0,70,,3804,,,0,30,,3805,,,0,70,,3810,,,0,98,,3811,,,0,100,,3812,,,0,99,,3806,,,0,100,,3807,,,0
30301,'Semaine-01',534,,3838,,,0,100,,3839,,,0,70,,3840,,,0,32,,3841,,,0,70,,3842,,,0,98,,3844,,,0,100,,3845,,,0,100,,3843,,,0,100,,3836,,,0,100,,3837,,,0,100,,3835,,,0,101,,3831,,,0,30,,3846,,,0,70,,3830,,,0,30,,3825,,,0,70,,3826,,,0,30,,3827,,,0,70,,3832,,,0,98,,3833,,,0,100,,3834,,,0,99,,3828,,,0,100,,3829,,,0
30301,'Semaine-50',534,,3860,,,0,100,,3861,,,0,70,,3862,,,0,32,,3863,,,0,70,,3864,,,0,98,,3866,,,0,100,,3867,,,0,100,,3865,,,0,100,,3858,,,0,100,,3859,,,0,100,,3857,,,0,101,,3853,,,0,30,,3868,,,0,70,,3852,,,0,30,,3847,,,0,70,,3848,,,0,30,,3849,,,0,70,,3854,,,0,98,,3855,,,0,100,,3856,,,0,99,,3850,,,0,100,,3851,,,0
30301,'Week-end-01',757,,3869,0,49 13,0,100,,3870,0,49 13,0,100,,3871,0,49 13,0,100,,3872,0,49 13,0,101,,3873,0,49 13,0,100,,3874,0,49 13,0,100,,3875,0,49 13,0,100,,3876,0,49 13,0,100,,3877,0,49 13,0,100,,3878,0,49 13,0,100,,3879,0,49 13,0,99,,3880,0,49 13,0,100,,3881,0,49 13,0,100,,3882,0,49 13,0,100,,3883,0,49 13,0
30301,'Week-end-50',757,,3884,0,49 13,0,100,,3885,0,49 13,0,100,,3886,0,49 13,0,100,,3887,0,49 13,0,101,,3888,0,49 13,0,100,,3889,0,49 13,0,100,,3890,0,49 13,0,100,,3891,0,49 13,0,100,,3892,0,49 13,0,100,,3893,0,49 13,0,100,,3894,0,49 13,0,99,,3895,0,49 13,0,100,,3896,0,49 13,0,100,,3897,0,49 13,0,100,,3898,0,49 13,0
