24800,'Fête-2-02',1628,,2754,4,,0,96,,2755,4,,0,26,,2756,4,,0,82,,2757,4,,0,68,,2758,4,,0,59,,2759,4,,0
24800,'Semaine-01',1628,,2760,4,,0,96,,2761,4,,0,26,,2762,4,,0,82,,2763,4,,0,68,,2764,4,,0,59,,2765,4,,0
24800,'Semaine-50',1628,,2766,4,,0,96,,2767,4,,0,26,,2768,4,,0,82,,2769,4,,0,68,,2770,4,,0,59,,2771,4,,0
24900,'Fête-1-01',829,,2787,0,5,0,130,,2788,0,5,0,170,,2797,0,5,0,130,,2789,0,5,0,170,,2790,0,5,0,130,,2791,0,5,0,170,,2792,0,5,0,130,,2793,0,5,0,170,,2794,0,5,0,130,,2795,0,5,0,170,,2796,0,5,0
24900,'Fête-1-02',829,,2798,0,5,0,130,,2799,0,5,0,170,,2808,0,5,0,130,,2800,0,5,0,170,,2801,0,5,0,130,,2802,0,5,0,170,,2803,0,5,0,130,,2804,0,5,0,170,,2805,0,5,0,130,,2806,0,5,0,170,,2807,0,5,0
24900,'Fête-2-02',657,,2810,,,0,68,,2811,,,0,33,,2812,,,0,98,,2813,,,0,173,,2814,,,0,100,,2815,,,0,100,,2816,,,0,100,,2817,,,0,100,,2818,,,0,105,,2819,,,0,78,,2820,,,0,33,,2821,,,0,93,,2822,,,0,72,,2823,,,0,36,,2824,,,0,88,,2825,,,0,100,,2826,,,0,100,,2827,,,0,100,,2828,,,0,100,,2809,,,0
24900,'Semaine-01',657,,2830,,,0,68,,2831,,,0,33,,2832,,,0,98,,2833,,,0,68,,2834,,,0,105,,2835,,,0,100,,2836,,,0,100,,2837,,,0,100,,2838,,,0,100,,2839,,,0,105,,2840,,,0,78,,2841,,,0,33,,2842,,,0,93,,2843,,,0,72,,2844,,,0,36,,2845,,,0,88,,2846,,,0,100,,2847,,,0,100,,2848,,,0,100,,2849,,,0,100,,2829,,,0
24900,'Semaine-50',657,,2851,,,0,68,,2852,,,0,33,,2853,,,0,98,,2854,,,0,68,,2855,,,0,105,,2856,,,0,100,,2857,,,0,100,,2858,,,0,100,,2859,,,0,100,,2860,,,0,105,,2861,,,0,78,,2862,,,0,33,,2863,,,0,93,,2864,,,0,72,,2865,,,0,36,,2866,,,0,88,,2867,,,0,100,,2868,,,0,100,,2869,,,0,100,,2870,,,0,100,,2850,,,0
24900,'Week-end-01',829,,2871,0,5,0,130,,2872,0,5,0,170,,2881,0,5,0,130,,2873,0,5,0,170,,2874,0,5,0,130,,2875,0,5,0,170,,2876,0,5,0,130,,2877,0,5,0,170,,2878,0,5,0,130,,2879,0,5,0,170,,2880,0,5,0
24900,'Week-end-50',829,,2882,0,5,0,130,,2883,0,5,0,170,,2892,0,5,0,130,,2884,0,5,0,170,,2885,0,5,0,130,,2886,0,5,0,170,,2887,0,5,0,130,,2888,0,5,0,170,,2889,0,5,0,130,,2890,0,5,0,170,,2891,0,5,0
