25500,'LA-H26-LA_GTFS-Fête-2-02',515,,3610,,,0,44,,3611,,,0,70,,3612,,,0,71,,3615,,,0,29,,3616,,,0,912,,3609,,,0,94,,3613,,,0,73,,3614,,,0,32,,3617,,,0,74,,3608,,,0,29,,3618,,,0,69,,3619,,,0
25500,'LA-H26-LA_GTFS-Semaine-01',515,,3622,,,0,44,,3623,,,0,70,,3624,,,0,71,,3627,,,0,29,,3628,,,0,912,,3621,,,0,94,,3625,,,0,73,,3626,,,0,32,,3629,,,0,74,,3620,,,0,29,,3630,,,0,69,,3631,,,0
25500,'LA-H26-LA_GTFS-Semaine-50',515,,3634,,,0,44,,3635,,,0,70,,3636,,,0,71,,3639,,,0,29,,3640,,,0,912,,3633,,,0,94,,3637,,,0,73,,3638,,,0,32,,3641,,,0,74,,3632,,,0,29,,3642,,,0,69,,3643,,,0
70901,'LA-H26-LA_GTFS-Fête-1-01',610,,7175,,,0,30,,7176,,,0,70,,7177,,,0,30,,7178,,,0,70,,7179,,,0,15,,7180,,,0,31,,7181,,,0,70,,7182,,,0,30,,7183,,,0,71,,7184,,,0,31,,7185,,,0,70,,7186,,,0,30,,7187,,,0,70,,7188,,,0,30,,7189,,,0,70,,7190,,,0,30,,7191,,,0,70,,7192,,,0,30,,7193,,,0,70,,7194,,,0,30,,7195,,,0,70,,7196,,,0,30,,7197,,,0,70,,7198,,,0,30,,7199,,,0,70,,7200,,,0,30,,7201,,,0,70,,7202,,,0,30,,7203,,,0,70,,7204,,,0,30,,7205,,,0,70,,7206,,,0,30,,7207,,,0,71,,7208,,,0,30,,7209,,,0,70,,7210,,,0,111,,7211,,,0
70901,'LA-H26-LA_GTFS-Fête-1-02',610,,7212,,,0,30,,7213,,,0,70,,7214,,,0,30,,7215,,,0,70,,7216,,,0,15,,7217,,,0,31,,7218,,,0,70,,7219,,,0,30,,7220,,,0,71,,7221,,,0,31,,7222,,,0,70,,7223,,,0,30,,7224,,,0,70,,7225,,,0,30,,7226,,,0,70,,7227,,,0,30,,7228,,,0,70,,7229,,,0,30,,7230,,,0,70,,7231,,,0,30,,7232,,,0,70,,7233,,,0,30,,7234,,,0,70,,7235,,,0,30,,7236,,,0,70,,7237,,,0,30,,7238,,,0,70,,7239,,,0,30,,7240,,,0,70,,7241,,,0,30,,7242,,,0,70,,7243,,,0,30,,7244,,,0,71,,7245,,,0,30,,7246,,,0,70,,7247,,,0,111,,7248,,,0
70901,'LA-H26-LA_GTFS-Fête-2-02',442,,7253,,,0,70,,7298,,,0,20,,7250,,,0,10,,7249,,,0,10,,7251,,,0,50,,7252,,,0,20,,7254,,,0,10,,7255,,,0,10,,7256,,,0,65,,7257,,,0,12,,7258,,,0,11,,7259,,,0,10,,7260,,,0,10,,7261,,,0,50,,7262,,,0,20,,7263,,,0,10,,7264,,,0,15,,7265,,,0,55,,7267,,,0,15,,7304,,,0,15,,7266,,,0,70,,7268,,,0,15,,7269,,,0,22,,7270,,,0,70,,7271,,,0,15,,7272,,,0,15,,7273,,,0,15,,7274,,,0,55,,7307,,,0,15,,7275,,,0,85,,7276,,,0,15,,7277,,,0,15,,7278,,,0,70,,7299,,,0,30,,7300,,,0,70,,7301,,,0,16,,7302,,,0,16,,7303,,,0,87,,7280,,,0,16,,7279,,,0,68,,7281,,,0,15,,7282,,,0,10,,7283,,,0,14,,7284,,,0,55,,7305,,,0,13,,7306,,,0,14,,7285,,,0,19,,7286,,,0,55,,7287,,,0,15,,7288,,,0,23,,7289,,,0,70,,7290,,,0,15,,7291,,,0,19,,7292,,,0,79,,7293,,,0,29,,7294,,,0,85,,7295,,,0,100,,7296,,,0,108,,7297,,,0
70901,'LA-H26-LA_GTFS-Semaine-01',442,,7312,,,0,70,,7361,,,0,20,,7309,,,0,10,,7308,,,0,10,,7310,,,0,50,,7311,,,0,10,,7313,,,0,10,,7314,,,0,10,,7315,,,0,10,,7316,,,0,15,,7317,,,0,50,,7318,,,0,12,,7319,,,0,11,,7320,,,0,10,,7321,,,0,10,,7322,,,0,50,,7323,,,0,10,,7324,,,0,10,,7325,,,0,10,,7326,,,0,15,,7327,,,0,55,,7329,,,0,15,,7368,,,0,15,,7328,,,0,70,,7330,,,0,15,,7331,,,0,22,,7332,,,0,70,,7333,,,0,15,,7334,,,0,15,,7335,,,0,15,,7336,,,0,55,,7371,,,0,15,,7337,,,0,15,,7372,,,0,70,,7338,,,0,15,,7339,,,0,15,,7340,,,0,70,,7363,,,0,30,,7364,,,0,70,,7365,,,0,16,,7366,,,0,16,,7367,,,0,72,,7362,,,0,15,,7342,,,0,16,,7341,,,0,15,,7343,,,0,53,,7344,,,0,15,,7345,,,0,10,,7346,,,0,14,,7347,,,0,55,,7369,,,0,13,,7370,,,0,14,,7348,,,0,19,,7349,,,0,55,,7350,,,0,15,,7351,,,0,23,,7352,,,0,70,,7353,,,0,15,,7354,,,0,28,,7355,,,0,70,,7356,,,0,29,,7357,,,0,85,,7358,,,0,100,,7359,,,0,108,,7360,,,0
70901,'LA-H26-LA_GTFS-Semaine-50',442,,7377,,,0,70,,7426,,,0,20,,7374,,,0,10,,7373,,,0,10,,7375,,,0,50,,7376,,,0,10,,7378,,,0,10,,7379,,,0,10,,7380,,,0,10,,7381,,,0,15,,7382,,,0,50,,7383,,,0,12,,7384,,,0,11,,7385,,,0,10,,7386,,,0,10,,7387,,,0,50,,7388,,,0,10,,7389,,,0,10,,7390,,,0,10,,7391,,,0,15,,7392,,,0,55,,7394,,,0,15,,7433,,,0,15,,7393,,,0,70,,7395,,,0,15,,7396,,,0,22,,7397,,,0,70,,7398,,,0,15,,7399,,,0,15,,7400,,,0,15,,7401,,,0,55,,7436,,,0,15,,7402,,,0,15,,7437,,,0,70,,7403,,,0,15,,7404,,,0,15,,7405,,,0,70,,7428,,,0,30,,7429,,,0,70,,7430,,,0,16,,7431,,,0,16,,7432,,,0,72,,7427,,,0,15,,7407,,,0,16,,7406,,,0,15,,7408,,,0,53,,7409,,,0,15,,7410,,,0,10,,7411,,,0,14,,7412,,,0,55,,7434,,,0,13,,7435,,,0,14,,7413,,,0,19,,7414,,,0,55,,7415,,,0,15,,7416,,,0,23,,7417,,,0,70,,7418,,,0,15,,7419,,,0,28,,7420,,,0,70,,7421,,,0,29,,7422,,,0,85,,7423,,,0,100,,7424,,,0,108,,7425,,,0
70901,'LA-H26-LA_GTFS-Week-end-01',610,,7438,,,0,30,,7439,,,0,70,,7440,,,0,30,,7441,,,0,70,,7442,,,0,15,,7443,,,0,31,,7444,,,0,70,,7445,,,0,30,,7446,,,0,71,,7447,,,0,31,,7448,,,0,70,,7449,,,0,30,,7450,,,0,70,,7451,,,0,30,,7452,,,0,70,,7453,,,0,30,,7454,,,0,70,,7455,,,0,30,,7456,,,0,70,,7457,,,0,30,,7458,,,0,70,,7459,,,0,30,,7460,,,0,70,,7461,,,0,30,,7462,,,0,70,,7463,,,0,30,,7464,,,0,70,,7465,,,0,30,,7466,,,0,70,,7467,,,0,30,,7468,,,0,70,,7469,,,0,30,,7470,,,0,71,,7471,,,0,30,,7472,,,0,70,,7473,,,0,111,,7474,,,0
70901,'LA-H26-LA_GTFS-Week-end-50',610,,7475,,,0,30,,7476,,,0,70,,7477,,,0,30,,7478,,,0,70,,7479,,,0,15,,7480,,,0,31,,7481,,,0,70,,7482,,,0,30,,7483,,,0,71,,7484,,,0,31,,7485,,,0,70,,7486,,,0,30,,7487,,,0,70,,7488,,,0,30,,7489,,,0,70,,7490,,,0,30,,7491,,,0,70,,7492,,,0,30,,7493,,,0,70,,7494,,,0,30,,7495,,,0,70,,7496,,,0,30,,7497,,,0,70,,7498,,,0,30,,7499,,,0,70,,7500,,,0,30,,7501,,,0,70,,7502,,,0,30,,7503,,,0,70,,7504,,,0,30,,7505,,,0,70,,7506,,,0,30,,7507,,,0,71,,7508,,,0,30,,7509,,,0,70,,7510,,,0,111,,7511,,,0
