23101,'Fête-1-02',856,,21568,320,,,0,100,,21567,320,,,0,100,,21569,320,,,0,100,,21565,320,,,0,100,,21570,320,,,0,100,,21564,320,,,0,100,,21571,320,,,0,100,,21563,320,,,0,100,,21572,320,,,0,100,,21566,320,,,0,100,,21573,320,,,0,100,,21562,320,,,0,100,,21574,320,,,0,100,,21561,320,,,0
23101,'Semaine-02',630,,17923,320,,,0,24,,17924,320,,,0,77,,17925,320,,,0,27,,17926,320,,,0,74,,17927,320,,,0,96,,17928,320,,,0,100,,17929,320,,,0,100,,17930,320,,,0,100,,17931,320,,,0,100,,17932,320,,,0,101,,17933,320,,,0,100,,17934,320,,,0,88,,17935,320,,,0,32,,17936,320,,,0,67,,17937,320,,,0,27,,17938,320,,,0,72,,17939,320,,,0,27,,17940,320,,,0,85,,17941,320,,,0,100,,17942,320,,,0,103,,17943,320,,,0,100,,17944,320,,,0
23101,'Semaine-03',630,,21576,320,,,0,24,,21577,320,,,0,77,,21578,320,,,0,27,,21579,320,,,0,74,,21580,320,,,0,96,,21581,320,,,0,100,,21582,320,,,0,100,,21583,320,,,0,100,,21584,320,,,0,100,,21585,320,,,0,101,,21586,320,,,0,100,,21587,320,,,0,88,,21588,320,,,0,32,,21589,320,,,0,67,,21590,320,,,0,27,,21591,320,,,0,72,,21592,320,,,0,27,,21593,320,,,0,85,,21594,320,,,0,100,,21595,320,,,0,103,,21596,320,,,0,100,,21597,320,,,0
23101,'Week-end-01',856,,17953,320,,,0,100,,17952,320,,,0,100,,17954,320,,,0,100,,17950,320,,,0,100,,17955,320,,,0,100,,17949,320,,,0,100,,17956,320,,,0,100,,17948,320,,,0,100,,17957,320,,,0,100,,17951,320,,,0,100,,17958,320,,,0,100,,17947,320,,,0,100,,17959,320,,,0,100,,17946,320,,,0
23300,'Fête-1-02',849,,21641,220,,,0,200,,21643,220,,,0,199,,21639,220,,,0,201,,21644,220,,,0,200,,21642,220,,,0,198,,21640,220,,,0,200,,21637,220,,,0,200,,21638,220,0,8 41 1 42 43 44,0
23300,'Semaine-02',618,,18057,220,,,0,39,,18058,220,,,0,162,,18068,220,,,0,230,,18059,220,,,0,200,,18060,220,,,0,201,,18061,220,,,0,175,,18062,220,,,0,104,,18063,220,,,0,100,,18067,220,,,0,105,,18064,220,,,0,115,,18065,220,,,0,207,,18066,220,0,8 41 1 42 43 44,0
23300,'Semaine-03',618,,21645,220,,,0,39,,21646,220,,,0,162,,21656,220,,,0,230,,21647,220,,,0,200,,21648,220,,,0,201,,21649,220,,,0,175,,21650,220,,,0,104,,21651,220,,,0,100,,21655,220,,,0,105,,21652,220,,,0,115,,21653,220,,,0,207,,21654,220,0,8 41 1 42 43 44,0
23300,'Week-end-01',849,,18073,220,,,0,200,,18075,220,,,0,199,,18071,220,,,0,201,,18076,220,,,0,200,,18074,220,,,0,198,,18072,220,,,0,200,,18069,220,,,0,200,,18070,220,0,8 41 1 42 43 44,0
23400,'Fête-1-02',948,,21662,210,,,0,200,,21660,210,,,0,201,,21657,210,,,0,201,,21659,210,,,0,198,,21658,210,,,0,200,,21663,210,,,0,200,,21661,210,,,0
23400,'Semaine-02',638,,18099,210,,,0,106,,18112,210,,,0,103,,18100,210,,,0,102,,18101,210,,,0,200,,18102,210,,,0,201,,18103,210,,,0,201,,18104,210,,,0,108,,18105,210,,,0,100,,18106,210,,,0,98,,18111,210,,,0,91,,18107,210,,,0,200,,18108,210,,,0
23400,'Semaine-03',638,,21665,210,,,0,106,,21678,210,,,0,103,,21666,210,,,0,102,,21667,210,,,0,200,,21668,210,,,0,201,,21669,210,,,0,201,,21670,210,,,0,108,,21671,210,,,0,100,,21672,210,,,0,98,,21677,210,,,0,91,,21673,210,,,0,200,,21674,210,,,0
23400,'Week-end-01',948,,18118,210,,,0,200,,18116,210,,,0,201,,18113,210,,,0,201,,18115,210,,,0,198,,18114,210,,,0,200,,18119,210,,,0,200,,18117,210,,,0
