25001,'Semaine-03',543,,16114,200,,,0,64,,16115,200,,,0,29,,16116,200,,,0,21,,16117,200,,,0,85,,16118,200,,,0,62,,16119,200,,,0,34,,16120,200,,,0,72,,16121,200,,,0,37,,16122,200,,,0,59,,16123,200,,,0,100,,16124,200,,,0,103,,16125,200,,,0,100,,16126,200,,,0,102,,16127,200,,,0,115,,16128,200,,,0,24,,16129,200,,,0,75,,16130,200,,,0,26,,16131,200,,,0,70,,16132,200,,,0,28,,16133,200,,,0,82,,16134,200,,,0,88,,16135,200,,,0,107,,16136,200,,,0,94,,16137,200,,,0,101,,16138,200,,,0
25001,'Semaine-53',543,,13032,200,,,0,64,,13033,200,,,0,29,,13034,200,,,0,21,,13035,200,,,0,85,,13036,200,,,0,62,,13037,200,,,0,34,,13038,200,,,0,72,,13039,200,,,0,37,,13040,200,,,0,59,,13041,200,,,0,100,,13042,200,,,0,103,,13043,200,,,0,100,,13044,200,,,0,102,,13045,200,,,0,115,,13046,200,,,0,24,,13047,200,,,0,75,,13048,200,,,0,26,,13049,200,,,0,70,,13050,200,,,0,28,,13051,200,,,0,82,,13052,200,,,0,88,,13053,200,,,0,107,,13054,200,,,0,94,,13055,200,,,0,101,,13056,200,,,0
25001,'Week-end-03',718,,16157,200,,,0,99,,16141,200,,,0,30,,16144,200,,,0,99,,16151,200,,,0,70,,16152,200,,,0,101,,16143,200,,,0,30,,16146,200,,,0,100,,16154,200,,,0,70,,16155,200,,,0,100,,16142,200,,,0,29,,16153,200,,,0,100,,16145,200,,,0,71,,16150,200,,,0,101,,16156,200,,,0,30,,16147,200,,,0,100,,16148,200,,,0,70,,16140,200,,,0,101,,16149,200,,,0,30,,16158,200,,,0,101,,16139,200,,,0,70,,16159,200,,,0
25001,'Week-end-53',718,,13075,200,,,0,99,,13059,200,,,0,30,,13062,200,,,0,99,,13069,200,,,0,70,,13070,200,,,0,101,,13061,200,,,0,30,,13064,200,,,0,100,,13072,200,,,0,70,,13073,200,,,0,100,,13060,200,,,0,29,,13071,200,,,0,100,,13063,200,,,0,71,,13068,200,,,0,101,,13074,200,,,0,30,,13065,200,,,0,100,,13066,200,,,0,70,,13058,200,,,0,101,,13067,200,,,0,30,,13076,200,,,0,101,,13057,200,,,0,70,,13077,200,,,0
31700,'Semaine-03',654,,16711,160,0,11 23,0,70,,16712,160,0,11 23,0,110,,16713,160,0,11 23,0,290,,16714,160,0,11 23,0,300,,16715,160,0,11 23,0
31700,'Semaine-53',654,,13842,160,0,11 23,0,70,,13843,160,0,11 23,0,110,,13844,160,0,11 23,0,290,,13845,160,0,11 23,0,300,,13846,160,0,11 23,0
31701,'Semaine-03',1234,,16718,170,,,0,270,,16723,170,,,0,100,,16719,170,,,0,130,,16720,170,,,0,100,,16721,170,,,0,475,,16722,170,,,0
31701,'Semaine-53',1234,,13850,170,,,0,270,,13855,170,,,0,100,,13851,170,,,0,130,,13852,170,,,0,100,,13853,170,,,0,475,,13854,170,,,0
51401,'Semaine-03',533,,16742,200,,,0,95,,16743,200,,,0,74,,16744,200,,,0
51401,'Semaine-53',533,,14194,200,,,0,95,,14195,200,,,0,74,,14196,200,,,0
