22600,'Fête-1-02',814,,21399,410,,,0,201,,21393,410,,,0,205,,21394,410,,,0,198,,21395,410,,,0,199,,21396,410,,,0,200,,21400,410,0,6 7,0,199,,21397,410,,,0
22600,'Semaine-02',523,,17603,250,0,6 7,0,30,,17604,250,0,6 7,0,80,,17581,410,,,0,70,,17582,410,,,0,36,,17583,410,,,0,81,,17584,410,,,0,80,,17585,410,,,0,50,,17586,410,,,0,100,,17587,410,,,0,100,,17588,410,,,0,100,,17589,410,,,0,101,,17590,410,,,0,100,,17591,410,,,0,100,,17592,410,,,0,100,,17593,410,,,0,80,,17594,410,,,0,78,,17595,410,,,0,40,,17596,410,,,0,70,,17597,410,,,0,30,,17598,410,,,0,98,,17599,410,,,0,98,,17600,410,,,0,100,,17601,410,,,0,98,,17602,410,,,0
22600,'Semaine-03',523,,21423,250,0,6 7,0,30,,21424,250,0,6 7,0,80,,21401,410,,,0,70,,21402,410,,,0,36,,21403,410,,,0,81,,21404,410,,,0,80,,21405,410,,,0,50,,21406,410,,,0,100,,21407,410,,,0,100,,21408,410,,,0,100,,21409,410,,,0,101,,21410,410,,,0,100,,21411,410,,,0,100,,21412,410,,,0,100,,21413,410,,,0,80,,21414,410,,,0,78,,21415,410,,,0,40,,21416,410,,,0,70,,21417,410,,,0,30,,21418,410,,,0,98,,21419,410,,,0,98,,21420,410,,,0,100,,21421,410,,,0,98,,21422,410,,,0
22600,'Week-end-01',814,,17611,410,,,0,201,,17605,410,,,0,205,,17606,410,,,0,198,,17607,410,,,0,199,,17608,410,,,0,200,,17612,410,,,0,199,,17609,410,,,0
22800,'Fête-1-02',826,,21463,480,,,0,200,,21460,480,,,0,200,,21461,480,,,0,200,,21456,480,,,0,200,,21458,480,,,0,200,,21462,480,,,0,200,,21459,480,,,0
22800,'Semaine-02',547,,17707,180,0,6 7,0,70,,17730,180,0,6 7,0,24,,17708,480,,,0,76,,17709,480,,,0,35,,17710,480,,,0,80,,17711,480,,,0,80,,17712,480,,,0,44,,17713,480,,,0,100,,17714,480,,,0,100,,17715,480,,,0,100,,17716,480,,,0,100,,17717,480,,,0,100,,17718,480,,,0,100,,17719,480,,,0,146,,17720,480,,,0,40,,17721,480,,,0,80,,17722,480,,,0,80,,17723,480,,,0,24,,17724,480,,,0,30,,17725,480,,,0,100,,17726,480,,,0,100,,17727,480,,,0,100,,17728,480,,,0
22800,'Semaine-03',547,,21464,180,0,6 7,0,70,,21487,180,0,6 7,0,24,,21465,480,,,0,76,,21466,480,,,0,35,,21467,480,,,0,80,,21468,480,,,0,80,,21469,480,,,0,44,,21470,480,,,0,100,,21471,480,,,0,100,,21472,480,,,0,100,,21473,480,,,0,100,,21474,480,,,0,100,,21475,480,,,0,100,,21476,480,,,0,146,,21477,480,,,0,40,,21478,480,,,0,80,,21479,480,,,0,80,,21480,480,,,0,24,,21481,480,,,0,30,,21482,480,,,0,100,,21483,480,,,0,100,,21484,480,,,0,100,,21485,480,,,0
22800,'Week-end-01',826,,17738,480,,,0,200,,17735,480,,,0,200,,17736,480,,,0,200,,17731,480,,,0,200,,17733,480,,,0,200,,17737,480,,,0,200,,17734,480,,,0
70801,'Fête-1-02',632,,23004,120,,,0,98,,23020,120,,,0,74,,23005,120,,,0,100,,23006,120,,,0,51,,23007,120,,,0,100,,23008,120,,,0,100,,23009,120,,,0,100,,23010,120,,,0,100,,23011,120,,,0,100,,23012,120,,,0,100,,23013,120,,,0,100,,23014,120,,,0,100,,23015,120,,,0,100,,23016,120,,,0,102,,23017,120,,,0,100,,23018,120,,,0,100,,23019,120,,,0,80,,23002,120,,,0,118,,23003,120,,,0
70801,'Semaine-02',442,,20819,120,,,0,69,,20820,120,,,0,45,,20821,120,,,0,70,,20822,120,,,0,30,,20823,120,,,0,70,,20824,120,,,0,30,,20825,120,,,0,70,,20826,120,,,0,30,,20827,120,,,0,100,,20828,120,,,0,100,,20829,120,,,0,100,,20830,120,,,0,100,,20831,120,,,0,100,,20832,120,,,0,100,,20833,120,,,0,100,,20834,120,,,0,70,,20835,120,,,0,30,,20836,120,,,0,70,,20837,120,,,0,30,,20838,120,,,0,70,,20839,120,,,0,30,,20840,120,,,0,100,,20841,120,,,0,100,,20842,120,,,0,100,,20843,120,,,0,100,,20844,120,,,0,96,,20845,120,,,0,100,,20851,120,,,0
70801,'Semaine-03',442,,23021,120,,,0,69,,23022,120,,,0,45,,23023,120,,,0,70,,23024,120,,,0,30,,23025,120,,,0,70,,23026,120,,,0,30,,23027,120,,,0,70,,23028,120,,,0,30,,23029,120,,,0,100,,23030,120,,,0,100,,23031,120,,,0,100,,23032,120,,,0,100,,23033,120,,,0,100,,23034,120,,,0,100,,23035,120,,,0,100,,23036,120,,,0,70,,23037,120,,,0,30,,23038,120,,,0,70,,23039,120,,,0,30,,23040,120,,,0,70,,23041,120,,,0,30,,23042,120,,,0,100,,23043,120,,,0,100,,23044,120,,,0,100,,23045,120,,,0,100,,23046,120,,,0,96,,23047,120,,,0,100,,23053,120,,,0
70801,'Week-end-01',632,,20854,120,,,0,98,,20870,120,,,0,74,,20855,120,,,0,100,,20856,120,,,0,51,,20857,120,,,0,100,,20858,120,,,0,100,,20859,120,,,0,100,,20860,120,,,0,100,,20861,120,,,0,100,,20862,120,,,0,100,,20863,120,,,0,100,,20864,120,,,0,100,,20865,120,,,0,100,,20866,120,,,0,102,,20867,120,,,0,100,,20868,120,,,0,100,,20869,120,,,0,80,,20852,120,,,0,118,,20853,120,,,0
