22501,'Fête-1-01',907,,334,,,0,200,,335,,,0,200,,336,,,0,200,,337,,,0,200,,338,,,0,200,,339,,,0,200,,340,,,0
22501,'Fête-1-02',907,,341,,,0,200,,342,,,0,200,,343,,,0,200,,344,,,0,200,,345,,,0,200,,346,,,0,200,,347,,,0
22501,'Fête-2-02',607,,349,,,0,30,,350,,,0,72,,351,,,0,30,,352,,,0,70,,353,,,0,98,,354,,,0,100,,355,,,0,100,,356,,,0,100,,357,,,0,100,,358,,,0,100,,359,,,0,100,,360,,,0,101,,361,,,0,45,,362,,,0,70,,363,,,0,30,,364,,,0,70,,365,,,0,29,,366,,,0,70,,367,,,0,85,,368,,,0,100,,369,,,0,100,,370,,,0
22501,'Semaine-01',607,,372,,,0,30,,373,,,0,72,,374,,,0,30,,375,,,0,70,,376,,,0,98,,377,,,0,100,,378,,,0,100,,379,,,0,100,,380,,,0,100,,381,,,0,100,,382,,,0,100,,383,,,0,101,,384,,,0,45,,385,,,0,70,,386,,,0,30,,387,,,0,70,,388,,,0,29,,389,,,0,70,,390,,,0,85,,391,,,0,100,,392,,,0,100,,393,,,0
22501,'Semaine-50',607,,395,,,0,30,,396,,,0,72,,397,,,0,30,,398,,,0,70,,399,,,0,98,,400,,,0,100,,401,,,0,100,,402,,,0,100,,403,,,0,100,,404,,,0,100,,405,,,0,100,,406,,,0,101,,407,,,0,45,,408,,,0,70,,409,,,0,30,,410,,,0,70,,411,,,0,29,,412,,,0,70,,413,,,0,85,,414,,,0,100,,415,,,0,100,,416,,,0
22501,'Week-end-01',907,,417,,,0,200,,418,,,0,200,,419,,,0,200,,420,,,0,200,,421,,,0,200,,422,,,0,200,,423,,,0
22501,'Week-end-50',907,,424,,,0,200,,425,,,0,200,,426,,,0,200,,427,,,0,200,,428,,,0,200,,429,,,0,200,,430,,,0
70800,'Fête-1-01',734,,6444,,,0,102,,6445,,,0,93,,6446,,,0,100,,6447,,,0,100,,6448,,,0,100,,6449,,,0,100,,6450,,,0,100,,6451,,,0,100,,6452,,,0,100,,6453,,,0,100,,6454,,,0,100,,6455,,,0,100,,6456,,,0,97,,6457,,,0,103,,6458,,,0,80,,6459,,,0,43,,6460,,,0,80,,6442,,,0,117,,6443,,,0
70800,'Fête-1-02',734,,6463,,,0,102,,6464,,,0,93,,6465,,,0,100,,6466,,,0,100,,6467,,,0,100,,6468,,,0,100,,6469,,,0,100,,6470,,,0,100,,6471,,,0,100,,6472,,,0,100,,6473,,,0,100,,6474,,,0,100,,6475,,,0,97,,6476,,,0,103,,6477,,,0,80,,6478,,,0,43,,6479,,,0,80,,6461,,,0,117,,6462,,,0
70800,'Fête-2-02',557,,6480,,,0,70,,6481,,,0,30,,6482,,,0,70,,6483,,,0,30,,6484,,,0,55,,6485,,,0,17,,6486,,,0,30,,6487,,,0,71,,6488,,,0,99,,6489,,,0,30,,6490,,,0,70,,6491,,,0,100,,6492,,,0,100,,6493,,,0,100,,6494,,,0,100,,6495,,,0,75,,6496,,,0,23,,6497,,,0,7,,6498,,,0,23,,6499,,,0,47,,6500,,,0,23,,6501,,,0,7,,6502,,,0,23,,6503,,,0,47,,6504,,,0,23,,6505,,,0,3,,6506,,,0,27,,6507,,,0,70,,6508,,,0,30,,6509,,,0,70,,6510,,,0,100,,6511,,,0,90,,6512,,,0,89,,6513,,,0,52,,6514,,,0,100,,6515,,,0,100,,6516,,,0
70800,'Semaine-01',557,,6517,,,0,70,,6518,,,0,30,,6519,,,0,70,,6520,,,0,30,,6521,,,0,55,,6522,,,0,17,,6523,,,0,30,,6524,,,0,71,,6525,,,0,29,,6526,,,0,70,,6527,,,0,30,,6528,,,0,70,,6529,,,0,30,,6530,,,0,70,,6531,,,0,30,,6532,,,0,70,,6533,,,0,30,,6534,,,0,70,,6535,,,0,30,,6536,,,0,70,,6537,,,0,28,,6538,,,0,47,,6539,,,0,23,,6540,,,0,7,,6541,,,0,23,,6542,,,0,47,,6543,,,0,23,,6544,,,0,7,,6545,,,0,23,,6546,,,0,47,,6547,,,0,23,,6548,,,0,3,,6549,,,0,27,,6550,,,0,70,,6551,,,0,30,,6552,,,0,70,,6553,,,0,30,,6554,,,0,70,,6555,,,0,20,,6556,,,0,70,,6557,,,0,89,,6558,,,0,52,,6559,,,0,100,,6560,,,0,100,,6561,,,0
70800,'Semaine-50',557,,6562,,,0,70,,6563,,,0,30,,6564,,,0,70,,6565,,,0,30,,6566,,,0,55,,6567,,,0,17,,6568,,,0,30,,6569,,,0,71,,6570,,,0,29,,6571,,,0,70,,6572,,,0,30,,6573,,,0,70,,6574,,,0,30,,6575,,,0,70,,6576,,,0,30,,6577,,,0,70,,6578,,,0,30,,6579,,,0,70,,6580,,,0,30,,6581,,,0,70,,6582,,,0,28,,6583,,,0,47,,6584,,,0,23,,6585,,,0,7,,6586,,,0,23,,6587,,,0,47,,6588,,,0,23,,6589,,,0,7,,6590,,,0,23,,6591,,,0,47,,6592,,,0,23,,6593,,,0,3,,6594,,,0,27,,6595,,,0,70,,6596,,,0,30,,6597,,,0,70,,6598,,,0,30,,6599,,,0,70,,6600,,,0,20,,6601,,,0,70,,6602,,,0,89,,6603,,,0,52,,6604,,,0,100,,6605,,,0,100,,6606,,,0
70800,'Week-end-01',734,,6609,,,0,102,,6610,,,0,93,,6611,,,0,100,,6612,,,0,100,,6613,,,0,100,,6614,,,0,100,,6615,,,0,100,,6616,,,0,100,,6617,,,0,100,,6618,,,0,100,,6619,,,0,100,,6620,,,0,100,,6621,,,0,97,,6622,,,0,103,,6623,,,0,80,,6624,,,0,43,,6625,,,0,80,,6607,,,0,117,,6608,,,0
70800,'Week-end-50',734,,6628,,,0,102,,6629,,,0,93,,6630,,,0,100,,6631,,,0,100,,6632,,,0,100,,6633,,,0,100,,6634,,,0,100,,6635,,,0,100,,6636,,,0,100,,6637,,,0,100,,6638,,,0,100,,6639,,,0,100,,6640,,,0,97,,6641,,,0,103,,6642,,,0,80,,6643,,,0,43,,6644,,,0,80,,6626,,,0,117,,6627,,,0
