24201,'LA-H26-LA_GTFS-Fête-1-01',718,,2347,,,0,100,,2348,,,0,100,,2349,,,0,100,,2350,,,0,100,,2351,,,0,100,,2352,,,0,100,,2353,,,0,100,,2354,,,0,100,,2355,,,0,100,,2356,,,0,100,,2357,,,0,100,,2358,,,0,100,,2359,,,0,100,,2360,,,0,100,,2361,,,0,100,,2362,,,0
24201,'LA-H26-LA_GTFS-Fête-1-02',718,,2363,,,0,100,,2364,,,0,100,,2365,,,0,100,,2366,,,0,100,,2367,,,0,100,,2368,,,0,100,,2369,,,0,100,,2370,,,0,100,,2371,,,0,100,,2372,,,0,100,,2373,,,0,100,,2374,,,0,100,,2375,,,0,100,,2376,,,0,100,,2377,,,0,100,,2378,,,0
24201,'LA-H26-LA_GTFS-Fête-2-02',600,,2379,,,0,35,,2380,,,0,79,,2381,,,0,35,,2382,,,0,76,,2383,,,0,78,,2384,,,0,110,,2385,,,0,100,,2386,,,0,100,,2387,,,0,100,,2388,,,0,100,,2389,,,0,107,,2390,,,0,88,,2391,,,0,29,,2392,,,0,90,,2393,,,0,32,,2394,,,0,81,,2395,,,0,83,,2396,,,0,100,,2397,,,0,100,,2398,,,0,100,,2399,,,0
24201,'LA-H26-LA_GTFS-Semaine-01',600,,2400,,,0,35,,2401,,,0,79,,2402,,,0,35,,2403,,,0,76,,2404,,,0,78,,2405,,,0,110,,2406,,,0,100,,2407,,,0,100,,2408,,,0,100,,2409,,,0,100,,2410,,,0,107,,2411,,,0,88,,2412,,,0,29,,2413,,,0,90,,2414,,,0,32,,2415,,,0,81,,2416,,,0,83,,2417,,,0,100,,2418,,,0,100,,2419,,,0,100,,2420,,,0
24201,'LA-H26-LA_GTFS-Semaine-50',600,,2421,,,0,35,,2422,,,0,79,,2423,,,0,35,,2424,,,0,76,,2425,,,0,78,,2426,,,0,110,,2427,,,0,100,,2428,,,0,100,,2429,,,0,100,,2430,,,0,100,,2431,,,0,107,,2432,,,0,88,,2433,,,0,29,,2434,,,0,90,,2435,,,0,32,,2436,,,0,81,,2437,,,0,83,,2438,,,0,100,,2439,,,0,100,,2440,,,0,100,,2441,,,0
24201,'LA-H26-LA_GTFS-Week-end-01',718,,2442,,,0,100,,2443,,,0,100,,2444,,,0,100,,2445,,,0,100,,2446,,,0,100,,2447,,,0,100,,2448,,,0,100,,2449,,,0,100,,2450,,,0,100,,2451,,,0,100,,2452,,,0,100,,2453,,,0,100,,2454,,,0,100,,2455,,,0,100,,2456,,,0,100,,2457,,,0
24201,'LA-H26-LA_GTFS-Week-end-50',718,,2458,,,0,100,,2459,,,0,100,,2460,,,0,100,,2461,,,0,100,,2462,,,0,100,,2463,,,0,100,,2464,,,0,100,,2465,,,0,100,,2466,,,0,100,,2467,,,0,100,,2468,,,0,100,,2469,,,0,100,,2470,,,0,100,,2471,,,0,100,,2472,,,0,100,,2473,,,0
60001,'LA-H26-LA_GTFS-Fête-1-01',809,,5957,,,0,100,,5956,,,0,100,,5954,,,0,100,,5955,,,0,100,,5952,,,0,100,,5953,,,0,100,,5949,,,0,100,,5950,,,0,100,,5951,,,0,100,,5948,,,0,100,,5945,,,0,100,,5946,,,0,100,,5947,,,0,100,,5943,,,0,49,,5944,,,0,185,,5942,,,0
60001,'LA-H26-LA_GTFS-Fête-1-02',809,,5973,,,0,100,,5972,,,0,100,,5970,,,0,100,,5971,,,0,100,,5968,,,0,100,,5969,,,0,100,,5965,,,0,100,,5966,,,0,100,,5967,,,0,100,,5964,,,0,100,,5961,,,0,100,,5962,,,0,100,,5963,,,0,100,,5959,,,0,49,,5960,,,0,185,,5958,,,0
60001,'LA-H26-LA_GTFS-Fête-2-02',636,,5998,,,0,94,,5974,,,0,72,,5975,,,0,100,,5976,,,0,100,,5977,,,0,98,,5978,,,0,100,,5979,,,0,100,,5980,,,0,100,,5981,,,0,100,,5982,,,0,31,,5983,,,0,70,,5984,,,0,30,,5985,,,0,70,,5986,,,0,30,,5987,,,0,70,,5988,,,0,100,,5989,,,0,58,,5990,,,0,100,,5991,,,0,100,,5992,,,0,100,,5993,,,0,100,,5994,,,0
60001,'LA-H26-LA_GTFS-Semaine-01',636,,6027,,,0,64,,5999,,,0,30,,6000,,,0,72,,6001,,,0,100,,6002,,,0,100,,6003,,,0,98,,6004,,,0,100,,6005,,,0,30,,6006,,,0,100,,6007,,,0,70,,6008,,,0,30,,6009,,,0,70,,6010,,,0,31,,6011,,,0,70,,6012,,,0,30,,6013,,,0,70,,6014,,,0,30,,6015,,,0,70,,6016,,,0,30,,6017,,,0,70,,6018,,,0,58,,6019,,,0,100,,6020,,,0,100,,6021,,,0,100,,6022,,,0,100,,6023,,,0
60001,'LA-H26-LA_GTFS-Semaine-50',636,,6056,,,0,64,,6028,,,0,30,,6029,,,0,72,,6030,,,0,100,,6031,,,0,100,,6032,,,0,98,,6033,,,0,100,,6034,,,0,30,,6035,,,0,100,,6036,,,0,70,,6037,,,0,30,,6038,,,0,70,,6039,,,0,31,,6040,,,0,70,,6041,,,0,30,,6042,,,0,70,,6043,,,0,30,,6044,,,0,70,,6045,,,0,30,,6046,,,0,70,,6047,,,0,58,,6048,,,0,100,,6049,,,0,100,,6050,,,0,100,,6051,,,0,100,,6052,,,0
60001,'LA-H26-LA_GTFS-Week-end-01',809,,6072,,,0,100,,6071,,,0,100,,6069,,,0,100,,6070,,,0,100,,6067,,,0,100,,6068,,,0,100,,6064,,,0,100,,6065,,,0,100,,6066,,,0,100,,6063,,,0,100,,6060,,,0,100,,6061,,,0,100,,6062,,,0,100,,6058,,,0,49,,6059,,,0,185,,6057,,,0
60001,'LA-H26-LA_GTFS-Week-end-50',809,,6088,,,0,100,,6087,,,0,100,,6085,,,0,100,,6086,,,0,100,,6083,,,0,100,,6084,,,0,100,,6080,,,0,100,,6081,,,0,100,,6082,,,0,100,,6079,,,0,100,,6076,,,0,100,,6077,,,0,100,,6078,,,0,100,,6074,,,0,49,,6075,,,0,185,,6073,,,0
