25000,'LA-H26-LA_GTFS-Fête-1-01',805,,3001,,,0,100,,2999,,,0,30,,3002,,,0,100,,3003,,,0,70,,3004,,,0,100,,3000,,,0,30,,3017,,,0,100,,3012,,,0,70,,3015,,,0,100,,3018,,,0,30,,3009,,,0,100,,3008,,,0,70,,3010,,,0,100,,3011,,,0,30,,3016,,,0,100,,3006,,,0,70,,3019,,,0,100,,3013,,,0,30,,3005,,,0,100,,3014,,,0,70,,3007,,,0
25000,'LA-H26-LA_GTFS-Fête-1-02',805,,3022,,,0,100,,3020,,,0,30,,3023,,,0,100,,3024,,,0,70,,3025,,,0,100,,3021,,,0,30,,3038,,,0,100,,3033,,,0,70,,3036,,,0,100,,3039,,,0,30,,3030,,,0,100,,3029,,,0,70,,3031,,,0,100,,3032,,,0,30,,3037,,,0,100,,3027,,,0,70,,3040,,,0,100,,3034,,,0,30,,3026,,,0,100,,3035,,,0,70,,3028,,,0
25000,'LA-H26-LA_GTFS-Fête-2-02',634,,3041,,,0,23,,3042,,,0,72,,3043,,,0,25,,3044,,,0,81,,3045,,,0,165,,3046,,,0,100,,3047,,,0,100,,3048,,,0,100,,3049,,,0,100,,3050,,,0,105,,3051,,,0,40,,3052,,,0,73,,3053,,,0,95,,3054,,,0,30,,3055,,,0,72,,3056,,,0,35,,3057,,,0,60,,3058,,,0,100,,3059,,,0,100,,3060,,,0,100,,3061,,,0,100,,3062,,,0
25000,'LA-H26-LA_GTFS-Semaine-01',634,,3063,,,0,23,,3064,,,0,72,,3065,,,0,25,,3066,,,0,81,,3067,,,0,65,,3068,,,0,100,,3069,,,0,100,,3070,,,0,100,,3071,,,0,100,,3072,,,0,100,,3073,,,0,105,,3074,,,0,40,,3075,,,0,73,,3076,,,0,27,,3078,,,0,68,,3077,,,0,30,,3079,,,0,72,,3080,,,0,35,,3081,,,0,60,,3082,,,0,100,,3083,,,0,100,,3084,,,0,100,,3085,,,0,100,,3086,,,0
25000,'LA-H26-LA_GTFS-Semaine-50',634,,3087,,,0,23,,3088,,,0,72,,3089,,,0,25,,3090,,,0,81,,3091,,,0,65,,3092,,,0,100,,3093,,,0,100,,3094,,,0,100,,3095,,,0,100,,3096,,,0,100,,3097,,,0,105,,3098,,,0,40,,3099,,,0,73,,3100,,,0,27,,3102,,,0,68,,3101,,,0,30,,3103,,,0,72,,3104,,,0,35,,3105,,,0,60,,3106,,,0,100,,3107,,,0,100,,3108,,,0,100,,3109,,,0,100,,3110,,,0
25000,'LA-H26-LA_GTFS-Week-end-01',805,,3113,,,0,100,,3111,,,0,30,,3114,,,0,100,,3115,,,0,70,,3116,,,0,100,,3112,,,0,30,,3129,,,0,100,,3124,,,0,70,,3127,,,0,100,,3130,,,0,30,,3121,,,0,100,,3120,,,0,70,,3122,,,0,100,,3123,,,0,30,,3128,,,0,100,,3118,,,0,70,,3131,,,0,100,,3125,,,0,30,,3117,,,0,100,,3126,,,0,70,,3119,,,0
25000,'LA-H26-LA_GTFS-Week-end-50',805,,3134,,,0,100,,3132,,,0,30,,3135,,,0,100,,3136,,,0,70,,3137,,,0,100,,3133,,,0,30,,3150,,,0,100,,3145,,,0,70,,3148,,,0,100,,3151,,,0,30,,3142,,,0,100,,3141,,,0,70,,3143,,,0,100,,3144,,,0,30,,3149,,,0,100,,3139,,,0,70,,3152,,,0,100,,3146,,,0,30,,3138,,,0,100,,3147,,,0,70,,3140,,,0
25001,'LA-H26-LA_GTFS-Fête-1-01',757,,3171,4,,0,100,,3155,4,,0,70,,3158,4,,0,100,,3165,4,,0,30,,3166,4,,0,100,,3157,4,,0,70,,3160,4,,0,100,,3168,4,,0,30,,3169,4,,0,100,,3156,4,,0,70,,3167,4,,0,100,,3159,4,,0,30,,3164,4,,0,100,,3170,4,,0,70,,3161,4,,0,100,,3162,4,,0,30,,3154,4,,0,100,,3163,4,,0,70,,3172,4,,0,100,,3153,4,,0,30,,3173,4,,0
25001,'LA-H26-LA_GTFS-Fête-1-02',757,,3192,4,,0,100,,3176,4,,0,70,,3179,4,,0,100,,3186,4,,0,30,,3187,4,,0,100,,3178,4,,0,70,,3181,4,,0,100,,3189,4,,0,30,,3190,4,,0,100,,3177,4,,0,70,,3188,4,,0,100,,3180,4,,0,30,,3185,4,,0,100,,3191,4,,0,70,,3182,4,,0,100,,3183,4,,0,30,,3175,4,,0,100,,3184,4,,0,70,,3193,4,,0,100,,3174,4,,0,30,,3194,4,,0
25001,'LA-H26-LA_GTFS-Fête-2-02',626,,3195,4,,0,25,,3196,4,,0,73,,3197,4,,0,22,,3198,4,,0,84,,3199,4,,0,95,,3200,4,,0,28,,3201,4,,0,95,,3202,4,,0,100,,3203,4,,0,102,,3204,4,,0,101,,3205,4,,0,102,,3206,4,,0,155,,3207,4,,0,100,,3208,4,,0,29,,3209,4,,0,70,,3210,4,,0,28,,3211,4,,0,70,,3212,4,,0,97,,3213,4,,0,103,,3214,4,,0,99,,3215,4,,0,99,,3216,4,,0
25001,'LA-H26-LA_GTFS-Semaine-01',626,,3217,4,,0,25,,3218,4,,0,73,,3219,4,,0,22,,3220,4,,0,84,,3221,4,,0,23,,3222,4,,0,72,,3223,4,,0,28,,3224,4,,0,76,,3225,4,,0,19,,3226,4,,0,100,,3227,4,,0,102,,3228,4,,0,101,,3229,4,,0,102,,3230,4,,0,155,,3231,4,,0,27,,3232,4,,0,73,,3233,4,,0,29,,3234,4,,0,70,,3235,4,,0,28,,3236,4,,0,70,,3237,4,,0,97,,3238,4,,0,103,,3239,4,,0,99,,3240,4,,0,99,,3241,4,,0
25001,'LA-H26-LA_GTFS-Semaine-50',626,,3242,4,,0,25,,3243,4,,0,73,,3244,4,,0,22,,3245,4,,0,84,,3246,4,,0,23,,3247,4,,0,72,,3248,4,,0,28,,3249,4,,0,76,,3250,4,,0,19,,3251,4,,0,100,,3252,4,,0,102,,3253,4,,0,101,,3254,4,,0,102,,3255,4,,0,155,,3256,4,,0,27,,3257,4,,0,73,,3258,4,,0,29,,3259,4,,0,70,,3260,4,,0,28,,3261,4,,0,70,,3262,4,,0,97,,3263,4,,0,103,,3264,4,,0,99,,3265,4,,0,99,,3266,4,,0
25001,'LA-H26-LA_GTFS-Week-end-01',757,,3285,4,,0,100,,3269,4,,0,70,,3272,4,,0,100,,3279,4,,0,30,,3280,4,,0,100,,3271,4,,0,70,,3274,4,,0,100,,3282,4,,0,30,,3283,4,,0,100,,3270,4,,0,70,,3281,4,,0,100,,3273,4,,0,30,,3278,4,,0,100,,3284,4,,0,70,,3275,4,,0,100,,3276,4,,0,30,,3268,4,,0,100,,3277,4,,0,70,,3286,4,,0,100,,3267,4,,0,30,,3287,4,,0
25001,'LA-H26-LA_GTFS-Week-end-50',757,,3306,4,,0,100,,3290,4,,0,70,,3293,4,,0,100,,3300,4,,0,30,,3301,4,,0,100,,3292,4,,0,70,,3295,4,,0,100,,3303,4,,0,30,,3304,4,,0,100,,3291,4,,0,70,,3302,4,,0,100,,3294,4,,0,30,,3299,4,,0,100,,3305,4,,0,70,,3296,4,,0,100,,3297,4,,0,30,,3289,4,,0,100,,3298,4,,0,70,,3307,4,,0,100,,3288,4,,0,30,,3308,4,,0
