22600,'Fête-1-02',815,,21399,430,,,0,201,,21393,430,,,0,205,,21394,430,,,0,198,,21395,430,,,0,199,,21396,430,,,0,200,,21400,430,0,6 7,0,199,,21397,430,,,0
22600,'Semaine-02',524,,17603,270,0,6 7,0,30,,17604,270,0,6 7,0,80,,17581,430,,,0,70,,17582,430,,,0,36,,17583,430,,,0,81,,17584,430,,,0,80,,17585,430,,,0,50,,17586,430,,,0,100,,17587,430,,,0,100,,17588,430,,,0,100,,17589,430,,,0,101,,17590,430,,,0,100,,17591,430,,,0,100,,17592,430,,,0,100,,17593,430,,,0,80,,17594,430,,,0,78,,17595,430,,,0,40,,17596,430,,,0,70,,17597,430,,,0,30,,17598,430,,,0,98,,17599,430,,,0,98,,17600,430,,,0,100,,17601,430,,,0,98,,17602,430,,,0
22600,'Semaine-03',524,,21423,270,0,6 7,0,30,,21424,270,0,6 7,0,80,,21401,430,,,0,70,,21402,430,,,0,36,,21403,430,,,0,81,,21404,430,,,0,80,,21405,430,,,0,50,,21406,430,,,0,100,,21407,430,,,0,100,,21408,430,,,0,100,,21409,430,,,0,101,,21410,430,,,0,100,,21411,430,,,0,100,,21412,430,,,0,100,,21413,430,,,0,80,,21414,430,,,0,78,,21415,430,,,0,40,,21416,430,,,0,70,,21417,430,,,0,30,,21418,430,,,0,98,,21419,430,,,0,98,,21420,430,,,0,100,,21421,430,,,0,98,,21422,430,,,0
22600,'Week-end-01',815,,17611,430,,,0,201,,17605,430,,,0,205,,17606,430,,,0,198,,17607,430,,,0,199,,17608,430,,,0,200,,17612,430,,,0,199,,17609,430,,,0
22800,'Fête-1-02',827,,21463,500,,,0,200,,21460,500,,,0,200,,21461,500,,,0,200,,21456,500,,,0,200,,21458,500,,,0,200,,21462,500,,,0,200,,21459,500,,,0
22800,'Semaine-02',548,,17707,200,0,6 7,0,70,,17730,200,0,6 7,0,24,,17708,500,,,0,76,,17709,500,,,0,35,,17710,500,,,0,80,,17711,500,,,0,80,,17712,500,,,0,44,,17713,500,,,0,100,,17714,500,,,0,100,,17715,500,,,0,100,,17716,500,,,0,100,,17717,500,,,0,100,,17718,500,,,0,100,,17719,500,,,0,146,,17720,500,,,0,40,,17721,500,,,0,80,,17722,500,,,0,80,,17723,500,,,0,24,,17724,500,,,0,30,,17725,500,,,0,100,,17726,500,,,0,100,,17727,500,,,0,100,,17728,500,,,0
22800,'Semaine-03',548,,21464,200,0,6 7,0,70,,21487,200,0,6 7,0,24,,21465,500,,,0,76,,21466,500,,,0,35,,21467,500,,,0,80,,21468,500,,,0,80,,21469,500,,,0,44,,21470,500,,,0,100,,21471,500,,,0,100,,21472,500,,,0,100,,21473,500,,,0,100,,21474,500,,,0,100,,21475,500,,,0,100,,21476,500,,,0,146,,21477,500,,,0,40,,21478,500,,,0,80,,21479,500,,,0,80,,21480,500,,,0,24,,21481,500,,,0,30,,21482,500,,,0,100,,21483,500,,,0,100,,21484,500,,,0,100,,21485,500,,,0
22800,'Week-end-01',827,,17738,500,,,0,200,,17735,500,,,0,200,,17736,500,,,0,200,,17731,500,,,0,200,,17733,500,,,0,200,,17737,500,,,0,200,,17734,500,,,0
70801,'Fête-1-02',632,,23004,140,,,0,99,,23020,140,,,0,74,,23005,140,,,0,100,,23006,140,,,0,51,,23007,140,,,0,100,,23008,140,,,0,100,,23009,140,,,0,100,,23010,140,,,0,100,,23011,140,,,0,100,,23012,140,,,0,100,,23013,140,,,0,100,,23014,140,,,0,100,,23015,140,,,0,100,,23016,140,,,0,101,,23017,140,,,0,100,,23018,140,,,0,100,,23019,140,,,0,80,,23002,140,,,0,118,,23003,140,,,0
70801,'Semaine-02',442,,20819,140,,,0,69,,20820,140,,,0,45,,20821,140,,,0,70,,20822,140,,,0,30,,20823,140,,,0,70,,20824,140,,,0,30,,20825,140,,,0,70,,20826,140,,,0,30,,20827,140,,,0,100,,20828,140,,,0,100,,20829,140,,,0,100,,20830,140,,,0,100,,20831,140,,,0,100,,20832,140,,,0,100,,20833,140,,,0,100,,20834,140,,,0,70,,20835,140,,,0,30,,20836,140,,,0,70,,20837,140,,,0,30,,20838,140,,,0,70,,20839,140,,,0,30,,20840,140,,,0,100,,20841,140,,,0,100,,20842,140,,,0,100,,20843,140,,,0,100,,20844,140,,,0,96,,20845,140,,,0,100,,20851,140,,,0
70801,'Semaine-03',442,,23021,140,,,0,69,,23022,140,,,0,45,,23023,140,,,0,70,,23024,140,,,0,30,,23025,140,,,0,70,,23026,140,,,0,30,,23027,140,,,0,70,,23028,140,,,0,30,,23029,140,,,0,100,,23030,140,,,0,100,,23031,140,,,0,100,,23032,140,,,0,100,,23033,140,,,0,100,,23034,140,,,0,100,,23035,140,,,0,100,,23036,140,,,0,70,,23037,140,,,0,30,,23038,140,,,0,70,,23039,140,,,0,30,,23040,140,,,0,70,,23041,140,,,0,30,,23042,140,,,0,100,,23043,140,,,0,100,,23044,140,,,0,100,,23045,140,,,0,100,,23046,140,,,0,96,,23047,140,,,0,100,,23053,140,,,0
70801,'Week-end-01',632,,20854,140,,,0,99,,20870,140,,,0,74,,20855,140,,,0,100,,20856,140,,,0,51,,20857,140,,,0,100,,20858,140,,,0,100,,20859,140,,,0,100,,20860,140,,,0,100,,20861,140,,,0,100,,20862,140,,,0,100,,20863,140,,,0,100,,20864,140,,,0,100,,20865,140,,,0,100,,20866,140,,,0,101,,20867,140,,,0,100,,20868,140,,,0,100,,20869,140,,,0,80,,20852,140,,,0,118,,20853,140,,,0
