22001,'Semaine-03',550,,15160,40,,,0,70,,15161,40,,,0,30,,15162,40,,,0,70,,15163,40,,,0,30,,15164,40,,,0,70,,15165,40,,,0,100,,15166,40,,,0,100,,15167,40,,,0,100,,15168,40,,,0,100,,15169,40,,,0,100,,15170,40,,,0,100,,15171,40,,,0,100,,15172,40,,,0,100,,15173,40,,,0,30,,15174,40,,,0,70,,15175,40,,,0,30,,15176,40,,,0,70,,15177,40,,,0,30,,15178,40,,,0,70,,15179,40,,,0,100,,15180,40,,,0,100,,15181,40,,,0,100,,15182,40,,,0,100,,15183,40,0,8 20 1 21,0
22001,'Semaine-53',550,,11760,40,,,0,70,,11761,40,,,0,30,,11762,40,,,0,70,,11763,40,,,0,30,,11764,40,,,0,70,,11765,40,,,0,100,,11766,40,,,0,100,,11767,40,,,0,100,,11768,40,,,0,100,,11769,40,,,0,100,,11770,40,,,0,100,,11771,40,,,0,100,,11772,40,,,0,100,,11773,40,,,0,30,,11774,40,,,0,70,,11775,40,,,0,30,,11776,40,,,0,70,,11777,40,,,0,30,,11778,40,,,0,70,,11779,40,,,0,100,,11780,40,,,0,100,,11781,40,,,0,100,,11782,40,,,0,100,,11783,40,0,8 20 1 21,0
22001,'Week-end-03',750,,15191,40,,,0,200,,15188,40,,,0,200,,15186,40,,,0,200,,15187,40,,,0,200,,15185,40,,,0,200,,15190,40,,,0,200,,15189,40,,,0,200,,15184,40,0,8 20 1 21,0
22001,'Week-end-53',750,,11791,40,,,0,200,,11788,40,,,0,200,,11786,40,,,0,200,,11787,40,,,0,200,,11785,40,,,0,200,,11790,40,,,0,200,,11789,40,,,0,200,,11784,40,0,8 20 1 21,0
22100,'Semaine-03',605,,15195,40,,,0,30,,15192,40,,,0,70,,15196,40,,,0,30,,15197,40,,,0,70,,15198,40,,,0,45,,15199,40,,,0,100,,15200,40,,,0,100,,15201,40,,,0,100,,15202,40,,,0,100,,15203,40,,,0,100,,15204,40,,,0,100,,15205,40,,,0,100,,15206,40,,,0,85,,15207,40,,,0,70,,15208,40,,,0,30,,15209,40,,,0,70,,15210,40,,,0,30,,15211,40,,,0,70,,15212,40,,,0,45,,15213,40,,,0,100,,15214,40,,,0,100,,15215,40,,,0
22100,'Semaine-53',605,,11802,40,,,0,30,,11799,40,,,0,70,,11803,40,,,0,30,,11804,40,,,0,70,,11805,40,,,0,45,,11806,40,,,0,100,,11807,40,,,0,100,,11808,40,,,0,100,,11809,40,,,0,100,,11810,40,,,0,100,,11811,40,,,0,100,,11812,40,,,0,100,,11813,40,,,0,85,,11814,40,,,0,70,,11815,40,,,0,30,,11816,40,,,0,70,,11817,40,,,0,30,,11818,40,,,0,70,,11819,40,,,0,45,,11820,40,,,0,100,,11821,40,,,0,100,,11822,40,,,0
22100,'Week-end-03',850,,15216,40,,,0,200,,15220,40,,,0,200,,15221,40,,,0,200,,15222,40,,,0,200,,15217,40,,,0,200,,15219,40,,,0,200,,15218,40,,,0
22100,'Week-end-53',850,,11823,40,,,0,200,,11827,40,,,0,200,,11828,40,,,0,200,,11829,40,,,0,200,,11824,40,,,0,200,,11826,40,,,0,200,,11825,40,,,0
22201,'Semaine-03',535,,15240,40,,,0,80,,15223,40,,,0,30,,15241,40,,,0,80,,15224,40,,,0,80,,15225,40,,,0,110,,15226,40,,,0,100,,15227,40,,,0,100,,15228,40,,,0,100,,15229,40,,,0,100,,15230,40,,,0,100,,15231,40,,,0,100,,15232,40,,,0,100,,15233,40,,,0,40,,15242,40,,,0,75,,15234,40,,,0,80,,15235,40,,,0,105,,15236,40,,,0,100,,15237,40,,,0,100,,15238,40,,,0,100,,15239,40,0,8 6 22,0
22201,'Semaine-53',535,,11862,40,,,0,80,,11845,40,,,0,30,,11863,40,,,0,80,,11846,40,,,0,80,,11847,40,,,0,110,,11848,40,,,0,100,,11849,40,,,0,100,,11850,40,,,0,100,,11851,40,,,0,100,,11852,40,,,0,100,,11853,40,,,0,100,,11854,40,,,0,100,,11855,40,,,0,40,,11864,40,,,0,75,,11856,40,,,0,80,,11857,40,,,0,105,,11858,40,,,0,100,,11859,40,,,0,100,,11860,40,,,0,100,,11861,40,0,8 6 22,0
22201,'Week-end-03',746,,15258,40,,,0,100,,15246,40,,,0,100,,15245,40,,,0,100,,15244,40,,,0,100,,15247,40,,,0,100,,15248,40,,,0,100,,15249,40,,,0,100,,15250,40,,,0,100,,15251,40,,,0,100,,15252,40,,,0,100,,15253,40,,,0,100,,15254,40,,,0,100,,15255,40,,,0,100,,15256,40,,,0,100,,15257,40,0,8 6 22,0
22201,'Week-end-53',746,,11880,40,,,0,100,,11868,40,,,0,100,,11867,40,,,0,100,,11866,40,,,0,100,,11869,40,,,0,100,,11870,40,,,0,100,,11871,40,,,0,100,,11872,40,,,0,100,,11873,40,,,0,100,,11874,40,,,0,100,,11875,40,,,0,100,,11876,40,,,0,100,,11877,40,,,0,100,,11878,40,,,0,100,,11879,40,0,8 6 22,0
22600,'Semaine-03',606,,15289,40,,,0,30,,15290,40,,,0,70,,15291,40,,,0,30,,15292,40,,,0,85,,15293,40,,,0,100,,15294,40,,,0,100,,15295,40,,,0,100,,15296,40,,,0,100,,15297,40,,,0,100,,15298,40,,,0,100,,15299,40,,,0,100,,15300,40,,,0,100,,15301,40,,,0,30,,15302,40,,,0,70,,15303,40,,,0,30,,15304,40,,,0,70,,15305,40,,,0,30,,15306,40,,,0,70,,15307,40,,,0,100,,15308,40,,,0,100,,15309,40,,,0,100,,15310,40,,,0,100,,15311,40,,,0
22600,'Semaine-53',606,,11926,40,,,0,30,,11927,40,,,0,70,,11928,40,,,0,30,,11929,40,,,0,85,,11930,40,,,0,100,,11931,40,,,0,100,,11932,40,,,0,100,,11933,40,,,0,100,,11934,40,,,0,100,,11935,40,,,0,100,,11936,40,,,0,100,,11937,40,,,0,100,,11938,40,,,0,30,,11939,40,,,0,70,,11940,40,,,0,30,,11941,40,,,0,70,,11942,40,,,0,30,,11943,40,,,0,70,,11944,40,,,0,100,,11945,40,,,0,100,,11946,40,,,0,100,,11947,40,,,0,100,,11948,40,,,0
22600,'Week-end-03',750,,15320,40,,,0,200,,15314,40,,,0,200,,15315,40,,,0,200,,15316,40,,,0,200,,15317,40,,,0,200,,15321,40,,,0,200,,15318,40,,,0,200,,15319,40,0,8 33 1 34,0
22600,'Week-end-53',750,,11957,40,,,0,200,,11951,40,,,0,200,,11952,40,,,0,200,,11953,40,,,0,200,,11954,40,,,0,200,,11958,40,,,0,200,,11955,40,,,0,200,,11956,40,0,8 33 1 34,0
40500,'Semaine-03',645,,16726,40,,,0,100,,16727,40,,,0,910,,16728,40,,,0
40500,'Semaine-53',645,,13912,40,,,0,100,,13913,40,,,0,910,,13914,40,,,0
