25001,'Fête-1-02',713,,22201,110,,,0,99,,22185,110,,,0,30,,22188,110,,,0,99,,22195,110,,,0,70,,22196,110,,,0,101,,22187,110,,,0,30,,22190,110,,,0,100,,22198,110,,,0,70,,22199,110,,,0,100,,22186,110,,,0,29,,22197,110,,,0,100,,22189,110,,,0,71,,22194,110,,,0,101,,22200,110,,,0,30,,22191,110,,,0,100,,22192,110,,,0,70,,22184,110,,,0,101,,22193,110,,,0,30,,22202,110,,,0,101,,22183,110,,,0,70,,22203,110,,,0
25001,'Semaine-02',537,,19172,110,,,0,65,,19173,110,,,0,28,,19174,110,0,8 27 75,0,21,,19175,110,,,0,85,,19176,110,,,0,96,,19177,110,,,0,72,,19178,110,,,0,96,,19179,110,,,0,100,,19180,110,,,0,103,,19181,110,,,0,100,,19182,110,,,0,102,,19183,110,,,0,115,,19184,110,,,0,99,,19185,110,,,0,26,,19186,110,,,0,70,,19187,110,,,0,28,,19188,110,,,0,84,,19189,110,,,0,87,,19190,110,,,0,108,,19191,110,,,0,93,,19192,110,,,0,101,,19193,110,,,0
25001,'Semaine-03',537,,22204,110,,,0,65,,22205,110,,,0,28,,22206,110,0,8 27 75,0,21,,22207,110,,,0,85,,22208,110,,,0,96,,22209,110,,,0,72,,22210,110,,,0,96,,22211,110,,,0,100,,22212,110,,,0,103,,22213,110,,,0,100,,22214,110,,,0,102,,22215,110,,,0,115,,22216,110,,,0,99,,22217,110,,,0,26,,22218,110,,,0,70,,22219,110,,,0,28,,22220,110,,,0,84,,22221,110,,,0,87,,22222,110,,,0,108,,22223,110,,,0,93,,22224,110,,,0,101,,22225,110,,,0
25001,'Week-end-01',713,,19212,110,,,0,99,,19196,110,,,0,30,,19199,110,,,0,99,,19206,110,,,0,70,,19207,110,,,0,101,,19198,110,,,0,30,,19201,110,,,0,100,,19209,110,,,0,70,,19210,110,,,0,100,,19197,110,,,0,29,,19208,110,,,0,100,,19200,110,,,0,71,,19205,110,,,0,101,,19211,110,,,0,30,,19202,110,,,0,100,,19203,110,,,0,70,,19195,110,,,0,101,,19204,110,,,0,30,,19213,110,,,0,101,,19194,110,,,0,70,,19214,110,,,0
31700,'Semaine-02',651,,20276,70,,,0,70,,20277,70,,,0,110,,20278,70,,,0,290,,20279,70,,,0,300,,20280,70,,,0
31700,'Semaine-03',651,,22754,70,,,0,70,,22755,70,,,0,110,,22756,70,,,0,290,,22757,70,,,0,300,,22758,70,,,0
31701,'Semaine-02',1232,,20291,80,,,0,270,,20296,80,,,0,100,,20292,80,,,0,130,,20293,80,,,0,100,,20294,80,,,0,475,,20295,80,,,0
31701,'Semaine-03',1232,,22761,80,,,0,270,,22766,80,,,0,100,,22762,80,,,0,130,,22763,80,,,0,100,,22764,80,,,0,475,,22765,80,,,0
51401,'Semaine-02',528,,20310,110,,,0,95,,20311,110,,,0,34,,20312,110,,,0
51401,'Semaine-03',528,,22772,110,,,0,95,,22773,110,,,0,34,,22774,110,,,0
