49800,'Fête-1-05',2223,,5705,20,,,0,30,,5706,20,,,0,70,,5707,20,,,0,30,,5708,20,,,0,70,,5709,20,,,0,30,,5710,20,,,0,70,,5711,20,,,0,30,,5712,20,,,0
49800,'Fête-2-04',2223,,5713,20,,,0,30,,5714,20,,,0,70,,5715,20,,,0,30,,5716,20,,,0,70,,5717,20,,,0,30,,5718,20,,,0,70,,5719,20,,,0,30,,5720,20,,,0
49800,'Semaine-52',2223,,5721,20,,,0,30,,5722,20,,,0,70,,5723,20,,,0,30,,5724,20,,,0,70,,5725,20,,,0,30,,5726,20,,,0,70,,5727,20,,,0,30,,5728,20,,,0
49800,'Week-end-52',2223,,5729,20,,,0,30,,5730,20,,,0,70,,5731,20,,,0,30,,5732,20,,,0,70,,5733,20,,,0,30,,5734,20,,,0,70,,5735,20,,,0,30,,5736,20,,,0
49801,'Fête-1-05',2049,,5744,30,,,0,70,,5743,30,,,0,30,,5737,30,,,0,70,,5738,30,,,0,30,,5739,30,,,0,70,,5740,30,,,0,30,,5741,30,,,0,70,,5742,30,,,0
49801,'Fête-2-04',2049,,5752,30,,,0,70,,5751,30,,,0,30,,5745,30,,,0,70,,5746,30,,,0,30,,5747,30,,,0,70,,5748,30,,,0,30,,5749,30,,,0,70,,5750,30,,,0
49801,'Semaine-52',2049,,5760,30,,,0,70,,5759,30,,,0,30,,5753,30,,,0,70,,5754,30,,,0,30,,5755,30,,,0,70,,5756,30,,,0,30,,5757,30,,,0,70,,5758,30,,,0
49801,'Week-end-52',2049,,5768,30,,,0,70,,5767,30,,,0,30,,5761,30,,,0,70,,5762,30,,,0,30,,5763,30,,,0,70,,5764,30,,,0,30,,5765,30,,,0,70,,5766,30,,,0
71600,'Fête-1-05',654,,7105,10,,,0,70,,7106,10,,,0,30,,7107,10,,,0,70,,7108,10,,,0,30,,7109,10,,,0,70,,7110,10,,,0,30,,7111,10,,,0,70,,7112,10,,,0,30,,7113,10,,,0,70,,7114,10,,,0,30,,7115,10,,,0,70,,7116,10,,,0,30,,7117,10,,,0,70,,7118,10,,,0,30,,7119,10,,,0,70,,7120,10,,,0,30,,7121,10,,,0,70,,7122,10,,,0,30,,7123,10,,,0,70,,7124,10,,,0,30,,7125,10,,,0,70,,7126,10,,,0,30,,7127,10,,,0,70,,7128,10,,,0,30,,7129,10,,,0,70,,7130,10,,,0,30,,7131,10,,,0,70,,7132,10,,,0,30,,7133,10,,,0,70,,7134,10,,,0,30,,7135,10,,,0
71600,'Fête-2-04',657,,7136,10,,,0,71,,7137,10,,,0,72,,7138,10,,,0,29,,7139,10,,,0,25,,7140,10,,,0,70,,7141,10,,,0,30,,7142,10,,,0,70,,7143,10,,,0,30,,7144,10,,,0,70,,7145,10,,,0,30,,7146,10,,,0,70,,7147,10,,,0,30,,7148,10,,,0,70,,7149,10,,,0,30,,7150,10,,,0,70,,7151,10,,,0,30,,7152,10,,,0,70,,7153,10,,,0,84,,7154,10,,,0,30,,7155,10,,,0,70,,7156,10,,,0,30,,7157,10,,,0,70,,7158,10,,,0,26,,7159,10,,,0,70,,7160,10,,,0,30,,7161,10,,,0,70,,7162,10,,,0,30,,7163,10,,,0,70,,7164,10,,,0,30,,7165,10,,,0,70,,7166,10,,,0
71600,'Semaine-52',657,,7167,10,,,0,71,,7168,10,,,0,72,,7169,10,,,0,29,,7170,10,,,0,25,,7171,10,,,0,70,,7172,10,,,0,30,,7173,10,,,0,70,,7174,10,,,0,30,,7175,10,,,0,70,,7176,10,,,0,30,,7177,10,,,0,70,,7178,10,,,0,30,,7179,10,,,0,70,,7180,10,,,0,30,,7181,10,,,0,70,,7182,10,,,0,30,,7183,10,,,0,70,,7184,10,,,0,84,,7185,10,,,0,30,,7186,10,,,0,70,,7187,10,,,0,30,,7188,10,,,0,70,,7189,10,,,0,26,,7190,10,,,0,70,,7191,10,,,0,30,,7192,10,,,0,70,,7193,10,,,0,30,,7194,10,,,0,70,,7195,10,,,0,30,,7196,10,,,0,70,,7197,10,,,0
71600,'Week-end-52',654,,7198,10,,,0,70,,7199,10,,,0,30,,7200,10,,,0,70,,7201,10,,,0,30,,7202,10,,,0,70,,7203,10,,,0,30,,7204,10,,,0,70,,7205,10,,,0,30,,7206,10,,,0,70,,7207,10,,,0,30,,7208,10,,,0,70,,7209,10,,,0,30,,7210,10,,,0,70,,7211,10,,,0,30,,7212,10,,,0,70,,7213,10,,,0,30,,7214,10,,,0,70,,7215,10,,,0,30,,7216,10,,,0,70,,7217,10,,,0,30,,7218,10,,,0,70,,7219,10,,,0,30,,7220,10,,,0,70,,7221,10,,,0,30,,7222,10,,,0,70,,7223,10,,,0,30,,7224,10,,,0,70,,7225,10,,,0,30,,7226,10,,,0,70,,7227,10,,,0,30,,7228,10,,,0
71601,'Fête-1-05',654,,7229,30,4,,0,70,,7230,30,4,,0,30,,7231,30,4,,0,70,,7232,30,4,,0,30,,7233,30,4,,0,70,,7234,30,4,,0,30,,7235,30,4,,0,70,,7236,30,4,,0,30,,7237,30,4,,0,70,,7238,30,4,,0,30,,7239,30,4,,0,70,,7240,30,4,,0,30,,7241,30,4,,0,70,,7242,30,4,,0,30,,7243,30,4,,0,70,,7244,30,4,,0,30,,7245,30,4,,0,70,,7246,30,4,,0,30,,7247,30,4,,0,70,,7248,30,4,,0,30,,7249,30,4,,0,70,,7250,30,4,,0,30,,7251,30,4,,0,70,,7252,30,4,,0,30,,7253,30,4,,0,70,,7254,30,4,,0,30,,7255,30,4,,0,70,,7256,30,4,,0,30,,7257,30,4,,0,70,,7258,30,4,,0,30,,7259,30,4,,0
71601,'Fête-2-04',657,,7260,30,4,,0,71,,7261,30,4,,0,72,,7262,30,4,,0,29,,7263,30,4,,0,25,,7264,30,4,,0,70,,7265,30,4,,0,30,,7266,30,4,,0,70,,7267,30,4,,0,30,,7268,30,4,,0,70,,7269,30,4,,0,30,,7270,30,4,,0,70,,7271,30,4,,0,30,,7272,30,4,,0,70,,7273,30,4,,0,30,,7274,30,4,,0,70,,7275,30,4,,0,30,,7276,30,4,,0,70,,7277,30,4,,0,84,,7278,30,4,,0,30,,7279,30,4,,0,70,,7280,30,4,,0,30,,7281,30,4,,0,69,,7282,30,4,,0,27,,7283,30,4,,0,70,,7284,30,4,,0,30,,7285,30,4,,0,70,,7286,30,4,,0,30,,7287,30,4,,0,25,,7288,30,4,,0,70,,7289,30,4,,0,30,,7290,30,4,,0
71601,'Semaine-52',657,,7291,30,4,,0,71,,7292,30,4,,0,72,,7293,30,4,,0,29,,7294,30,4,,0,25,,7295,30,4,,0,70,,7296,30,4,,0,30,,7297,30,4,,0,70,,7298,30,4,,0,30,,7299,30,4,,0,70,,7300,30,4,,0,30,,7301,30,4,,0,70,,7302,30,4,,0,30,,7303,30,4,,0,70,,7304,30,4,,0,30,,7305,30,4,,0,70,,7306,30,4,,0,30,,7307,30,4,,0,70,,7308,30,4,,0,84,,7309,30,4,,0,30,,7310,30,4,,0,70,,7311,30,4,,0,30,,7312,30,4,,0,69,,7313,30,4,,0,27,,7314,30,4,,0,70,,7315,30,4,,0,30,,7316,30,4,,0,70,,7317,30,4,,0,30,,7318,30,4,,0,25,,7319,30,4,,0,70,,7320,30,4,,0,30,,7321,30,4,,0
71601,'Week-end-52',654,,7322,30,4,,0,70,,7323,30,4,,0,30,,7324,30,4,,0,70,,7325,30,4,,0,30,,7326,30,4,,0,70,,7327,30,4,,0,30,,7328,30,4,,0,70,,7329,30,4,,0,30,,7330,30,4,,0,70,,7331,30,4,,0,30,,7332,30,4,,0,70,,7333,30,4,,0,30,,7334,30,4,,0,70,,7335,30,4,,0,30,,7336,30,4,,0,70,,7337,30,4,,0,30,,7338,30,4,,0,70,,7339,30,4,,0,30,,7340,30,4,,0,70,,7341,30,4,,0,30,,7342,30,4,,0,70,,7343,30,4,,0,30,,7344,30,4,,0,70,,7345,30,4,,0,30,,7346,30,4,,0,70,,7347,30,4,,0,30,,7348,30,4,,0,70,,7349,30,4,,0,30,,7350,30,4,,0,70,,7351,30,4,,0,30,,7352,30,4,,0
