24900,'Fête-1-02',822,,22078,340,0,5,0,130,,22079,340,0,5,0,170,,22088,340,0,5,0,130,,22080,340,0,5,0,170,,22081,340,0,5,0,130,,22082,340,0,5,0,170,,22083,340,0,5,0,130,,22084,340,0,5,0,170,,22085,340,0,5,0,130,,22086,340,0,5,0,170,,22087,340,0,5,0
24900,'Semaine-02',657,,18951,340,,,0,65,,18952,340,,,0,34,,18953,340,,,0,97,,18954,340,,,0,174,,18955,340,,,0,99,,18956,340,,,0,101,,18957,340,,,0,100,,18958,340,,,0,100,,18959,340,,,0,108,,18960,340,,,0,75,,18961,340,,,0,35,,18962,340,,,0,91,,18963,340,,,0,72,,18964,340,,,0,34,,18965,340,,,0,90,,18966,340,,,0,99,,18967,340,,,0,98,,18968,340,,,0,100,,18969,340,,,0,99,,18950,340,,,0
24900,'Semaine-03',657,,22090,340,,,0,65,,22091,340,,,0,34,,22092,340,,,0,97,,22093,340,,,0,174,,22094,340,,,0,99,,22095,340,,,0,101,,22096,340,,,0,100,,22097,340,,,0,100,,22098,340,,,0,108,,22099,340,,,0,75,,22100,340,,,0,35,,22101,340,,,0,91,,22102,340,,,0,72,,22103,340,,,0,34,,22104,340,,,0,90,,22105,340,,,0,99,,22106,340,,,0,98,,22107,340,,,0,100,,22108,340,,,0,99,,22089,340,,,0
24900,'Week-end-01',822,,18970,340,0,5,0,130,,18971,340,0,5,0,170,,18980,340,0,5,0,130,,18972,340,0,5,0,170,,18973,340,0,5,0,130,,18974,340,0,5,0,170,,18975,340,0,5,0,130,,18976,340,0,5,0,170,,18977,340,0,5,0,130,,18978,340,0,5,0,170,,18979,340,0,5,0
25300,'Semaine-02',1623,,19307,140,4,,0,96,,19308,140,4,,0,26,,19306,140,4,,0,82,,19310,140,4,,0,28,,19309,140,4,,0,99,,19305,140,4,,0
25300,'Semaine-03',1623,,22270,140,4,,0,96,,22271,140,4,,0,26,,22269,140,4,,0,82,,22273,140,4,,0,28,,22272,140,4,,0,99,,22268,140,4,,0
61000,'Fête-1-02',822,,22866,270,,,0,100,,22867,270,,,0,99,,22868,270,,,0,100,,22869,270,,,0,100,,22870,270,,,0,100,,22871,270,,,0,101,,22872,270,,,0,100,,22873,270,,,0,100,,22874,270,,,0,100,,22875,270,,,0,98,,22876,270,,,0,100,,22877,270,,,0,100,,22878,270,,,0,100,,22879,270,,,0,100,,22880,270,,,0,100,,22881,270,,,0
61000,'Semaine-02',619,,20529,270,,,0,99,,20530,270,,,0,101,,20531,270,,,0,96,,20532,270,,,0,100,,20533,270,,,0,100,,20534,270,,,0,100,,20535,270,,,0,100,,20536,270,,,0,101,,20537,270,,,0,102,,20538,270,,,0,92,,20539,270,,,0,103,,20540,270,,,0,106,,20541,270,,,0,102,,20542,270,,,0,99,,20543,270,,,0,100,,20544,270,,,0,100,,20545,270,,,0,104,,20546,270,,,0
61000,'Semaine-03',619,,22882,270,,,0,99,,22883,270,,,0,101,,22884,270,,,0,96,,22885,270,,,0,100,,22886,270,,,0,100,,22887,270,,,0,100,,22888,270,,,0,100,,22889,270,,,0,101,,22890,270,,,0,102,,22891,270,,,0,92,,22892,270,,,0,103,,22893,270,,,0,106,,22894,270,,,0,102,,22895,270,,,0,99,,22896,270,,,0,100,,22897,270,,,0,100,,22898,270,,,0,104,,22899,270,,,0
61000,'Week-end-01',822,,20547,270,,,0,100,,20548,270,,,0,99,,20549,270,,,0,100,,20550,270,,,0,100,,20551,270,,,0,100,,20552,270,,,0,101,,20553,270,,,0,100,,20554,270,,,0,100,,20555,270,,,0,100,,20556,270,,,0,98,,20557,270,,,0,100,,20558,270,,,0,100,,20559,270,,,0,100,,20560,270,,,0,100,,20561,270,,,0,100,,20562,270,,,0
