30300,'Semaine-03',609,,16261,20,,,0,30,,16262,20,,,0,70,,16263,20,,,0,30,,16264,20,,,0,70,,16265,20,,,0,30,,16266,20,,,0,100,,16277,20,,,0,100,,16267,20,,,0,100,,16268,20,,,0,100,,16269,20,,,0,100,,16270,20,,,0,100,,16271,20,,,0,100,,16272,20,,,0,70,,16278,20,,,0,30,,16279,20,,,0,70,,16273,20,,,0,30,,16274,20,,,0,70,,16275,20,,,0,30,,16276,20,,,0,100,,16280,20,,,0,100,,16281,20,,,0,100,,16282,20,,,0,100,,16283,20,,,0
30300,'Semaine-53',609,,13226,20,,,0,30,,13227,20,,,0,70,,13228,20,,,0,30,,13229,20,,,0,70,,13230,20,,,0,30,,13231,20,,,0,100,,13242,20,,,0,100,,13232,20,,,0,100,,13233,20,,,0,100,,13234,20,,,0,100,,13235,20,,,0,100,,13236,20,,,0,100,,13237,20,,,0,70,,13243,20,,,0,30,,13244,20,,,0,70,,13238,20,,,0,30,,13239,20,,,0,70,,13240,20,,,0,30,,13241,20,,,0,100,,13245,20,,,0,100,,13246,20,,,0,100,,13247,20,,,0,100,,13248,20,,,0
30300,'Week-end-03',839,,16284,20,0,48 49 50,0,100,,16285,20,0,48 49 50,0,100,,16286,20,0,48 49 50,0,100,,16287,20,0,48 49 50,0,100,,16288,20,0,48 49 50,0,100,,16289,20,0,48 49 50,0,100,,16290,20,0,48 49 50,0,100,,16291,20,0,48 49 50,0,100,,16292,20,0,48 49 50,0,100,,16293,20,0,48 49 50,0,100,,16294,20,0,48 49 50,0,100,,16295,20,0,48 49 50,0,100,,16296,20,0,48 49 50,0,100,,16297,20,0,48 49 50,0,100,,16298,20,0,48 49 50,0
30300,'Week-end-53',839,,13249,20,,,0,100,,13250,20,,,0,100,,13251,20,,,0,100,,13252,20,,,0,100,,13253,20,,,0,100,,13254,20,,,0,100,,13255,20,,,0,100,,13256,20,,,0,100,,13257,20,,,0,100,,13258,20,,,0,100,,13259,20,,,0,100,,13260,20,,,0,100,,13261,20,,,0,100,,13262,20,,,0,100,,13263,20,,,0
30600,'Semaine-03',608,,16336,20,,,0,30,,16337,20,,,0,70,,16338,20,,,0,30,,16339,20,,,0,70,,16340,20,,,0,30,,16341,20,,,0,100,,16342,20,,,0,100,,16343,20,,,0,100,,16344,20,,,0,100,,16345,20,,,0,100,,16346,20,,,0,100,,16347,20,,,0,100,,16348,20,,,0,70,,16349,20,,,0,30,,16350,20,,,0,70,,16351,20,,,0,30,,16352,20,,,0,70,,16353,20,,,0,30,,16354,20,,,0,100,,16355,20,,,0,100,,16356,20,,,0,100,,16357,20,,,0,100,,16358,20,,,0
30600,'Semaine-53',608,,13331,20,,,0,30,,13332,20,,,0,70,,13333,20,,,0,30,,13334,20,,,0,70,,13335,20,,,0,30,,13336,20,,,0,100,,13337,20,,,0,100,,13338,20,,,0,100,,13339,20,,,0,100,,13340,20,,,0,100,,13341,20,,,0,100,,13342,20,,,0,100,,13343,20,,,0,70,,13344,20,,,0,30,,13345,20,,,0,70,,13346,20,,,0,30,,13347,20,,,0,70,,13348,20,,,0,30,,13349,20,,,0,100,,13350,20,,,0,100,,13351,20,,,0,100,,13352,20,,,0,100,,13353,20,,,0
30600,'Week-end-03',838,,16359,20,,,0,100,,16360,20,,,0,100,,16361,20,,,0,100,,16362,20,,,0,100,,16363,20,,,0,100,,16364,20,,,0,100,,16365,20,,,0,100,,16366,20,,,0,100,,16367,20,,,0,100,,16368,20,,,0,100,,16369,20,,,0,100,,16370,20,,,0,100,,16371,20,,,0,100,,16372,20,,,0,100,,16373,20,,,0
30600,'Week-end-53',838,,13354,20,,,0,100,,13355,20,,,0,100,,13356,20,,,0,100,,13357,20,,,0,100,,13358,20,,,0,100,,13359,20,,,0,100,,13360,20,,,0,100,,13361,20,,,0,100,,13362,20,,,0,100,,13363,20,,,0,100,,13364,20,,,0,100,,13365,20,,,0,100,,13366,20,,,0,100,,13367,20,,,0,100,,13368,20,,,0
30900,'Semaine-03',610,,16411,20,,,0,30,,16412,20,,,0,70,,16413,20,,,0,30,,16414,20,,,0,70,,16415,20,,,0,30,,16416,20,,,0,100,,16417,20,,,0,100,,16418,20,,,0,100,,16419,20,,,0,100,,16420,20,,,0,100,,16421,20,,,0,100,,16422,20,,,0,100,,16423,20,,,0,70,,16424,20,,,0,30,,16425,20,,,0,70,,16426,20,,,0,30,,16427,20,,,0,70,,16428,20,,,0,30,,16429,20,,,0,100,,16430,20,,,0,100,,16431,20,,,0,100,,16432,20,,,0,100,,16433,20,,,0
30900,'Semaine-53',610,,13436,20,,,0,30,,13437,20,,,0,70,,13438,20,,,0,30,,13439,20,,,0,70,,13440,20,,,0,30,,13441,20,,,0,100,,13442,20,,,0,100,,13443,20,,,0,100,,13444,20,,,0,100,,13445,20,,,0,100,,13446,20,,,0,100,,13447,20,,,0,100,,13448,20,,,0,70,,13449,20,,,0,30,,13450,20,,,0,70,,13451,20,,,0,30,,13452,20,,,0,70,,13453,20,,,0,30,,13454,20,,,0,100,,13455,20,,,0,100,,13456,20,,,0,100,,13457,20,,,0,100,,13458,20,,,0
30900,'Week-end-03',840,,16434,20,,,0,100,,16435,20,,,0,100,,16436,20,,,0,100,,16437,20,,,0,100,,16438,20,,,0,100,,16439,20,,,0,100,,16440,20,,,0,100,,16441,20,,,0,100,,16442,20,,,0,100,,16443,20,,,0,100,,16444,20,,,0,100,,16445,20,,,0,100,,16446,20,,,0,100,,16447,20,,,0,100,,16448,20,,,0
30900,'Week-end-53',840,,13459,20,,,0,100,,13460,20,,,0,100,,13461,20,,,0,100,,13462,20,,,0,100,,13463,20,,,0,100,,13464,20,,,0,100,,13465,20,,,0,100,,13466,20,,,0,100,,13467,20,,,0,100,,13468,20,,,0,100,,13469,20,,,0,100,,13470,20,,,0,100,,13471,20,,,0,100,,13472,20,,,0,100,,13473,20,,,0
31000,'Semaine-03',608,,16486,20,,,0,30,,16487,20,,,0,70,,16488,20,,,0,30,,16489,20,,,0,70,,16490,20,,,0,30,,16491,20,,,0,100,,16492,20,,,0,100,,16493,20,,,0,100,,16494,20,,,0,100,,16495,20,,,0,100,,16496,20,,,0,100,,16497,20,,,0,100,,16498,20,,,0,70,,16499,20,,,0,30,,16500,20,,,0,70,,16501,20,,,0,30,,16502,20,,,0,70,,16503,20,,,0,30,,16504,20,,,0,100,,16505,20,,,0,100,,16506,20,,,0,100,,16507,20,,,0,100,,16508,20,,,0
31000,'Semaine-53',608,,13541,20,,,0,30,,13542,20,,,0,70,,13543,20,,,0,30,,13544,20,,,0,70,,13545,20,,,0,30,,13546,20,,,0,100,,13547,20,,,0,100,,13548,20,,,0,100,,13549,20,,,0,100,,13550,20,,,0,100,,13551,20,,,0,100,,13552,20,,,0,100,,13553,20,,,0,70,,13554,20,,,0,30,,13555,20,,,0,70,,13556,20,,,0,30,,13557,20,,,0,70,,13558,20,,,0,30,,13559,20,,,0,100,,13560,20,,,0,100,,13561,20,,,0,100,,13562,20,,,0,100,,13563,20,,,0
31000,'Week-end-03',838,,16509,20,,,0,100,,16510,20,,,0,100,,16511,20,,,0,100,,16512,20,,,0,100,,16513,20,,,0,100,,16514,20,,,0,100,,16515,20,,,0,100,,16516,20,,,0,100,,16517,20,,,0,100,,16518,20,,,0,100,,16519,20,,,0,100,,16520,20,,,0,100,,16521,20,,,0,100,,16522,20,,,0,100,,16523,20,,,0
31000,'Week-end-53',838,,13564,20,,,0,100,,13565,20,,,0,100,,13566,20,,,0,100,,13567,20,,,0,100,,13568,20,,,0,100,,13569,20,,,0,100,,13570,20,,,0,100,,13571,20,,,0,100,,13572,20,,,0,100,,13573,20,,,0,100,,13574,20,,,0,100,,13575,20,,,0,100,,13576,20,,,0,100,,13577,20,,,0,100,,13578,20,,,0
31100,'Semaine-03',610,,16561,20,,,0,30,,16562,20,,,0,70,,16563,20,,,0,30,,16564,20,,,0,70,,16565,20,,,0,30,,16566,20,,,0,100,,16567,20,,,0,100,,16568,20,,,0,100,,16569,20,,,0,100,,16570,20,,,0,100,,16571,20,,,0,100,,16572,20,,,0,100,,16573,20,,,0,70,,16574,20,,,0,30,,16575,20,,,0,70,,16576,20,,,0,30,,16577,20,,,0,70,,16578,20,,,0,30,,16579,20,,,0,100,,16580,20,,,0,100,,16581,20,,,0,100,,16582,20,,,0,100,,16583,20,,,0
31100,'Semaine-53',610,,13646,20,,,0,30,,13647,20,,,0,70,,13648,20,,,0,30,,13649,20,,,0,70,,13650,20,,,0,30,,13651,20,,,0,100,,13652,20,,,0,100,,13653,20,,,0,100,,13654,20,,,0,100,,13655,20,,,0,100,,13656,20,,,0,100,,13657,20,,,0,100,,13658,20,,,0,70,,13659,20,,,0,30,,13660,20,,,0,70,,13661,20,,,0,30,,13662,20,,,0,70,,13663,20,,,0,30,,13664,20,,,0,100,,13665,20,,,0,100,,13666,20,,,0,100,,13667,20,,,0,100,,13668,20,,,0
31100,'Week-end-03',840,,16584,20,,,0,100,,16585,20,,,0,100,,16586,20,,,0,100,,16587,20,,,0,100,,16588,20,,,0,100,,16589,20,,,0,100,,16590,20,,,0,100,,16591,20,,,0,100,,16592,20,,,0,100,,16593,20,,,0,100,,16594,20,,,0,100,,16595,20,,,0,100,,16596,20,,,0,100,,16597,20,,,0,100,,16598,20,,,0
31100,'Week-end-53',840,,13669,20,,,0,100,,13670,20,,,0,100,,13671,20,,,0,100,,13672,20,,,0,100,,13673,20,,,0,100,,13674,20,,,0,100,,13675,20,,,0,100,,13676,20,,,0,100,,13677,20,,,0,100,,13678,20,,,0,100,,13679,20,,,0,100,,13680,20,,,0,100,,13681,20,,,0,100,,13682,20,,,0,100,,13683,20,,,0
31201,'Semaine-03',609,,16673,20,,,0,30,,16674,20,,,0,70,,16675,20,,,0,30,,16676,20,,,0,70,,16677,20,,,0,30,,16678,20,,,0,100,,16679,20,,,0,100,,16680,20,,,0,100,,16681,20,,,0,100,,16682,20,,,0,100,,16683,20,,,0,100,,16684,20,,,0,100,,16685,20,,,0,70,,16686,20,,,0,30,,16687,20,,,0,70,,16688,20,,,0,30,,16689,20,,,0,70,,16690,20,,,0,30,,16691,20,,,0,100,,16692,20,,,0,100,,16693,20,,,0,100,,16694,20,,,0,100,,16695,20,,,0
31201,'Semaine-53',609,,13803,20,,,0,30,,13804,20,,,0,70,,13805,20,,,0,30,,13806,20,,,0,70,,13807,20,,,0,30,,13808,20,,,0,100,,13809,20,,,0,100,,13810,20,,,0,100,,13811,20,,,0,100,,13812,20,,,0,100,,13813,20,,,0,100,,13814,20,,,0,100,,13815,20,,,0,70,,13816,20,,,0,30,,13817,20,,,0,70,,13818,20,,,0,30,,13819,20,,,0,70,,13820,20,,,0,30,,13821,20,,,0,100,,13822,20,,,0,100,,13823,20,,,0,100,,13824,20,,,0,100,,13825,20,,,0
31201,'Week-end-03',839,,16696,20,,,0,100,,16697,20,,,0,100,,16698,20,,,0,100,,16699,20,,,0,100,,16700,20,,,0,100,,16701,20,,,0,100,,16702,20,,,0,100,,16703,20,,,0,100,,16704,20,,,0,100,,16705,20,,,0,100,,16706,20,,,0,100,,16707,20,,,0,100,,16708,20,,,0,100,,16709,20,,,0,100,,16710,20,,,0
31201,'Week-end-53',839,,13826,20,,,0,100,,13827,20,,,0,100,,13828,20,,,0,100,,13829,20,,,0,100,,13830,20,,,0,100,,13831,20,,,0,100,,13832,20,,,0,100,,13833,20,,,0,100,,13834,20,,,0,100,,13835,20,,,0,100,,13836,20,,,0,100,,13837,20,,,0,100,,13838,20,,,0,100,,13839,20,,,0,100,,13840,20,,,0
