22501,'LA-H26-LA_GTFS-Fête-1-01',858,,334,,,0,200,,335,,,0,200,,336,,,0,200,,337,,,0,200,,338,,,0,200,,339,,,0,200,,340,,,0
22501,'LA-H26-LA_GTFS-Fête-1-02',858,,341,,,0,200,,342,,,0,200,,343,,,0,200,,344,,,0,200,,345,,,0,200,,346,,,0,200,,347,,,0
22501,'LA-H26-LA_GTFS-Fête-2-02',556,,349,,,0,70,,350,,,0,30,,351,,,0,70,,352,,,0,30,,353,,,0,100,,354,,,0,100,,355,,,0,100,,356,,,0,100,,357,,,0,100,,358,,,0,100,,359,,,0,100,,360,,,0,100,,361,,,0,85,,362,,,0,70,,363,,,0,30,,364,,,0,70,,365,,,0,30,,366,,,0,70,,367,,,0,45,,368,,,0,100,,369,,,0,100,,370,,,0
22501,'LA-H26-LA_GTFS-Semaine-01',556,,372,,,0,70,,373,,,0,30,,374,,,0,70,,375,,,0,30,,376,,,0,100,,377,,,0,100,,378,,,0,100,,379,,,0,100,,380,,,0,100,,381,,,0,100,,382,,,0,100,,383,,,0,100,,384,,,0,85,,385,,,0,70,,386,,,0,30,,387,,,0,70,,388,,,0,30,,389,,,0,70,,390,,,0,45,,391,,,0,100,,392,,,0,100,,393,,,0
22501,'LA-H26-LA_GTFS-Semaine-50',556,,395,,,0,70,,396,,,0,30,,397,,,0,70,,398,,,0,30,,399,,,0,100,,400,,,0,100,,401,,,0,100,,402,,,0,100,,403,,,0,100,,404,,,0,100,,405,,,0,100,,406,,,0,100,,407,,,0,85,,408,,,0,70,,409,,,0,30,,410,,,0,70,,411,,,0,30,,412,,,0,70,,413,,,0,45,,414,,,0,100,,415,,,0,100,,416,,,0
22501,'LA-H26-LA_GTFS-Week-end-01',858,,417,,,0,200,,418,,,0,200,,419,,,0,200,,420,,,0,200,,421,,,0,200,,422,,,0,200,,423,,,0
22501,'LA-H26-LA_GTFS-Week-end-50',858,,424,,,0,200,,425,,,0,200,,426,,,0,200,,427,,,0,200,,428,,,0,200,,429,,,0,200,,430,,,0
22600,'LA-H26-LA_GTFS-Fête-1-01',822,,437,,,0,200,,431,,,0,200,,432,,,0,200,,433,,,0,200,,434,,,0,200,,438,0,6 7,0,200,,435,,,0
22600,'LA-H26-LA_GTFS-Fête-1-02',822,,445,,,0,200,,439,,,0,200,,440,,,0,200,,441,,,0,200,,442,,,0,200,,446,0,6 7,0,200,,443,,,0
22600,'LA-H26-LA_GTFS-Fête-2-02',535,,470,0,6 7,0,70,,471,0,6 7,0,38,,447,,,0,75,,448,,,0,30,,449,,,0,70,,450,,,0,85,,451,,,0,55,,452,,,0,100,,453,,,0,100,,454,,,0,100,,455,,,0,100,,456,,,0,100,,457,,,0,100,,458,,,0,145,,459,,,0,30,,460,,,0,70,,461,,,0,30,,462,,,0,70,,463,,,0,25,,464,,,0,30,,465,,,0,100,,466,,,0,100,,467,,,0,100,,468,,,0,100,,469,,,0
22600,'LA-H26-LA_GTFS-Semaine-01',535,,495,0,6 7,0,70,,496,0,6 7,0,38,,472,,,0,75,,473,,,0,30,,474,,,0,70,,475,,,0,85,,476,,,0,55,,477,,,0,100,,478,,,0,100,,479,,,0,100,,480,,,0,100,,481,,,0,100,,482,,,0,100,,483,,,0,145,,484,,,0,30,,485,,,0,70,,486,,,0,30,,487,,,0,70,,488,,,0,25,,489,,,0,30,,490,,,0,100,,491,,,0,100,,492,,,0,100,,493,,,0,100,,494,,,0
22600,'LA-H26-LA_GTFS-Semaine-50',535,,520,0,6 7,0,70,,521,0,6 7,0,38,,497,,,0,75,,498,,,0,30,,499,,,0,70,,500,,,0,85,,501,,,0,55,,502,,,0,100,,503,,,0,100,,504,,,0,100,,505,,,0,100,,506,,,0,100,,507,,,0,100,,508,,,0,145,,509,,,0,30,,510,,,0,70,,511,,,0,30,,512,,,0,70,,513,,,0,25,,514,,,0,30,,515,,,0,100,,516,,,0,100,,517,,,0,100,,518,,,0,100,,519,,,0
22600,'LA-H26-LA_GTFS-Week-end-01',822,,528,,,0,200,,522,,,0,200,,523,,,0,200,,524,,,0,200,,525,,,0,200,,529,0,6 7,0,200,,526,,,0
22600,'LA-H26-LA_GTFS-Week-end-50',822,,536,,,0,200,,530,,,0,200,,531,,,0,200,,532,,,0,200,,533,,,0,200,,537,0,6 7,0,200,,534,,,0
