22201,'LA-H26-LA_GTFS-Fête-1-01',814,,225,,,0,100,,213,,,0,100,,212,,,0,100,,211,,,0,100,,214,,,0,100,,215,,,0,100,,216,,,0,100,,217,,,0,100,,218,,,0,100,,219,,,0,100,,220,,,0,100,,221,,,0,100,,222,,,0,100,,223,,,0
22201,'LA-H26-LA_GTFS-Fête-1-02',814,,240,,,0,100,,228,,,0,100,,227,,,0,100,,226,,,0,100,,229,,,0,100,,230,,,0,100,,231,,,0,100,,232,,,0,100,,233,,,0,100,,234,,,0,100,,235,,,0,100,,236,,,0,100,,237,,,0,100,,238,,,0
22201,'LA-H26-LA_GTFS-Fête-2-02',542,,261,0,6 7,0,63,,258,,,0,40,,241,,,0,70,,259,,,0,41,,242,,,0,80,,243,,,0,109,,244,,,0,100,,245,,,0,100,,246,,,0,100,,247,,,0,100,,248,,,0,100,,249,,,0,100,,250,,,0,101,,251,,,0,80,,260,,,0,75,,252,,,0,40,,253,,,0,104,,254,,,0,100,,255,,,0,100,,256,,,0
22201,'LA-H26-LA_GTFS-Semaine-01',542,,282,0,6 7,0,63,,279,,,0,40,,262,,,0,70,,280,,,0,41,,263,,,0,80,,264,,,0,109,,265,,,0,100,,266,,,0,100,,267,,,0,100,,268,,,0,100,,269,,,0,100,,270,,,0,100,,271,,,0,101,,272,,,0,80,,281,,,0,75,,273,,,0,40,,274,,,0,104,,275,,,0,100,,276,,,0,100,,277,,,0
22201,'LA-H26-LA_GTFS-Semaine-50',542,,303,0,6 7,0,63,,300,,,0,40,,283,,,0,70,,301,,,0,41,,284,,,0,80,,285,,,0,109,,286,,,0,100,,287,,,0,100,,288,,,0,100,,289,,,0,100,,290,,,0,100,,291,,,0,100,,292,,,0,101,,293,,,0,80,,302,,,0,75,,294,,,0,40,,295,,,0,104,,296,,,0,100,,297,,,0,100,,298,,,0
22201,'LA-H26-LA_GTFS-Week-end-01',814,,318,,,0,100,,306,,,0,100,,305,,,0,100,,304,,,0,100,,307,,,0,100,,308,,,0,100,,309,,,0,100,,310,,,0,100,,311,,,0,100,,312,,,0,100,,313,,,0,100,,314,,,0,100,,315,,,0,100,,316,,,0
22201,'LA-H26-LA_GTFS-Week-end-50',814,,333,,,0,100,,321,,,0,100,,320,,,0,100,,319,,,0,100,,322,,,0,100,,323,,,0,100,,324,,,0,100,,325,,,0,100,,326,,,0,100,,327,,,0,100,,328,,,0,100,,329,,,0,100,,330,,,0,100,,331,,,0
60001,'LA-H26-LA_GTFS-Fête-1-01',839,,5957,,,0,100,,5956,,,0,100,,5954,,,0,100,,5955,,,0,100,,5952,,,0,100,,5953,,,0,100,,5949,,,0,100,,5950,,,0,100,,5951,,,0,100,,5948,,,0,100,,5945,,,0,100,,5946,,,0,100,,5947,,,0,100,,5943,,,0,89,,5944,,,0,185,,5942,,,0
60001,'LA-H26-LA_GTFS-Fête-1-02',839,,5973,,,0,100,,5972,,,0,100,,5970,,,0,100,,5971,,,0,100,,5968,,,0,100,,5969,,,0,100,,5965,,,0,100,,5966,,,0,100,,5967,,,0,100,,5964,,,0,100,,5961,,,0,100,,5962,,,0,100,,5963,,,0,100,,5959,,,0,89,,5960,,,0,185,,5958,,,0
60001,'LA-H26-LA_GTFS-Fête-2-02',538,,5995,,,0,70,,5996,,,0,30,,5997,,,0,70,,5998,,,0,96,,5974,,,0,32,,5975,,,0,100,,5976,,,0,99,,5977,,,0,98,,5978,,,0,100,,5979,,,0,100,,5980,,,0,100,,5981,,,0,100,,5982,,,0,74,,5983,,,0,30,,5984,,,0,70,,5985,,,0,30,,5986,,,0,70,,5987,,,0,30,,5988,,,0,100,,5989,,,0,94,,5990,,,0,100,,5991,,,0,100,,5992,,,0,100,,5993,,,0,100,,5994,,,0
60001,'LA-H26-LA_GTFS-Semaine-01',538,,6024,,,0,70,,6025,,,0,30,,6026,,,0,70,,6027,,,0,24,,5999,,,0,72,,6000,,,0,32,,6001,,,0,100,,6002,,,0,99,,6003,,,0,98,,6004,,,0,100,,6005,,,0,70,,6006,,,0,100,,6007,,,0,30,,6008,,,0,70,,6009,,,0,30,,6010,,,0,74,,6011,,,0,30,,6012,,,0,70,,6013,,,0,30,,6014,,,0,70,,6015,,,0,30,,6016,,,0,70,,6017,,,0,30,,6018,,,0,94,,6019,,,0,100,,6020,,,0,100,,6021,,,0,100,,6022,,,0,100,,6023,,,0
60001,'LA-H26-LA_GTFS-Semaine-50',538,,6053,,,0,70,,6054,,,0,30,,6055,,,0,70,,6056,,,0,24,,6028,,,0,72,,6029,,,0,32,,6030,,,0,100,,6031,,,0,99,,6032,,,0,98,,6033,,,0,100,,6034,,,0,70,,6035,,,0,100,,6036,,,0,30,,6037,,,0,70,,6038,,,0,30,,6039,,,0,74,,6040,,,0,30,,6041,,,0,70,,6042,,,0,30,,6043,,,0,70,,6044,,,0,30,,6045,,,0,70,,6046,,,0,30,,6047,,,0,94,,6048,,,0,100,,6049,,,0,100,,6050,,,0,100,,6051,,,0,100,,6052,,,0
60001,'LA-H26-LA_GTFS-Week-end-01',839,,6072,,,0,100,,6071,,,0,100,,6069,,,0,100,,6070,,,0,100,,6067,,,0,100,,6068,,,0,100,,6064,,,0,100,,6065,,,0,100,,6066,,,0,100,,6063,,,0,100,,6060,,,0,100,,6061,,,0,100,,6062,,,0,100,,6058,,,0,89,,6059,,,0,185,,6057,,,0
60001,'LA-H26-LA_GTFS-Week-end-50',839,,6088,,,0,100,,6087,,,0,100,,6085,,,0,100,,6086,,,0,100,,6083,,,0,100,,6084,,,0,100,,6080,,,0,100,,6081,,,0,100,,6082,,,0,100,,6079,,,0,100,,6076,,,0,100,,6077,,,0,100,,6078,,,0,100,,6074,,,0,89,,6075,,,0,185,,6073,,,0
