22701,'Fête-1-01',851,,17613,50,,,0,200,,17614,50,,,0,200,,17615,50,,,0,200,,17616,50,,,0,200,,17617,50,,,0,200,,17618,50,,,0,200,,17619,50,,,0
22701,'Semaine-01',551,,17622,50,,,0,70,,17623,50,,,0,30,,17624,50,,,0,80,,17625,50,,,0,80,,17626,50,,,0,40,,17627,50,,,0,100,,17628,50,,,0,100,,17629,50,,,0,100,,17630,50,,,0,100,,17631,50,,,0,100,,17632,50,,,0,100,,17633,50,,,0,100,,17634,50,,,0,90,,17635,50,,,0,80,,17636,50,,,0,80,,17637,50,,,0,35,,17638,50,,,0,70,,17639,50,,,0,45,,17640,50,,,0,100,,17641,50,,,0,100,,17642,50,,,0,100,,17643,50,0,8 14 1 15 16 17,0
22701,'Semaine-02',551,,17646,50,,,0,70,,17647,50,,,0,30,,17648,50,,,0,80,,17649,50,,,0,80,,17650,50,,,0,40,,17651,50,,,0,100,,17652,50,,,0,100,,17653,50,,,0,100,,17654,50,,,0,100,,17655,50,,,0,100,,17656,50,,,0,100,,17657,50,,,0,100,,17658,50,,,0,90,,17659,50,,,0,80,,17660,50,,,0,80,,17661,50,,,0,35,,17662,50,,,0,70,,17663,50,,,0,45,,17664,50,,,0,100,,17665,50,,,0,100,,17666,50,,,0,100,,17667,50,0,8 14 1 15 16 17,0
22701,'Week-end-01',851,,17668,50,,,0,200,,17669,50,,,0,200,,17670,50,,,0,200,,17671,50,,,0,200,,17672,50,,,0,200,,17673,50,,,0,200,,17674,50,,,0
22800,'Fête-1-01',751,,17682,50,,,0,200,,17679,50,,,0,200,,17680,50,,,0,200,,17675,50,,,0,200,,17677,50,,,0,200,,17681,50,,,0,200,,17678,50,,,0,200,,17676,50,0,8 14 1 18 19,0
22800,'Semaine-01',606,,17684,50,,,0,30,,17685,50,,,0,75,,17686,50,,,0,40,,17687,50,,,0,80,,17688,50,,,0,90,,17689,50,,,0,100,,17690,50,,,0,100,,17691,50,,,0,100,,17692,50,,,0,100,,17693,50,,,0,100,,17694,50,,,0,100,,17695,50,,,0,100,,17696,50,,,0,80,,17697,50,,,0,40,,17698,50,,,0,80,,17699,50,,,0,30,,17700,50,,,0,70,,17701,50,,,0,100,,17702,50,,,0,100,,17703,50,,,0,100,,17704,50,,,0,100,,17705,50,0,8 14 1 18 19,0
22800,'Semaine-02',606,,17708,50,,,0,30,,17709,50,,,0,75,,17710,50,,,0,40,,17711,50,,,0,80,,17712,50,,,0,90,,17713,50,,,0,100,,17714,50,,,0,100,,17715,50,,,0,100,,17716,50,,,0,100,,17717,50,,,0,100,,17718,50,,,0,100,,17719,50,,,0,100,,17720,50,,,0,80,,17721,50,,,0,40,,17722,50,,,0,80,,17723,50,,,0,30,,17724,50,,,0,70,,17725,50,,,0,100,,17726,50,,,0,100,,17727,50,,,0,100,,17728,50,,,0,100,,17729,50,0,8 14 1 18 19,0
22800,'Week-end-01',751,,17738,50,,,0,200,,17735,50,,,0,200,,17736,50,,,0,200,,17731,50,,,0,200,,17733,50,,,0,200,,17737,50,,,0,200,,17734,50,,,0,200,,17732,50,0,8 14 1 18 19,0
70801,'Fête-1-01',627,,20769,50,,,0,99,,20785,50,,,0,74,,20770,50,,,0,100,,20771,50,,,0,51,,20772,50,,,0,100,,20773,50,,,0,100,,20774,50,,,0,100,,20775,50,,,0,100,,20776,50,,,0,100,,20777,50,,,0,100,,20778,50,,,0,100,,20779,50,,,0,100,,20780,50,,,0,100,,20781,50,,,0,101,,20782,50,,,0,100,,20783,50,,,0,100,,20784,50,,,0,80,,20767,50,,,0,118,,20768,50,,,0
70801,'Semaine-01',437,,20786,50,,,0,69,,20787,50,,,0,45,,20788,50,,,0,70,,20789,50,,,0,30,,20790,50,,,0,70,,20791,50,,,0,30,,20792,50,,,0,70,,20793,50,,,0,30,,20794,50,,,0,100,,20795,50,,,0,100,,20796,50,,,0,100,,20797,50,,,0,100,,20798,50,,,0,100,,20799,50,,,0,100,,20800,50,,,0,100,,20801,50,,,0,70,,20802,50,,,0,30,,20803,50,,,0,70,,20804,50,,,0,30,,20805,50,,,0,70,,20806,50,,,0,30,,20807,50,,,0,100,,20808,50,,,0,100,,20809,50,,,0,100,,20810,50,,,0,100,,20811,50,,,0,96,,20812,50,,,0,100,,20818,50,,,0
70801,'Semaine-02',437,,20819,50,,,0,69,,20820,50,,,0,45,,20821,50,,,0,70,,20822,50,,,0,30,,20823,50,,,0,70,,20824,50,,,0,30,,20825,50,,,0,70,,20826,50,,,0,30,,20827,50,,,0,100,,20828,50,,,0,100,,20829,50,,,0,100,,20830,50,,,0,100,,20831,50,,,0,100,,20832,50,,,0,100,,20833,50,,,0,100,,20834,50,,,0,70,,20835,50,,,0,30,,20836,50,,,0,70,,20837,50,,,0,30,,20838,50,,,0,70,,20839,50,,,0,30,,20840,50,,,0,100,,20841,50,,,0,100,,20842,50,,,0,100,,20843,50,,,0,100,,20844,50,,,0,96,,20845,50,,,0,100,,20851,50,,,0
70801,'Week-end-01',627,,20854,50,,,0,99,,20870,50,,,0,74,,20855,50,,,0,100,,20856,50,,,0,51,,20857,50,,,0,100,,20858,50,,,0,100,,20859,50,,,0,100,,20860,50,,,0,100,,20861,50,,,0,100,,20862,50,,,0,100,,20863,50,,,0,100,,20864,50,,,0,100,,20865,50,,,0,100,,20866,50,,,0,101,,20867,50,,,0,100,,20868,50,,,0,100,,20869,50,,,0,80,,20852,50,,,0,118,,20853,50,,,0
