22501,'Semaine-03',607,,15260,220,,,0,30,,15261,220,,,0,70,,15262,220,,,0,30,,15263,220,,,0,70,,15264,220,,,0,100,,15265,220,,,0,99,,15266,220,,,0,100,,15267,220,,,0,100,,15268,220,,,0,100,,15269,220,,,0,100,,15270,220,,,0,100,,15271,220,,,0,100,,15272,220,,,0,45,,15273,220,,,0,70,,15274,220,,,0,31,,15275,220,,,0,69,,15276,220,,,0,30,,15277,220,,,0,70,,15278,220,,,0,85,,15279,220,,,0,100,,15280,220,,,0,99,,15281,220,,,0
22501,'Semaine-53',607,,11889,220,,,0,30,,11890,220,,,0,70,,11891,220,,,0,30,,11892,220,,,0,70,,11893,220,,,0,100,,11894,220,,,0,99,,11895,220,,,0,100,,11896,220,,,0,100,,11897,220,,,0,100,,11898,220,,,0,100,,11899,220,,,0,100,,11900,220,,,0,100,,11901,220,,,0,45,,11902,220,,,0,70,,11903,220,,,0,31,,11904,220,,,0,69,,11905,220,,,0,30,,11906,220,,,0,70,,11907,220,,,0,85,,11908,220,,,0,100,,11909,220,,,0,99,,11910,220,,,0
22501,'Week-end-03',906,,15282,220,,,0,200,,15283,220,,,0,200,,15284,220,,,0,200,,15285,220,,,0,200,,15286,220,,,0,199,,15287,220,,,0,199,,15288,220,,,0
22501,'Week-end-53',906,,11911,220,,,0,200,,11912,220,,,0,200,,11913,220,,,0,200,,11914,220,,,0,200,,11915,220,,,0,199,,11916,220,,,0,199,,11917,220,,,0
49800,'Semaine-53',2233,,13925,30,4,,0,70,,13926,30,4,,0,30,,13927,30,4,,0,70,,13928,30,4,,0,30,,13929,30,4,,0,70,,13930,30,4,,0,30,,13931,30,4,,0,70,,13932,30,4,,0
49800,'Week-end-53',2233,,13933,30,4,,0,70,,13934,30,4,,0,30,,13935,30,4,,0,70,,13936,30,4,,0,30,,13937,30,4,,0,70,,13938,30,4,,0,30,,13939,30,4,,0,70,,13940,30,4,,0
70800,'Semaine-03',557,,16946,230,,,0,70,,16947,230,,,0,30,,16948,230,,,0,70,,16949,230,,,0,30,,16950,230,,,0,55,,16951,230,,,0,17,,16952,230,,,0,30,,16953,230,,,0,71,,16954,230,,,0,29,,16955,230,,,0,70,,16956,230,,,0,30,,16957,230,,,0,70,,16958,230,,,0,30,,16959,230,,,0,70,,16960,230,,,0,30,,16961,230,,,0,70,,16962,230,,,0,30,,16963,230,,,0,70,,16964,230,,,0,30,,16965,230,,,0,70,,16966,230,,,0,28,,16967,230,,,0,47,,16968,230,,,0,23,,16969,230,,,0,7,,16970,230,,,0,23,,16971,230,,,0,47,,16972,230,,,0,23,,16973,230,,,0,7,,16974,230,,,0,23,,16975,230,,,0,47,,16976,230,,,0,23,,16977,230,,,0,3,,16978,230,,,0,27,,16979,230,,,0,70,,16980,230,,,0,30,,16981,230,,,0,70,,16982,230,,,0,30,,16983,230,,,0,70,,16984,230,,,0,20,,16985,230,,,0,70,,16986,230,,,0,89,,16987,230,,,0,52,,16988,230,,,0,100,,16989,230,,,0,100,,16990,230,,,0
70800,'Semaine-53',557,,14483,230,,,0,70,,14484,230,,,0,30,,14485,230,,,0,70,,14486,230,,,0,30,,14487,230,,,0,55,,14488,230,,,0,17,,14489,230,,,0,30,,14490,230,,,0,71,,14491,230,,,0,29,,14492,230,,,0,70,,14493,230,,,0,30,,14494,230,,,0,70,,14495,230,,,0,30,,14496,230,,,0,70,,14497,230,,,0,30,,14498,230,,,0,70,,14499,230,,,0,30,,14500,230,,,0,70,,14501,230,,,0,30,,14502,230,,,0,70,,14503,230,,,0,28,,14504,230,,,0,47,,14505,230,,,0,23,,14506,230,,,0,7,,14507,230,,,0,23,,14508,230,,,0,47,,14509,230,,,0,23,,14510,230,,,0,7,,14511,230,,,0,23,,14512,230,,,0,47,,14513,230,,,0,23,,14514,230,,,0,3,,14515,230,,,0,27,,14516,230,,,0,70,,14517,230,,,0,30,,14518,230,,,0,70,,14519,230,,,0,30,,14520,230,,,0,70,,14521,230,,,0,20,,14522,230,,,0,70,,14523,230,,,0,89,,14524,230,,,0,52,,14525,230,,,0,100,,14526,230,,,0,100,,14527,230,,,0
70800,'Week-end-03',736,,16993,230,,,0,104,,16994,230,,,0,89,,16995,230,,,0,100,,16996,230,,,0,102,,16997,230,,,0,97,,16998,230,,,0,100,,16999,230,,,0,99,,17000,230,,,0,101,,17001,230,,,0,100,,17002,230,,,0,102,,17003,230,,,0,100,,17004,230,,,0,100,,17005,230,,,0,96,,17006,230,,,0,103,,17007,230,,,0,80,,17008,230,,,0,43,,17009,230,,,0,80,,16991,230,,,0,117,,16992,230,,,0
70800,'Week-end-53',736,,14530,230,,,0,104,,14531,230,,,0,89,,14532,230,,,0,100,,14533,230,,,0,102,,14534,230,,,0,97,,14535,230,,,0,100,,14536,230,,,0,99,,14537,230,,,0,101,,14538,230,,,0,100,,14539,230,,,0,102,,14540,230,,,0,100,,14541,230,,,0,100,,14542,230,,,0,96,,14543,230,,,0,103,,14544,230,,,0,80,,14545,230,,,0,43,,14546,230,,,0,80,,14528,230,,,0,117,,14529,230,,,0
