25001,'Semaine-03',543,,16114,210,,,0,64,,16115,210,,,0,29,,16116,210,,,0,21,,16117,210,,,0,85,,16118,210,,,0,62,,16119,210,,,0,34,,16120,210,,,0,72,,16121,210,,,0,37,,16122,210,,,0,59,,16123,210,,,0,100,,16124,210,,,0,103,,16125,210,,,0,100,,16126,210,,,0,102,,16127,210,,,0,115,,16128,210,,,0,24,,16129,210,,,0,75,,16130,210,,,0,26,,16131,210,,,0,70,,16132,210,,,0,28,,16133,210,,,0,82,,16134,210,,,0,88,,16135,210,,,0,107,,16136,210,,,0,94,,16137,210,,,0,101,,16138,210,,,0
25001,'Semaine-53',543,,13032,210,,,0,64,,13033,210,,,0,29,,13034,210,,,0,21,,13035,210,,,0,85,,13036,210,,,0,62,,13037,210,,,0,34,,13038,210,,,0,72,,13039,210,,,0,37,,13040,210,,,0,59,,13041,210,,,0,100,,13042,210,,,0,103,,13043,210,,,0,100,,13044,210,,,0,102,,13045,210,,,0,115,,13046,210,,,0,24,,13047,210,,,0,75,,13048,210,,,0,26,,13049,210,,,0,70,,13050,210,,,0,28,,13051,210,,,0,82,,13052,210,,,0,88,,13053,210,,,0,107,,13054,210,,,0,94,,13055,210,,,0,101,,13056,210,,,0
25001,'Week-end-03',718,,16157,210,,,0,99,,16141,210,,,0,30,,16144,210,,,0,99,,16151,210,,,0,70,,16152,210,,,0,101,,16143,210,,,0,30,,16146,210,,,0,100,,16154,210,,,0,70,,16155,210,,,0,100,,16142,210,,,0,29,,16153,210,,,0,100,,16145,210,,,0,71,,16150,210,,,0,101,,16156,210,,,0,30,,16147,210,,,0,100,,16148,210,,,0,70,,16140,210,,,0,101,,16149,210,,,0,30,,16158,210,,,0,101,,16139,210,,,0,70,,16159,210,,,0
25001,'Week-end-53',718,,13075,210,,,0,99,,13059,210,,,0,30,,13062,210,,,0,99,,13069,210,,,0,70,,13070,210,,,0,101,,13061,210,,,0,30,,13064,210,,,0,100,,13072,210,,,0,70,,13073,210,,,0,100,,13060,210,,,0,29,,13071,210,,,0,100,,13063,210,,,0,71,,13068,210,,,0,101,,13074,210,,,0,30,,13065,210,,,0,100,,13066,210,,,0,70,,13058,210,,,0,101,,13067,210,,,0,30,,13076,210,,,0,101,,13057,210,,,0,70,,13077,210,,,0
31700,'Semaine-03',654,,16711,170,0,11 23,0,70,,16712,170,0,11 23,0,110,,16713,170,0,11 23,0,290,,16714,170,0,11 23,0,300,,16715,170,0,11 23,0
31700,'Semaine-53',654,,13842,170,0,11 23,0,70,,13843,170,0,11 23,0,110,,13844,170,0,11 23,0,290,,13845,170,0,11 23,0,300,,13846,170,0,11 23,0
31701,'Semaine-03',1235,,16718,180,,,0,270,,16723,180,,,0,100,,16719,180,,,0,130,,16720,180,,,0,100,,16721,180,,,0,475,,16722,180,,,0
31701,'Semaine-53',1235,,13850,180,,,0,270,,13855,180,,,0,100,,13851,180,,,0,130,,13852,180,,,0,100,,13853,180,,,0,475,,13854,180,,,0
51401,'Semaine-03',533,,16742,210,,,0,95,,16743,210,,,0,74,,16744,210,,,0
51401,'Semaine-53',533,,14194,210,,,0,95,,14195,210,,,0,74,,14196,210,,,0
