24601,'Fête-2-02',550,,2558,,,0,87,,2557,,,0,90,,2556,,,0,87,,2555,,,0,87,,2554,,,0,657,,2553,,,0,93,,2552,,,0,92,,2551,,,0,100,,2550,,,0,88,,2549,,,0
24601,'Semaine-01',551,,2568,,,0,87,,2567,,,0,92,,2566,,,0,88,,2565,,,0,91,,2564,,,0,699,,2563,,,0,50,,2562,,,0,93,,2561,,,0,92,,2560,,,0,88,,2559,,,0
24601,'Semaine-50',551,,2578,,,0,87,,2577,,,0,92,,2576,,,0,88,,2575,,,0,91,,2574,,,0,699,,2573,,,0,50,,2572,,,0,93,,2571,,,0,92,,2570,,,0,88,,2569,,,0
25001,'Fête-1-01',749,,3171,,,0,100,,3155,,,0,70,,3158,,,0,100,,3165,,,0,30,,3166,,,0,100,,3157,,,0,70,,3160,,,0,100,,3168,,,0,30,,3169,,,0,100,,3156,,,0,70,,3167,,,0,100,,3159,,,0,30,,3164,,,0,100,,3170,,,0,70,,3161,,,0,100,,3162,,,0,30,,3154,,,0,100,,3163,,,0,70,,3172,,,0,100,,3153,,,0,30,,3173,,,0
25001,'Fête-1-02',749,,3192,,,0,100,,3176,,,0,70,,3179,,,0,100,,3186,,,0,30,,3187,,,0,100,,3178,,,0,70,,3181,,,0,100,,3189,,,0,30,,3190,,,0,100,,3177,,,0,70,,3188,,,0,100,,3180,,,0,30,,3185,,,0,100,,3191,,,0,70,,3182,,,0,100,,3183,,,0,30,,3175,,,0,100,,3184,,,0,70,,3193,,,0,100,,3174,,,0,30,,3194,,,0
25001,'Fête-2-02',618,,3195,,,0,25,,3196,,,0,73,,3197,,,0,22,,3198,,,0,84,,3199,,,0,95,,3200,,,0,28,,3201,,,0,95,,3202,,,0,100,,3203,,,0,102,,3204,,,0,101,,3205,,,0,102,,3206,,,0,155,,3207,,,0,100,,3208,,,0,29,,3209,,,0,30,,3210,,,0,68,,3211,,,0,30,,3212,,,0,97,,3213,,,0,103,,3214,,,0,99,,3215,,,0,99,,3216,,,0
25001,'Semaine-01',618,,3217,,,0,25,,3218,,,0,73,,3219,,,0,22,,3220,,,0,84,,3221,,,0,23,,3222,,,0,72,,3223,,,0,28,,3224,,,0,76,,3225,,,0,19,,3226,,,0,100,,3227,,,0,102,,3228,,,0,101,,3229,,,0,102,,3230,,,0,155,,3231,,,0,27,,3232,,,0,73,,3233,,,0,29,,3234,,,0,30,,3235,,,0,68,,3236,,,0,30,,3237,,,0,97,,3238,,,0,103,,3239,,,0,99,,3240,,,0,99,,3241,,,0
25001,'Semaine-50',618,,3242,,,0,25,,3243,,,0,73,,3244,,,0,22,,3245,,,0,84,,3246,,,0,23,,3247,,,0,72,,3248,,,0,28,,3249,,,0,76,,3250,,,0,19,,3251,,,0,100,,3252,,,0,102,,3253,,,0,101,,3254,,,0,102,,3255,,,0,155,,3256,,,0,27,,3257,,,0,73,,3258,,,0,29,,3259,,,0,30,,3260,,,0,68,,3261,,,0,30,,3262,,,0,97,,3263,,,0,103,,3264,,,0,99,,3265,,,0,99,,3266,,,0
25001,'Week-end-01',749,,3285,,,0,100,,3269,,,0,70,,3272,,,0,100,,3279,,,0,30,,3280,,,0,100,,3271,,,0,70,,3274,,,0,100,,3282,,,0,30,,3283,,,0,100,,3270,,,0,70,,3281,,,0,100,,3273,,,0,30,,3278,,,0,100,,3284,,,0,70,,3275,,,0,100,,3276,,,0,30,,3268,,,0,100,,3277,,,0,70,,3286,,,0,100,,3267,,,0,30,,3287,,,0
25001,'Week-end-50',749,,3306,,,0,100,,3290,,,0,70,,3293,,,0,100,,3300,,,0,30,,3301,,,0,100,,3292,,,0,70,,3295,,,0,100,,3303,,,0,30,,3304,,,0,100,,3291,,,0,70,,3302,,,0,100,,3294,,,0,30,,3299,,,0,100,,3305,,,0,70,,3296,,,0,100,,3297,,,0,30,,3289,,,0,100,,3298,,,0,70,,3307,,,0,100,,3288,,,0,30,,3308,,,0
