23300,'Fête-1-02',837,,21641,40,,,0,200,,21643,40,,,0,200,,21639,40,,,0,200,,21644,40,,,0,200,,21642,40,,,0,200,,21640,40,,,0,200,,21637,40,,,0,200,,21638,40,0,8 41 1 42 43 44,0
23300,'Semaine-02',607,,18057,40,,,0,38,,18058,40,,,0,162,,18068,40,,,0,230,,18059,40,,,0,200,,18060,40,,,0,200,,18061,40,,,0,175,,18062,40,,,0,105,,18063,40,,,0,100,,18067,40,,,0,105,,18064,40,,,0,115,,18065,40,,,0,207,,18066,40,0,8 41 1 42 43 44,0
23300,'Semaine-03',607,,21645,40,,,0,38,,21646,40,,,0,162,,21656,40,,,0,230,,21647,40,,,0,200,,21648,40,,,0,200,,21649,40,,,0,175,,21650,40,,,0,105,,21651,40,,,0,100,,21655,40,,,0,105,,21652,40,,,0,115,,21653,40,,,0,207,,21654,40,0,8 41 1 42 43 44,0
23300,'Week-end-01',837,,18073,40,,,0,200,,18075,40,,,0,200,,18071,40,,,0,200,,18076,40,,,0,200,,18074,40,,,0,200,,18072,40,,,0,200,,18069,40,,,0,200,,18070,40,0,8 41 1 42 43 44,0
23400,'Fête-1-02',937,,21662,40,,,0,200,,21660,40,,,0,200,,21657,40,,,0,200,,21659,40,,,0,200,,21658,40,,,0,200,,21663,40,,,0,200,,21661,40,,,0
23400,'Semaine-02',626,,18099,40,,,0,106,,18112,40,,,0,103,,18100,40,,,0,102,,18101,40,,,0,200,,18102,40,,,0,200,,18103,40,,,0,200,,18104,40,,,0,108,,18105,40,,,0,102,,18106,40,,,0,98,,18111,40,,,0,92,,18107,40,,,0,200,,18108,40,,,0
23400,'Semaine-03',626,,21665,40,,,0,106,,21678,40,,,0,103,,21666,40,,,0,102,,21667,40,,,0,200,,21668,40,,,0,200,,21669,40,,,0,200,,21670,40,,,0,108,,21671,40,,,0,102,,21672,40,,,0,98,,21677,40,,,0,92,,21673,40,,,0,200,,21674,40,,,0
23400,'Week-end-01',937,,18118,40,,,0,200,,18116,40,,,0,200,,18113,40,,,0,200,,18115,40,,,0,200,,18114,40,,,0,200,,18119,40,,,0,200,,18117,40,,,0
23900,'Fête-1-02',836,,21861,40,,,0,100,,21869,40,,,0,100,,21870,40,,,0,101,,21871,40,,,0,100,,21872,40,,,0,100,,21873,40,,,0,100,,21874,40,,,0,100,,21867,40,,,0,99,,21863,40,,,0,100,,21862,40,,,0,100,,21864,40,,,0,100,,21865,40,,,0,100,,21866,40,,,0,100,,21868,40,,,0,100,,21875,40,0,8 35 1 36,0
23900,'Semaine-02',623,,18526,40,,,0,20,,18550,40,,,0,67,,18527,40,,,0,27,,18528,40,,,0,69,,18542,40,,,0,30,,18539,40,,,0,100,,18529,40,,,0,100,,18530,40,,,0,100,,18531,40,,,0,101,,18532,40,,,0,100,,18533,40,,,0,100,,18534,40,,,0,100,,18535,40,,,0,75,,18536,40,,,0,35,,18547,40,,,0,79,,18548,40,,,0,20,,18543,40,,,0,75,,18540,40,,,0,22,,18537,40,,,0,78,,18549,40,,,0,115,,18546,40,,,0,100,,18545,40,,,0,107,,18544,40,0,8 35 1 36,0
23900,'Semaine-03',623,,21877,40,,,0,20,,21901,40,,,0,67,,21878,40,,,0,27,,21879,40,,,0,69,,21893,40,,,0,30,,21890,40,,,0,100,,21880,40,,,0,100,,21881,40,,,0,100,,21882,40,,,0,101,,21883,40,,,0,100,,21884,40,,,0,100,,21885,40,,,0,100,,21886,40,,,0,75,,21887,40,,,0,35,,21898,40,,,0,79,,21899,40,,,0,20,,21894,40,,,0,75,,21891,40,,,0,22,,21888,40,,,0,78,,21900,40,,,0,115,,21897,40,,,0,100,,21896,40,,,0,107,,21895,40,0,8 35 1 36,0
23900,'Week-end-01',836,,18551,40,,,0,100,,18559,40,,,0,100,,18560,40,,,0,101,,18561,40,,,0,100,,18562,40,,,0,100,,18563,40,,,0,100,,18564,40,,,0,100,,18557,40,,,0,99,,18553,40,,,0,100,,18552,40,,,0,100,,18554,40,,,0,100,,18555,40,,,0,100,,18556,40,,,0,100,,18558,40,,,0,100,,18565,40,0,8 35 1 36,0
