23000,'Semaine-03',617,,15392,110,,,0,29,,15393,110,,,0,70,,15394,110,,,0,30,,15395,110,,,0,70,,15396,110,,,0,29,,15397,110,,,0,100,,15398,110,,,0,100,,15403,110,,,0,100,,15404,110,,,0,100,,15405,110,,,0,100,,15406,110,,,0,100,,15407,110,,,0,101,,15409,110,,,0,70,,15390,110,,,0,30,,15389,110,,,0,70,,15388,110,,,0,30,,15387,110,,,0,70,,15391,110,,,0,29,,15408,110,,,0,70,,15402,110,,,0,100,,15401,110,,,0,100,,15400,110,,,0,100,,15399,110,,,0
23000,'Semaine-53',617,,12059,110,,,0,29,,12060,110,,,0,70,,12061,110,,,0,30,,12062,110,,,0,70,,12063,110,,,0,29,,12064,110,,,0,100,,12065,110,,,0,100,,12070,110,,,0,100,,12071,110,,,0,100,,12072,110,,,0,100,,12073,110,,,0,100,,12074,110,,,0,101,,12076,110,,,0,70,,12057,110,,,0,30,,12056,110,,,0,70,,12055,110,,,0,30,,12054,110,,,0,70,,12058,110,,,0,29,,12075,110,,,0,70,,12069,110,,,0,100,,12068,110,,,0,100,,12067,110,,,0,100,,12066,110,,,0
23000,'Week-end-03',841,,15412,110,,,0,100,,15413,110,,,0,101,,15417,110,,,0,100,,15418,110,,,0,100,,15419,110,,,0,100,,15420,110,,,0,100,,15421,110,,,0,100,,15423,110,,,0,100,,15411,110,,,0,99,,15410,110,,,0,100,,15422,110,,,0,100,,15416,110,,,0,100,,15415,110,,,0,100,,15414,110,,,0,100,,15424,110,,,0
23000,'Week-end-53',841,,12079,110,,,0,100,,12080,110,,,0,101,,12084,110,,,0,100,,12085,110,,,0,100,,12086,110,,,0,100,,12087,110,,,0,100,,12088,110,,,0,100,,12090,110,,,0,100,,12078,110,,,0,99,,12077,110,,,0,100,,12089,110,,,0,100,,12083,110,,,0,100,,12082,110,,,0,100,,12081,110,,,0,100,,12091,110,,,0
23600,'Semaine-03',632,,15660,360,,,0,111,,15661,360,,,0,73,,15679,360,,,0,33,,15662,360,,,0,76,,15663,360,,,0,100,,15664,360,,,0,100,,15665,360,,,0,100,,15666,360,,,0,100,,15667,360,,,0,100,,15668,360,,,0,100,,15669,360,,,0,101,,15670,360,,,0,16,,15671,360,,,0,74,,15672,360,,,0,36,,15673,360,,,0,80,,15674,360,,,0,124,,15675,360,,,0,99,,15676,360,,,0,100,,15677,360,,,0
23600,'Semaine-53',632,,12433,360,,,0,111,,12434,360,,,0,73,,12452,360,,,0,33,,12435,360,,,0,76,,12436,360,,,0,100,,12437,360,,,0,100,,12438,360,,,0,100,,12439,360,,,0,100,,12440,360,,,0,100,,12441,360,,,0,100,,12442,360,,,0,101,,12443,360,,,0,16,,12444,360,,,0,74,,12445,360,,,0,36,,12446,360,,,0,80,,12447,360,,,0,124,,12448,360,,,0,99,,12449,360,,,0,100,,12450,360,,,0
23600,'Week-end-03',859,,15691,360,,,0,100,,15682,360,,,0,100,,15692,360,,,0,141,,15680,360,,,0,100,,15688,360,,,0,100,,15684,360,,,0,100,,15690,360,,,0,100,,15681,360,,,0,100,,15694,360,,,0,100,,15683,360,,,0,100,,15689,360,,,0,100,,15685,360,,,0,100,,15687,360,,,0,100,,15686,360,,,0
23600,'Week-end-53',859,,12464,360,,,0,100,,12455,360,,,0,100,,12465,360,,,0,141,,12453,360,,,0,100,,12461,360,,,0,100,,12457,360,,,0,100,,12463,360,,,0,100,,12454,360,,,0,100,,12467,360,,,0,100,,12456,360,,,0,100,,12462,360,,,0,100,,12458,360,,,0,100,,12460,360,,,0,100,,12459,360,,,0
70900,'Semaine-03',628,,17074,570,0,11 12 13,0,12,,17132,570,0,11 12 13,0,67,,17075,570,0,11 12 13,0,10,,17076,570,0,11 12 13,0,10,,17077,570,0,11 12 13,0,7,,17078,570,0,11 12 13,0,19,,17079,570,0,11 12 13,0,59,,17080,570,0,11 12 13,0,10,,17081,570,0,11 12 13,0,9,,17082,570,0,11 12 13,0,13,,17083,570,0,11 12 13,0,12,,17084,570,0,11 12 13,0,57,,17085,570,0,11 12 13,0,11,,17086,570,0,11 12 13,0,19,,17130,570,0,11 12 13,0,15,,17087,570,0,11 12 13,0,65,,17129,570,0,11 12 13,0,15,,17088,570,0,11 12 13,0,13,,17089,570,0,11 12 13,0,55,,17090,570,0,11 12 13,0,29,,17091,570,0,11 12 13,0,15,,17092,570,0,11 12 13,0,55,,17093,570,0,11 12 13,0,23,,17094,570,0,11 12 13,0,31,,17095,570,0,11 12 13,0,55,,17125,570,0,11 12 13,0,15,,17128,570,0,11 12 13,0,15,,17127,570,0,11 12 13,0,70,,17126,570,0,11 12 13,0,45,,17124,570,0,11 12 13,0,55,,17096,570,0,11 12 13,0,24,,17097,570,0,11 12 13,0,86,,17098,570,,,0,15,,17099,570,,,0,16,,17100,570,,,0,60,,17122,570,,,0,16,,17123,570,,,0,8,,17116,570,,,0,15,,17121,570,,,0,51,,17117,570,,,0,12,,17118,570,,,0,9,,17119,570,,,0,10,,17120,570,,,0,12,,17115,570,,,0,53,,17101,570,,,0,12,,17102,570,,,0,13,,17103,570,,,0,11,,17104,570,,,0,10,,17105,570,,,0,67,,17114,570,,,0,19,,17106,570,,,0,69,,17107,570,,,0,22,,17133,570,,,0,30,,17108,570,,,0,54,,17109,570,,,0,27,,17110,570,,,0,70,,17111,570,,,0,29,,17112,570,,,0,82,,17131,570,,,0,99,,17113,570,,,0,108,,17073,570,,,0
70900,'Semaine-53',628,,14669,570,0,11 12 13,0,12,,14727,570,0,11 12 13,0,67,,14670,570,0,11 12 13,0,10,,14671,570,0,11 12 13,0,10,,14672,570,0,11 12 13,0,7,,14673,570,0,11 12 13,0,19,,14674,570,0,11 12 13,0,59,,14675,570,0,11 12 13,0,10,,14676,570,0,11 12 13,0,9,,14677,570,0,11 12 13,0,13,,14678,570,0,11 12 13,0,12,,14679,570,0,11 12 13,0,57,,14680,570,0,11 12 13,0,11,,14681,570,0,11 12 13,0,19,,14725,570,0,11 12 13,0,15,,14682,570,0,11 12 13,0,65,,14724,570,0,11 12 13,0,15,,14683,570,0,11 12 13,0,13,,14684,570,0,11 12 13,0,55,,14685,570,0,11 12 13,0,29,,14686,570,0,11 12 13,0,15,,14687,570,0,11 12 13,0,55,,14688,570,0,11 12 13,0,23,,14689,570,0,11 12 13,0,31,,14690,570,0,11 12 13,0,55,,14720,570,0,11 12 13,0,15,,14723,570,0,11 12 13,0,15,,14722,570,0,11 12 13,0,70,,14721,570,0,11 12 13,0,45,,14719,570,0,11 12 13,0,55,,14691,570,0,11 12 13,0,24,,14692,570,0,11 12 13,0,86,,14693,570,,,0,15,,14694,570,,,0,16,,14695,570,,,0,60,,14717,570,,,0,16,,14718,570,,,0,8,,14711,570,,,0,15,,14716,570,,,0,51,,14712,570,,,0,12,,14713,570,,,0,9,,14714,570,,,0,10,,14715,570,,,0,12,,14710,570,,,0,53,,14696,570,,,0,12,,14697,570,,,0,13,,14698,570,,,0,11,,14699,570,,,0,10,,14700,570,,,0,67,,14709,570,,,0,19,,14701,570,,,0,69,,14702,570,,,0,22,,14728,570,,,0,30,,14703,570,,,0,54,,14704,570,,,0,27,,14705,570,,,0,70,,14706,570,,,0,29,,14707,570,,,0,82,,14726,570,,,0,99,,14708,570,,,0,108,,14668,570,,,0
70900,'Week-end-03',708,,17134,570,,,0,25,,17135,570,,,0,15,,17136,570,,,0,71,,17137,570,,,0,30,,17138,570,,,0,71,,17139,570,,,0,30,,17140,570,,,0,71,,17141,570,,,0,30,,17142,570,,,0,70,,17143,570,,,0,31,,17144,570,,,0,70,,17145,570,,,0,30,,17146,570,,,0,70,,17147,570,,,0,30,,17148,570,,,0,70,,17149,570,,,0,30,,17150,570,,,0,71,,17151,570,,,0,30,,17152,570,,,0,70,,17153,570,,,0,30,,17154,570,,,0,70,,17155,570,,,0,30,,17156,570,,,0,69,,17157,570,,,0,30,,17158,570,,,0,70,,17159,570,,,0,28,,17160,570,,,0,70,,17161,570,,,0,30,,17162,570,,,0,69,,17163,570,,,0,30,,17164,570,,,0,70,,17165,570,,,0,30,,17166,570,,,0,60,,17167,570,,,0,29,,17168,570,,,0,70,,17169,570,,,0,30,,17170,570,,,0,70,,17171,570,,,0,109,,17172,570,,,0
70900,'Week-end-53',708,,14729,570,,,0,25,,14730,570,,,0,15,,14731,570,,,0,71,,14732,570,,,0,30,,14733,570,,,0,71,,14734,570,,,0,30,,14735,570,,,0,71,,14736,570,,,0,30,,14737,570,,,0,70,,14738,570,,,0,31,,14739,570,,,0,70,,14740,570,,,0,30,,14741,570,,,0,70,,14742,570,,,0,30,,14743,570,,,0,70,,14744,570,,,0,30,,14745,570,,,0,71,,14746,570,,,0,30,,14747,570,,,0,70,,14748,570,,,0,30,,14749,570,,,0,70,,14750,570,,,0,30,,14751,570,,,0,69,,14752,570,,,0,30,,14753,570,,,0,70,,14754,570,,,0,28,,14755,570,,,0,70,,14756,570,,,0,30,,14757,570,,,0,69,,14758,570,,,0,30,,14759,570,,,0,70,,14760,570,,,0,30,,14761,570,,,0,60,,14762,570,,,0,29,,14763,570,,,0,70,,14764,570,,,0,30,,14765,570,,,0,70,,14766,570,,,0,109,,14767,570,,,0
