25500,'LA-H26-LA_GTFS-Fête-2-02',519,,3610,,,0,84,,3611,,,0,30,,3612,,,0,71,,3615,,,0,30,,3616,,,0,912,,3609,,,0,94,,3613,,,0,73,,3614,,,0,31,,3617,,,0,73,,3608,,,0,29,,3618,,,0,69,,3619,,,0
25500,'LA-H26-LA_GTFS-Semaine-01',519,,3622,,,0,84,,3623,,,0,30,,3624,,,0,71,,3627,,,0,30,,3628,,,0,912,,3621,,,0,94,,3625,,,0,73,,3626,,,0,31,,3629,,,0,73,,3620,,,0,29,,3630,,,0,69,,3631,,,0
25500,'LA-H26-LA_GTFS-Semaine-50',519,,3634,,,0,84,,3635,,,0,30,,3636,,,0,71,,3639,,,0,30,,3640,,,0,912,,3633,,,0,94,,3637,,,0,73,,3638,,,0,31,,3641,,,0,73,,3632,,,0,29,,3642,,,0,69,,3643,,,0
70901,'LA-H26-LA_GTFS-Fête-1-01',615,,7175,,,0,30,,7176,,,0,70,,7177,,,0,30,,7178,,,0,70,,7179,,,0,15,,7180,,,0,71,,7181,,,0,30,,7182,,,0,70,,7183,,,0,31,,7184,,,0,71,,7185,,,0,30,,7186,,,0,70,,7187,,,0,30,,7188,,,0,70,,7189,,,0,30,,7190,,,0,70,,7191,,,0,30,,7192,,,0,70,,7193,,,0,30,,7194,,,0,70,,7195,,,0,30,,7196,,,0,70,,7197,,,0,30,,7198,,,0,70,,7199,,,0,30,,7200,,,0,70,,7201,,,0,30,,7202,,,0,70,,7203,,,0,30,,7204,,,0,70,,7205,,,0,30,,7206,,,0,70,,7207,,,0,31,,7208,,,0,70,,7209,,,0,30,,7210,,,0,111,,7211,,,0
70901,'LA-H26-LA_GTFS-Fête-1-02',615,,7212,,,0,30,,7213,,,0,70,,7214,,,0,30,,7215,,,0,70,,7216,,,0,15,,7217,,,0,71,,7218,,,0,30,,7219,,,0,70,,7220,,,0,31,,7221,,,0,71,,7222,,,0,30,,7223,,,0,70,,7224,,,0,30,,7225,,,0,70,,7226,,,0,30,,7227,,,0,70,,7228,,,0,30,,7229,,,0,70,,7230,,,0,30,,7231,,,0,70,,7232,,,0,30,,7233,,,0,70,,7234,,,0,30,,7235,,,0,70,,7236,,,0,30,,7237,,,0,70,,7238,,,0,30,,7239,,,0,70,,7240,,,0,30,,7241,,,0,70,,7242,,,0,30,,7243,,,0,70,,7244,,,0,31,,7245,,,0,70,,7246,,,0,30,,7247,,,0,111,,7248,,,0
70901,'LA-H26-LA_GTFS-Fête-2-02',447,,7253,,,0,70,,7298,,,0,20,,7250,,,0,10,,7249,,,0,10,,7251,,,0,50,,7252,,,0,20,,7254,,,0,10,,7255,,,0,10,,7256,,,0,65,,7257,,,0,12,,7258,,,0,11,,7259,,,0,10,,7260,,,0,10,,7261,,,0,50,,7262,,,0,20,,7263,,,0,10,,7264,,,0,15,,7265,,,0,55,,7267,,,0,15,,7304,,,0,15,,7266,,,0,70,,7268,,,0,15,,7269,,,0,22,,7270,,,0,70,,7271,,,0,15,,7272,,,0,15,,7273,,,0,15,,7274,,,0,55,,7307,,,0,15,,7275,,,0,85,,7276,,,0,15,,7277,,,0,15,,7278,,,0,70,,7299,,,0,30,,7300,,,0,70,,7301,,,0,16,,7302,,,0,16,,7303,,,0,87,,7280,,,0,16,,7279,,,0,68,,7281,,,0,15,,7282,,,0,10,,7283,,,0,14,,7284,,,0,55,,7305,,,0,13,,7306,,,0,14,,7285,,,0,19,,7286,,,0,54,,7287,,,0,15,,7288,,,0,23,,7289,,,0,70,,7290,,,0,15,,7291,,,0,19,,7292,,,0,79,,7293,,,0,29,,7294,,,0,84,,7295,,,0,100,,7296,,,0,108,,7297,,,0
70901,'LA-H26-LA_GTFS-Semaine-01',447,,7312,,,0,70,,7361,,,0,20,,7309,,,0,10,,7308,,,0,10,,7310,,,0,50,,7311,,,0,10,,7313,,,0,10,,7314,,,0,10,,7315,,,0,10,,7316,,,0,55,,7317,,,0,10,,7318,,,0,12,,7319,,,0,11,,7320,,,0,10,,7321,,,0,10,,7322,,,0,50,,7323,,,0,10,,7324,,,0,10,,7325,,,0,10,,7326,,,0,15,,7327,,,0,55,,7329,,,0,15,,7368,,,0,15,,7328,,,0,70,,7330,,,0,15,,7331,,,0,22,,7332,,,0,70,,7333,,,0,15,,7334,,,0,15,,7335,,,0,15,,7336,,,0,55,,7371,,,0,15,,7337,,,0,15,,7372,,,0,70,,7338,,,0,15,,7339,,,0,15,,7340,,,0,70,,7363,,,0,30,,7364,,,0,70,,7365,,,0,16,,7366,,,0,16,,7367,,,0,72,,7362,,,0,15,,7342,,,0,16,,7341,,,0,55,,7343,,,0,13,,7344,,,0,15,,7345,,,0,10,,7346,,,0,14,,7347,,,0,55,,7369,,,0,13,,7370,,,0,14,,7348,,,0,19,,7349,,,0,54,,7350,,,0,15,,7351,,,0,23,,7352,,,0,70,,7353,,,0,15,,7354,,,0,68,,7355,,,0,30,,7356,,,0,29,,7357,,,0,84,,7358,,,0,100,,7359,,,0,108,,7360,,,0
70901,'LA-H26-LA_GTFS-Semaine-50',447,,7377,,,0,70,,7426,,,0,20,,7374,,,0,10,,7373,,,0,10,,7375,,,0,50,,7376,,,0,10,,7378,,,0,10,,7379,,,0,10,,7380,,,0,10,,7381,,,0,55,,7382,,,0,10,,7383,,,0,12,,7384,,,0,11,,7385,,,0,10,,7386,,,0,10,,7387,,,0,50,,7388,,,0,10,,7389,,,0,10,,7390,,,0,10,,7391,,,0,15,,7392,,,0,55,,7394,,,0,15,,7433,,,0,15,,7393,,,0,70,,7395,,,0,15,,7396,,,0,22,,7397,,,0,70,,7398,,,0,15,,7399,,,0,15,,7400,,,0,15,,7401,,,0,55,,7436,,,0,15,,7402,,,0,15,,7437,,,0,70,,7403,,,0,15,,7404,,,0,15,,7405,,,0,70,,7428,,,0,30,,7429,,,0,70,,7430,,,0,16,,7431,,,0,16,,7432,,,0,72,,7427,,,0,15,,7407,,,0,16,,7406,,,0,55,,7408,,,0,13,,7409,,,0,15,,7410,,,0,10,,7411,,,0,14,,7412,,,0,55,,7434,,,0,13,,7435,,,0,14,,7413,,,0,19,,7414,,,0,54,,7415,,,0,15,,7416,,,0,23,,7417,,,0,70,,7418,,,0,15,,7419,,,0,68,,7420,,,0,30,,7421,,,0,29,,7422,,,0,84,,7423,,,0,100,,7424,,,0,108,,7425,,,0
70901,'LA-H26-LA_GTFS-Week-end-01',615,,7438,,,0,30,,7439,,,0,70,,7440,,,0,30,,7441,,,0,70,,7442,,,0,15,,7443,,,0,71,,7444,,,0,30,,7445,,,0,70,,7446,,,0,31,,7447,,,0,71,,7448,,,0,30,,7449,,,0,70,,7450,,,0,30,,7451,,,0,70,,7452,,,0,30,,7453,,,0,70,,7454,,,0,30,,7455,,,0,70,,7456,,,0,30,,7457,,,0,70,,7458,,,0,30,,7459,,,0,70,,7460,,,0,30,,7461,,,0,70,,7462,,,0,30,,7463,,,0,70,,7464,,,0,30,,7465,,,0,70,,7466,,,0,30,,7467,,,0,70,,7468,,,0,30,,7469,,,0,70,,7470,,,0,31,,7471,,,0,70,,7472,,,0,30,,7473,,,0,111,,7474,,,0
70901,'LA-H26-LA_GTFS-Week-end-50',615,,7475,,,0,30,,7476,,,0,70,,7477,,,0,30,,7478,,,0,70,,7479,,,0,15,,7480,,,0,71,,7481,,,0,30,,7482,,,0,70,,7483,,,0,31,,7484,,,0,71,,7485,,,0,30,,7486,,,0,70,,7487,,,0,30,,7488,,,0,70,,7489,,,0,30,,7490,,,0,70,,7491,,,0,30,,7492,,,0,70,,7493,,,0,30,,7494,,,0,70,,7495,,,0,30,,7496,,,0,70,,7497,,,0,30,,7498,,,0,70,,7499,,,0,30,,7500,,,0,70,,7501,,,0,30,,7502,,,0,70,,7503,,,0,30,,7504,,,0,70,,7505,,,0,30,,7506,,,0,70,,7507,,,0,31,,7508,,,0,70,,7509,,,0,30,,7510,,,0,111,,7511,,,0
