25001,'Semaine-03',545,,16114,260,,,0,64,,16115,260,,,0,29,,16116,260,,,0,62,,16117,260,,,0,45,,16118,260,,,0,62,,16119,260,,,0,34,,16120,260,,,0,71,,16121,260,,,0,37,,16122,260,,,0,59,,16123,260,,,0,100,,16124,260,,,0,103,,16125,260,,,0,100,,16126,260,,,0,102,,16127,260,,,0,115,,16128,260,,,0,24,,16129,260,,,0,75,,16130,260,,,0,26,,16131,260,,,0,70,,16132,260,,,0,28,,16133,260,,,0,82,,16134,260,,,0,88,,16135,260,,,0,107,,16136,260,,,0,94,,16137,260,,,0,101,,16138,260,,,0
25001,'Semaine-53',545,,13032,260,,,0,64,,13033,260,,,0,29,,13034,260,,,0,62,,13035,260,,,0,45,,13036,260,,,0,62,,13037,260,,,0,34,,13038,260,,,0,71,,13039,260,,,0,37,,13040,260,,,0,59,,13041,260,,,0,100,,13042,260,,,0,103,,13043,260,,,0,100,,13044,260,,,0,102,,13045,260,,,0,115,,13046,260,,,0,24,,13047,260,,,0,75,,13048,260,,,0,26,,13049,260,,,0,70,,13050,260,,,0,28,,13051,260,,,0,82,,13052,260,,,0,88,,13053,260,,,0,107,,13054,260,,,0,94,,13055,260,,,0,101,,13056,260,,,0
25001,'Week-end-03',720,,16157,260,,,0,99,,16141,260,,,0,30,,16144,260,,,0,99,,16151,260,,,0,70,,16152,260,,,0,101,,16143,260,,,0,30,,16146,260,,,0,100,,16154,260,,,0,70,,16155,260,,,0,100,,16142,260,,,0,29,,16153,260,,,0,100,,16145,260,,,0,71,,16150,260,,,0,101,,16156,260,,,0,30,,16147,260,,,0,100,,16148,260,,,0,70,,16140,260,,,0,101,,16149,260,,,0,30,,16158,260,,,0,101,,16139,260,,,0,70,,16159,260,,,0
25001,'Week-end-53',720,,13075,260,,,0,99,,13059,260,,,0,30,,13062,260,,,0,99,,13069,260,,,0,70,,13070,260,,,0,101,,13061,260,,,0,30,,13064,260,,,0,100,,13072,260,,,0,70,,13073,260,,,0,100,,13060,260,,,0,29,,13071,260,,,0,100,,13063,260,,,0,71,,13068,260,,,0,101,,13074,260,,,0,30,,13065,260,,,0,100,,13066,260,,,0,70,,13058,260,,,0,101,,13067,260,,,0,30,,13076,260,,,0,101,,13057,260,,,0,70,,13077,260,,,0
31700,'Semaine-03',657,,16711,220,0,11 23,0,70,,16712,220,0,11 23,0,110,,16713,220,0,11 23,0,290,,16714,220,0,11 23,0,300,,16715,220,0,11 23,0
31700,'Semaine-53',657,,13842,220,0,11 23,0,70,,13843,220,0,11 23,0,110,,13844,220,0,11 23,0,290,,13845,220,0,11 23,0,300,,13846,220,0,11 23,0
31701,'Semaine-03',1237,,16718,230,,,0,270,,16723,230,,,0,100,,16719,230,,,0,130,,16720,230,,,0,100,,16721,230,,,0,475,,16722,230,,,0
31701,'Semaine-53',1237,,13850,230,,,0,270,,13855,230,,,0,100,,13851,230,,,0,130,,13852,230,,,0,100,,13853,230,,,0,475,,13854,230,,,0
51401,'Semaine-03',535,,16742,260,,,0,95,,16743,260,,,0,74,,16744,260,,,0
51401,'Semaine-53',535,,14194,260,,,0,95,,14195,260,,,0,74,,14196,260,,,0
