23001,'Semaine-03',607,,15433,30,,,0,30,,15426,30,,,0,70,,15427,30,,,0,30,,15428,30,,,0,70,,15429,30,,,0,30,,15430,30,,,0,70,,15431,30,,,0,100,,15432,30,,,0,100,,15442,30,,,0,100,,15443,30,,,0,100,,15444,30,,,0,100,,15445,30,,,0,100,,15446,30,,,0,100,,15448,30,,,0,30,,15438,30,,,0,70,,15439,30,,,0,30,,15440,30,,,0,70,,15441,30,,,0,30,,15437,30,,,0,70,,15447,30,,,0,30,,15436,30,,,0,100,,15435,30,,,0,100,,15434,30,,,0,100,,15425,30,,,0
23001,'Semaine-53',607,,12115,30,,,0,30,,12108,30,,,0,70,,12109,30,,,0,30,,12110,30,,,0,70,,12111,30,,,0,30,,12112,30,,,0,70,,12113,30,,,0,100,,12114,30,,,0,100,,12124,30,,,0,100,,12125,30,,,0,100,,12126,30,,,0,100,,12127,30,,,0,100,,12128,30,,,0,100,,12130,30,,,0,30,,12120,30,,,0,70,,12121,30,,,0,30,,12122,30,,,0,70,,12123,30,,,0,30,,12119,30,,,0,70,,12129,30,,,0,30,,12118,30,,,0,100,,12117,30,,,0,100,,12116,30,,,0,100,,12107,30,,,0
23001,'Week-end-03',806,,15450,30,,,0,100,,15462,30,,,0,100,,15451,30,,,0,101,,15456,30,,,0,100,,15463,30,,,0,100,,15457,30,,,0,100,,15458,30,,,0,100,,15459,30,,,0,100,,15461,30,,,0,99,,15454,30,,,0,100,,15455,30,,,0,100,,15460,30,,,0,100,,15453,30,,,0,100,,15452,30,,,0,100,,15449,30,,,0
23001,'Week-end-53',806,,12132,30,,,0,100,,12144,30,,,0,100,,12133,30,,,0,101,,12138,30,,,0,100,,12145,30,,,0,100,,12139,30,,,0,100,,12140,30,,,0,100,,12141,30,,,0,100,,12143,30,,,0,99,,12136,30,,,0,100,,12137,30,,,0,100,,12142,30,,,0,100,,12135,30,,,0,100,,12134,30,,,0,100,,12131,30,,,0
23200,'Semaine-03',632,,15502,260,,,0,70,,15503,260,,,0,30,,15504,260,,,0,70,,15505,260,,,0,30,,15506,260,,,0,69,,15507,260,,,0,100,,15508,260,,,0,100,,15509,260,,,0,100,,15510,260,,,0,100,,15511,260,,,0,100,,15512,260,,,0,100,,15513,260,,,0,106,,15514,260,,,0,35,,15515,260,,,0,73,,15516,260,,,0,27,,15517,260,,,0,67,,15518,260,,,0,27,,15519,260,,,0,71,,15520,260,,,0,94,,15521,260,,,0,100,,15522,260,,,0,100,,15523,260,,,0
23200,'Semaine-53',632,,12214,260,,,0,70,,12215,260,,,0,30,,12216,260,,,0,70,,12217,260,,,0,30,,12218,260,,,0,69,,12219,260,,,0,100,,12220,260,,,0,100,,12221,260,,,0,100,,12222,260,,,0,100,,12223,260,,,0,100,,12224,260,,,0,100,,12225,260,,,0,106,,12226,260,,,0,35,,12227,260,,,0,73,,12228,260,,,0,27,,12229,260,,,0,67,,12230,260,,,0,27,,12231,260,,,0,71,,12232,260,,,0,94,,12233,260,,,0,100,,12234,260,,,0,100,,12235,260,,,0
23200,'Week-end-03',928,,15534,260,,,0,102,,15529,260,,,0,100,,15535,260,,,0,102,,15528,260,,,0,100,,15536,260,,,0,100,,15527,260,,,0,100,,15537,260,,,0,98,,15532,260,,,0,100,,15538,260,,,0,99,,15531,260,,,0,100,,15539,260,,,0,100,,15526,260,,,0,100,,15540,260,,,0,100,,15533,260,,,0
23200,'Week-end-53',928,,12246,260,,,0,102,,12241,260,,,0,100,,12247,260,,,0,102,,12240,260,,,0,100,,12248,260,,,0,100,,12239,260,,,0,100,,12249,260,,,0,98,,12244,260,,,0,100,,12250,260,,,0,99,,12243,260,,,0,100,,12251,260,,,0,100,,12238,260,,,0,100,,12252,260,,,0,100,,12245,260,,,0
23501,'Semaine-03',538,,15623,30,,,0,100,,15625,30,,,0,64,,15624,30,,,0,35,,15627,30,,,0,70,,15626,30,,,0,100,,15628,30,,,0,100,,15629,30,,,0,100,,15630,30,,,0,100,,15631,30,,,0,100,,15632,30,,,0,100,,15633,30,,,0,100,,15634,30,,,0,30,,15636,30,,,0,70,,15635,30,,,0,30,,15638,30,,,0,70,,15637,30,,,0,30,,15640,30,,,0,70,,15639,30,,,0,100,,15641,30,,,0,100,,15642,30,,,0,100,,15643,30,,,0,100,,15644,30,,,0
23501,'Semaine-53',538,,12381,30,,,0,100,,12383,30,,,0,64,,12382,30,,,0,35,,12385,30,,,0,70,,12384,30,,,0,100,,12386,30,,,0,100,,12387,30,,,0,100,,12388,30,,,0,100,,12389,30,,,0,100,,12390,30,,,0,100,,12391,30,,,0,100,,12392,30,,,0,30,,12394,30,,,0,70,,12393,30,,,0,30,,12396,30,,,0,70,,12395,30,,,0,30,,12398,30,,,0,70,,12397,30,,,0,100,,12399,30,,,0,100,,12400,30,,,0,100,,12401,30,,,0,100,,12402,30,,,0
23501,'Week-end-03',807,,15651,30,,,0,100,,15655,30,,,0,100,,15648,30,,,0,100,,15649,30,,,0,100,,15645,30,,,0,100,,15647,30,,,0,100,,15646,30,,,0,100,,15650,30,,,0,100,,15653,30,,,0,100,,15658,30,,,0,100,,15659,30,,,0,100,,15652,30,,,0,100,,15654,30,,,0,100,,15656,30,,,0,100,,15657,30,,,0
23501,'Week-end-53',807,,12409,30,,,0,100,,12413,30,,,0,100,,12406,30,,,0,100,,12407,30,,,0,100,,12403,30,,,0,100,,12405,30,,,0,100,,12404,30,,,0,100,,12408,30,,,0,100,,12411,30,,,0,100,,12416,30,,,0,100,,12417,30,,,0,100,,12410,30,,,0,100,,12412,30,,,0,100,,12414,30,,,0,100,,12415,30,,,0
