220,22001,'Fête-1-02',21263,21264,21265,21266,21267,21268,21269,21270
220,22001,'Semaine-02',17323,17324,17325,17326,17327,17328,17329,17330,17331,17332,17333,17334,17335,17336,17337,17338,17339,17340,17341,17342,17343,17344,17345,17346,17347,17348
220,22001,'Semaine-03',21271,21272,21273,21274,21275,21276,21277,21278,21279,21280,21281,21282,21283,21284,21285,21286,21287,21288,21289,21290,21291,21292,21293,21294,21295,21296
220,22001,'Week-end-01',17349,17350,17351,17352,17353,17354,17355,17356
221,22100,'Fête-1-02',21297,21298,21299,21300,21301,21302,21303
221,22100,'Semaine-02',17388,17389,17390,17391,17392,17393,17394,17395,17396,17397,17398,17399,17400,17401,17402,17403,17404,17405,17406,17407,17408,17409,17410,17411
221,22100,'Semaine-03',21304,21305,21306,21307,21308,21309,21310,21311,21312,21313,21314,21315,21316,21317,21318,21319,21320,21321,21322,21323,21324,21325,21326,21327
221,22100,'Week-end-01',17412,17413,17414,17415,17416,17417,17418
222,22201,'Fête-1-02',21328,21329,21330,21331,21332,21333,21334,21335,21336,21337,21338,21339,21340,21341,21342
222,22201,'Semaine-02',17455,17456,17457,17458,17459,17460,17461,17462,17463,17464,17465,17466,17467,17468,17469,17470,17471,17472,17473,17474,17475
222,22201,'Semaine-03',21343,21344,21345,21346,21347,21348,21349,21350,21351,21352,21353,21354,21355,21356,21357,21358,21359,21360,21361,21362,21363
222,22201,'Week-end-01',17476,17477,17478,17479,17480,17481,17482,17483,17484,17485,17486,17487,17488,17489,17490
225,22501,'Fête-1-02',21364,21365,21366,21367,21368,21369,21370
225,22501,'Semaine-02',17520,17521,17522,17523,17524,17525,17526,17527,17528,17529,17530,17531,17532,17533,17534,17535,17536,17537,17538,17539,17540,17541
225,22501,'Semaine-03',21371,21372,21373,21374,21375,21376,21377,21378,21379,21380,21381,21382,21383,21384,21385,21386,21387,21388,21389,21390,21391,21392
225,22501,'Week-end-01',17542,17543,17544,17545,17546,17547,17548
226,22600,'Fête-1-02',21393,21394,21395,21396,21397,21398,21399,21400
226,22600,'Semaine-02',17581,17582,17583,17584,17585,17586,17587,17588,17589,17590,17591,17592,17593,17594,17595,17596,17597,17598,17599,17600,17601,17602,17603,17604
226,22600,'Semaine-03',21401,21402,21403,21404,21405,21406,21407,21408,21409,21410,21411,21412,21413,21414,21415,21416,21417,21418,21419,21420,21421,21422,21423,21424
226,22600,'Week-end-01',17605,17606,17607,17608,17609,17610,17611,17612
227,22701,'Fête-1-02',21425,21426,21427,21428,21429,21430,21431
227,22701,'Semaine-02',17644,17645,17646,17647,17648,17649,17650,17651,17652,17653,17654,17655,17656,17657,17658,17659,17660,17661,17662,17663,17664,17665,17666,17667
227,22701,'Semaine-03',21432,21433,21434,21435,21436,21437,21438,21439,21440,21441,21442,21443,21444,21445,21446,21447,21448,21449,21450,21451,21452,21453,21454,21455
227,22701,'Week-end-01',17668,17669,17670,17671,17672,17673,17674
228,22800,'Fête-1-02',21456,21457,21458,21459,21460,21461,21462,21463
228,22800,'Semaine-02',17707,17708,17709,17710,17711,17712,17713,17714,17715,17716,17717,17718,17719,17720,17721,17722,17723,17724,17725,17726,17727,17728,17729,17730
228,22800,'Semaine-03',21464,21465,21466,21467,21468,21469,21470,21471,21472,21473,21474,21475,21476,21477,21478,21479,21480,21481,21482,21483,21484,21485,21486,21487
228,22800,'Week-end-01',17731,17732,17733,17734,17735,17736,17737,17738
230,23000,'Fête-1-02',21488,21489,21490,21491,21492,21493,21494,21495,21496,21497,21498,21499,21500,21501,21502
230,23000,'Semaine-02',17775,17776,17777,17778,17779,17780,17781,17782,17783,17784,17785,17786,17787,17788,17789,17790,17791,17792,17793,17794,17795
230,23000,'Semaine-03',21503,21504,21505,21506,21507,21508,21509,21510,21511,21512,21513,21514,21515,21516,21517,21518,21519,21520,21521,21522,21523
230,23000,'Week-end-01',17796,17797,17798,17799,17800,17801,17802,17803,17804,17805,17806,17807,17808,17809,17810
230,23001,'Fête-1-02',21524,21525,21526,21527,21528,21529,21530,21531,21532,21533,21534,21535,21536,21537,21538
230,23001,'Semaine-02',17848,17849,17850,17851,17852,17853,17854,17855,17856,17857,17858,17859,17860,17861,17862,17863,17864,17865,17866,17867,17868,17869
230,23001,'Semaine-03',21539,21540,21541,21542,21543,21544,21545,21546,21547,21548,21549,21550,21551,21552,21553,21554,21555,21556,21557,21558,21559,21560
230,23001,'Week-end-01',17870,17871,17872,17873,17874,17875,17876,17877,17878,17879,17880,17881,17882,17883,17884
231,23101,'Fête-1-02',21561,21562,21563,21564,21565,21566,21567,21568,21569,21570,21571,21572,21573,21574,21575
231,23101,'Semaine-02',17923,17924,17925,17926,17927,17928,17929,17930,17931,17932,17933,17934,17935,17936,17937,17938,17939,17940,17941,17942,17943,17944,17945
231,23101,'Semaine-03',21576,21577,21578,21579,21580,21581,21582,21583,21584,21585,21586,21587,21588,21589,21590,21591,21592,21593,21594,21595,21596,21597,21598
231,23101,'Week-end-01',17946,17947,17948,17949,17950,17951,17952,17953,17954,17955,17956,17957,17958,17959,17960
232,23200,'Fête-1-02',21599,21600,21601,21602,21603,21604,21605,21606,21607,21608,21609,21610,21611,21612,21613
232,23200,'Semaine-02',17999,18000,18001,18002,18003,18004,18005,18006,18007,18008,18009,18010,18011,18012,18013,18014,18015,18016,18017,18018,18019,18020,18021
232,23200,'Semaine-03',21614,21615,21616,21617,21618,21619,21620,21621,21622,21623,21624,21625,21626,21627,21628,21629,21630,21631,21632,21633,21634,21635,21636
232,23200,'Week-end-01',18022,18023,18024,18025,18026,18027,18028,18029,18030,18031,18032,18033,18034,18035,18036
233,23300,'Fête-1-02',21637,21638,21639,21640,21641,21642,21643,21644
233,23300,'Semaine-02',18057,18058,18059,18060,18061,18062,18063,18064,18065,18066,18067,18068
233,23300,'Semaine-03',21645,21646,21647,21648,21649,21650,21651,21652,21653,21654,21655,21656
233,23300,'Week-end-01',18069,18070,18071,18072,18073,18074,18075,18076
234,23400,'Fête-1-02',21657,21658,21659,21660,21661,21662,21663,21664
234,23400,'Semaine-02',18099,18100,18101,18102,18103,18104,18105,18106,18107,18108,18109,18110,18111,18112
234,23400,'Semaine-03',21665,21666,21667,21668,21669,21670,21671,21672,21673,21674,21675,21676,21677,21678
234,23400,'Week-end-01',18113,18114,18115,18116,18117,18118,18119,18120
235,23500,'Fête-1-02',21679,21680,21681,21682,21683,21684,21685,21686,21687,21688,21689,21690,21691,21692,21693
235,23500,'Semaine-02',18158,18159,18160,18161,18162,18163,18164,18165,18166,18167,18168,18169,18170,18171,18172,18173,18174,18175,18176,18177,18178,18179
235,23500,'Semaine-03',21694,21695,21696,21697,21698,21699,21700,21701,21702,21703,21704,21705,21706,21707,21708,21709,21710,21711,21712,21713,21714,21715
235,23500,'Week-end-01',18180,18181,18182,18183,18184,18185,18186,18187,18188,18189,18190,18191,18192,18193,18194
235,23501,'Fête-1-02',21716,21717,21718,21719,21720,21721,21722,21723,21724,21725,21726,21727,21728,21729,21730
235,23501,'Semaine-02',18232,18233,18234,18235,18236,18237,18238,18239,18240,18241,18242,18243,18244,18245,18246,18247,18248,18249,18250,18251,18252,18253
235,23501,'Semaine-03',21731,21732,21733,21734,21735,21736,21737,21738,21739,21740,21741,21742,21743,21744,21745,21746,21747,21748,21749,21750,21751,21752
235,23501,'Week-end-01',18254,18255,18256,18257,18258,18259,18260,18261,18262,18263,18264,18265,18266,18267,18268
236,23600,'Fête-1-02',21753,21754,21755,21756,21757,21758,21759,21760,21761,21762,21763,21764,21765,21766,21767
236,23600,'Semaine-02',18303,18304,18305,18306,18307,18308,18309,18310,18311,18312,18313,18314,18315,18316,18317,18318,18319,18320,18321
236,23600,'Semaine-03',21768,21769,21770,21771,21772,21773,21774,21775,21776,21777,21778,21779,21780,21781,21782,21783,21784,21785,21786
236,23600,'Week-end-01',18322,18323,18324,18325,18326,18327,18328,18329,18330,18331,18332,18333,18334,18335,18336
237,23701,'Fête-1-02',21787,21788,21789,21790,21791,21792,21793,21794,21795,21796,21797,21798,21799,21800,21801
237,23701,'Semaine-02',18371,18372,18373,18374,18375,18376,18377,18378,18379,18380,18381,18382,18383,18384,18385,18386,18387,18388,18389
237,23701,'Semaine-03',21802,21803,21804,21805,21806,21807,21808,21809,21810,21811,21812,21813,21814,21815,21816,21817,21818,21819,21820
237,23701,'Week-end-01',18390,18391,18392,18393,18394,18395,18396,18397,18398,18399,18400,18401,18402,18403,18404
238,23801,'Fête-1-02',21821,21822,21823,21824,21825,21826,21827,21828,21829,21830,21831,21832,21833,21834,21835,21836
238,23801,'Semaine-02',18445,18446,18447,18448,18449,18450,18451,18452,18453,18454,18455,18456,18457,18458,18459,18460,18461,18462,18463,18464,18465,18466,18467,18468
238,23801,'Semaine-03',21837,21838,21839,21840,21841,21842,21843,21844,21845,21846,21847,21848,21849,21850,21851,21852,21853,21854,21855,21856,21857,21858,21859,21860
238,23801,'Week-end-01',18469,18470,18471,18472,18473,18474,18475,18476,18477,18478,18479,18480,18481,18482,18483,18484
239,23900,'Fête-1-02',21861,21862,21863,21864,21865,21866,21867,21868,21869,21870,21871,21872,21873,21874,21875,21876
239,23900,'Semaine-02',18526,18527,18528,18529,18530,18531,18532,18533,18534,18535,18536,18537,18538,18539,18540,18541,18542,18543,18544,18545,18546,18547,18548,18549,18550
239,23900,'Semaine-03',21877,21878,21879,21880,21881,21882,21883,21884,21885,21886,21887,21888,21889,21890,21891,21892,21893,21894,21895,21896,21897,21898,21899,21900,21901
239,23900,'Week-end-01',18551,18552,18553,18554,18555,18556,18557,18558,18559,18560,18561,18562,18563,18564,18565,18566
240,24001,'Semaine-02',18589,18590,18591,18592,18593,18594,18595,18596,18597,18598,18599,18600,18601,18602,18603,18604,18605,18606,18607,18608,18609,18610
240,24001,'Semaine-03',21902,21903,21904,21905,21906,21907,21908,21909,21910,21911,21912,21913,21914,21915,21916,21917,21918,21919,21920,21921,21922,21923
241,24100,'Semaine-02',18633,18634,18635,18636,18637,18638,18639,18640,18641,18642,18643,18644,18645,18646,18647,18648,18649,18650,18651,18652,18653,18654
241,24100,'Semaine-03',21924,21925,21926,21927,21928,21929,21930,21931,21932,21933,21934,21935,21936,21937,21938,21939,21940,21941,21942,21943,21944,21945
242,24201,'Fête-1-02',21946,21947,21948,21949,21950,21951,21952,21953,21954,21955,21956,21957,21958,21959,21960,21961
242,24201,'Semaine-02',18692,18693,18694,18695,18696,18697,18698,18699,18700,18701,18702,18703,18704,18705,18706,18707,18708,18709,18710,18711,18712
242,24201,'Semaine-03',21962,21963,21964,21965,21966,21967,21968,21969,21970,21971,21972,21973,21974,21975,21976,21977,21978,21979,21980,21981,21982
242,24201,'Week-end-01',18713,18714,18715,18716,18717,18718,18719,18720,18721,18722,18723,18724,18725,18726,18727,18728
243,24300,'Semaine-02',18754,18755,18756,18757,18758,18759,18760,18761,18762,18763,18764,18765,18766,18767,18768,18769,18770,18771,18772,18773,18774,18775,18776,18777,18778
243,24300,'Semaine-03',21983,21984,21985,21986,21987,21988,21989,21990,21991,21992,21993,21994,21995,21996,21997,21998,21999,22000,22001,22002,22003,22004,22005,22006,22007
246,24601,'Semaine-02',18789,18790,18791,18792,18793,18794,18795,18796,18797,18798
246,24601,'Semaine-03',22008,22009,22010,22011,22012,22013,22014,22015,22016,22017
247,24700,'Fête-1-02',22018,22019,22020,22021,22022,22023,22024,22025,22026
247,24700,'Semaine-02',18823,18824,18825,18826,18827,18828,18829,18830,18831,18832,18833,18834,18835,18836,18837
247,24700,'Semaine-03',22027,22028,22029,22030,22031,22032,22033,22034,22035,22036,22037,22038,22039,22040,22041
247,24700,'Week-end-01',18838,18839,18840,18841,18842,18843,18844,18845,18846
247,24701,'Fête-1-02',22042,22043,22044,22045,22046,22047,22048,22049,22050
247,24701,'Semaine-02',18872,18873,18874,18875,18876,18877,18878,18879,18880,18881,18882,18883,18884,18885,18886,18887
247,24701,'Semaine-03',22051,22052,22053,22054,22055,22056,22057,22058,22059,22060,22061,22062,22063,22064,22065,22066
247,24701,'Week-end-01',18888,18889,18890,18891,18892,18893,18894,18895,18896
248,24800,'Semaine-02',18903,18904,18905,18906,18907,18908
248,24800,'Semaine-03',22067,22068,22069,22070,22071,22072
248,24801,'Semaine-02',18914,18915,18916,18917,18918
248,24801,'Semaine-03',22073,22074,22075,22076,22077
249,24900,'Fête-1-02',22078,22079,22080,22081,22082,22083,22084,22085,22086,22087,22088
249,24900,'Semaine-02',18950,18951,18952,18953,18954,18955,18956,18957,18958,18959,18960,18961,18962,18963,18964,18965,18966,18967,18968,18969
249,24900,'Semaine-03',22089,22090,22091,22092,22093,22094,22095,22096,22097,22098,22099,22100,22101,22102,22103,22104,22105,22106,22107,22108
249,24900,'Week-end-01',18970,18971,18972,18973,18974,18975,18976,18977,18978,18979,18980
249,24901,'Fête-1-02',22109,22110,22111,22112,22113,22114,22115,22116,22117,22118,22119
249,24901,'Semaine-02',19012,19013,19014,19015,19016,19017,19018,19019,19020,19021,19022,19023,19024,19025,19026,19027,19028,19029,19030,19031
249,24901,'Semaine-03',22120,22121,22122,22123,22124,22125,22126,22127,22128,22129,22130,22131,22132,22133,22134,22135,22136,22137,22138,22139
249,24901,'Week-end-01',19032,19033,19034,19035,19036,19037,19038,19039,19040,19041,19042
250,25000,'Fête-1-02',22140,22141,22142,22143,22144,22145,22146,22147,22148,22149,22150,22151,22152,22153,22154,22155,22156,22157,22158,22159,22160
250,25000,'Semaine-02',19086,19087,19088,19089,19090,19091,19092,19093,19094,19095,19096,19097,19098,19099,19100,19101,19102,19103,19104,19105,19106,19107
250,25000,'Semaine-03',22161,22162,22163,22164,22165,22166,22167,22168,22169,22170,22171,22172,22173,22174,22175,22176,22177,22178,22179,22180,22181,22182
250,25000,'Week-end-01',19108,19109,19110,19111,19112,19113,19114,19115,19116,19117,19118,19119,19120,19121,19122,19123,19124,19125,19126,19127,19128
250,25001,'Fête-1-02',22183,22184,22185,22186,22187,22188,22189,22190,22191,22192,22193,22194,22195,22196,22197,22198,22199,22200,22201,22202,22203
250,25001,'Semaine-02',19172,19173,19174,19175,19176,19177,19178,19179,19180,19181,19182,19183,19184,19185,19186,19187,19188,19189,19190,19191,19192,19193
250,25001,'Semaine-03',22204,22205,22206,22207,22208,22209,22210,22211,22212,22213,22214,22215,22216,22217,22218,22219,22220,22221,22222,22223,22224,22225
250,25001,'Week-end-01',19194,19195,19196,19197,19198,19199,19200,19201,19202,19203,19204,19205,19206,19207,19208,19209,19210,19211,19212,19213,19214
251,25100,'Fête-1-02',22226,22227,22228,22229,22230,22231,22232,22233,22234,22235,22236,22237,22238,22239,22240,22241,22242
251,25100,'Semaine-02',19242,19243,19244,19245,19246,19247,19248,19249,19250,19251
251,25100,'Semaine-03',22243,22244,22245,22246,22247,22248,22249,22250,22251,22252
251,25100,'Week-end-01',19252,19253,19254,19255,19256,19257,19258,19259,19260,19261,19262,19263,19264,19265,19266,19267,19268
252,25201,'Semaine-02',19284,19285,19286,19287,19288,19289,19290,19291,19292,19293,19294,19295,19296,19297,19298
252,25201,'Semaine-03',22253,22254,22255,22256,22257,22258,22259,22260,22261,22262,22263,22264,22265,22266,22267
253,25300,'Semaine-02',19305,19306,19307,19308,19309,19310
253,25300,'Semaine-03',22268,22269,22270,22271,22272,22273
253,25301,'Semaine-02',19316,19317,19318,19319,19320
253,25301,'Semaine-03',22274,22275,22276,22277,22278
254,25400,'Semaine-02',19333,19334,19335,19336,19337,19338,19339,19340,19341,19342,19343,19344
254,25400,'Semaine-03',22279,22280,22281,22282,22283,22284,22285,22286,22287,22288,22289,22290
255,25500,'Semaine-02',19357,19358,19359,19360,19361,19362,19363,19364,19365,19366,19367,19368
255,25500,'Semaine-03',22291,22292,22293,22294,22295,22296,22297,22298,22299,22300,22301,22302
303,30300,'Fête-1-02',22303,22304,22305,22306,22307,22308,22309,22310,22311,22312,22313,22314,22315,22316,22317
303,30300,'Semaine-02',19407,19408,19409,19410,19411,19412,19413,19414,19415,19416,19417,19418,19419,19420,19421,19422,19423,19424,19425,19426,19427,19428,19429
303,30300,'Semaine-03',22318,22319,22320,22321,22322,22323,22324,22325,22326,22327,22328,22329,22330,22331,22332,22333,22334,22335,22336,22337,22338,22339,22340
303,30300,'Week-end-01',19430,19431,19432,19433,19434,19435,19436,19437,19438,19439,19440,19441,19442,19443,19444
303,30301,'Fête-1-02',22341,22342,22343,22344,22345,22346,22347,22348,22349,22350,22351,22352,22353,22354,22355
303,30301,'Semaine-02',19482,19483,19484,19485,19486,19487,19488,19489,19490,19491,19492,19493,19494,19495,19496,19497,19498,19499,19500,19501,19502,19503
303,30301,'Semaine-03',22356,22357,22358,22359,22360,22361,22362,22363,22364,22365,22366,22367,22368,22369,22370,22371,22372,22373,22374,22375,22376,22377
303,30301,'Week-end-01',19504,19505,19506,19507,19508,19509,19510,19511,19512,19513,19514,19515,19516,19517,19518
306,30600,'Fête-1-02',22378,22379,22380,22381,22382,22383,22384,22385,22386,22387,22388,22389,22390,22391,22392
306,30600,'Semaine-02',19557,19558,19559,19560,19561,19562,19563,19564,19565,19566,19567,19568,19569,19570,19571,19572,19573,19574,19575,19576,19577,19578,19579
306,30600,'Semaine-03',22393,22394,22395,22396,22397,22398,22399,22400,22401,22402,22403,22404,22405,22406,22407,22408,22409,22410,22411,22412,22413,22414,22415
306,30600,'Week-end-01',19580,19581,19582,19583,19584,19585,19586,19587,19588,19589,19590,19591,19592,19593,19594
306,30601,'Fête-1-02',22416,22417,22418,22419,22420,22421,22422,22423,22424,22425,22426,22427,22428,22429,22430
306,30601,'Semaine-02',19632,19633,19634,19635,19636,19637,19638,19639,19640,19641,19642,19643,19644,19645,19646,19647,19648,19649,19650,19651,19652,19653
306,30601,'Semaine-03',22431,22432,22433,22434,22435,22436,22437,22438,22439,22440,22441,22442,22443,22444,22445,22446,22447,22448,22449,22450,22451,22452
306,30601,'Week-end-01',19654,19655,19656,19657,19658,19659,19660,19661,19662,19663,19664,19665,19666,19667,19668
309,30900,'Fête-1-02',22453,22454,22455,22456,22457,22458,22459,22460,22461,22462,22463,22464,22465,22466,22467
309,30900,'Semaine-02',19707,19708,19709,19710,19711,19712,19713,19714,19715,19716,19717,19718,19719,19720,19721,19722,19723,19724,19725,19726,19727,19728,19729
309,30900,'Semaine-03',22468,22469,22470,22471,22472,22473,22474,22475,22476,22477,22478,22479,22480,22481,22482,22483,22484,22485,22486,22487,22488,22489,22490
309,30900,'Week-end-01',19730,19731,19732,19733,19734,19735,19736,19737,19738,19739,19740,19741,19742,19743,19744
309,30901,'Fête-1-02',22491,22492,22493,22494,22495,22496,22497,22498,22499,22500,22501,22502,22503,22504,22505
309,30901,'Semaine-02',19782,19783,19784,19785,19786,19787,19788,19789,19790,19791,19792,19793,19794,19795,19796,19797,19798,19799,19800,19801,19802,19803
309,30901,'Semaine-03',22506,22507,22508,22509,22510,22511,22512,22513,22514,22515,22516,22517,22518,22519,22520,22521,22522,22523,22524,22525,22526,22527
309,30901,'Week-end-01',19804,19805,19806,19807,19808,19809,19810,19811,19812,19813,19814,19815,19816,19817,19818
310,31000,'Fête-1-02',22528,22529,22530,22531,22532,22533,22534,22535,22536,22537,22538,22539,22540,22541,22542
310,31000,'Semaine-02',19857,19858,19859,19860,19861,19862,19863,19864,19865,19866,19867,19868,19869,19870,19871,19872,19873,19874,19875,19876,19877,19878,19879
310,31000,'Semaine-03',22543,22544,22545,22546,22547,22548,22549,22550,22551,22552,22553,22554,22555,22556,22557,22558,22559,22560,22561,22562,22563,22564,22565
310,31000,'Week-end-01',19880,19881,19882,19883,19884,19885,19886,19887,19888,19889,19890,19891,19892,19893,19894
310,31001,'Fête-1-02',22566,22567,22568,22569,22570,22571,22572,22573,22574,22575,22576,22577,22578,22579,22580
310,31001,'Semaine-02',19932,19933,19934,19935,19936,19937,19938,19939,19940,19941,19942,19943,19944,19945,19946,19947,19948,19949,19950,19951,19952,19953
310,31001,'Semaine-03',22581,22582,22583,22584,22585,22586,22587,22588,22589,22590,22591,22592,22593,22594,22595,22596,22597,22598,22599,22600,22601,22602
310,31001,'Week-end-01',19954,19955,19956,19957,19958,19959,19960,19961,19962,19963,19964,19965,19966,19967,19968
311,31100,'Fête-1-02',22603,22604,22605,22606,22607,22608,22609,22610,22611,22612,22613,22614,22615,22616,22617
311,31100,'Semaine-02',20007,20008,20009,20010,20011,20012,20013,20014,20015,20016,20017,20018,20019,20020,20021,20022,20023,20024,20025,20026,20027,20028,20029
311,31100,'Semaine-03',22618,22619,22620,22621,22622,22623,22624,22625,22626,22627,22628,22629,22630,22631,22632,22633,22634,22635,22636,22637,22638,22639,22640
311,31100,'Week-end-01',20030,20031,20032,20033,20034,20035,20036,20037,20038,20039,20040,20041,20042,20043,20044
311,31101,'Fête-1-02',22641,22642,22643,22644,22645,22646,22647,22648,22649,22650,22651,22652,22653,22654,22655
311,31101,'Semaine-02',20082,20083,20084,20085,20086,20087,20088,20089,20090,20091,20092,20093,20094,20095,20096,20097,20098,20099,20100,20101,20102,20103
311,31101,'Semaine-03',22656,22657,22658,22659,22660,22661,22662,22663,22664,22665,22666,22667,22668,22669,22670,22671,22672,22673,22674,22675,22676,22677
311,31101,'Week-end-01',20104,20105,20106,20107,20108,20109,20110,20111,20112,20113,20114,20115,20116,20117,20118
312,31200,'Fête-1-02',22678,22679,22680,22681,22682,22683,22684,22685,22686,22687,22688,22689,22690,22691,22692
312,31200,'Semaine-02',20156,20157,20158,20159,20160,20161,20162,20163,20164,20165,20166,20167,20168,20169,20170,20171,20172,20173,20174,20175,20176,20177
312,31200,'Semaine-03',22693,22694,22695,22696,22697,22698,22699,22700,22701,22702,22703,22704,22705,22706,22707,22708,22709,22710,22711,22712,22713,22714
312,31200,'Week-end-01',20178,20179,20180,20181,20182,20183,20184,20185,20186,20187,20188,20189,20190,20191,20192
312,31201,'Fête-1-02',22715,22716,22717,22718,22719,22720,22721,22722,22723,22724,22725,22726,22727,22728,22729
312,31201,'Semaine-02',20231,20232,20233,20234,20235,20236,20237,20238,20239,20240,20241,20242,20243,20244,20245,20246,20247,20248,20249,20250,20251,20252,20253
312,31201,'Semaine-03',22730,22731,22732,22733,22734,22735,22736,22737,22738,22739,22740,22741,22742,22743,22744,22745,22746,22747,22748,22749,22750,22751,22752
312,31201,'Week-end-01',20254,20255,20256,20257,20258,20259,20260,20261,20262,20263,20264,20265,20266,20267,20268
317,31700,'Fête-1-02',22753
317,31700,'Semaine-02',20276,20277,20278,20279,20280
317,31700,'Semaine-02-1010100',20281
317,31700,'Semaine-03',22754,22755,22756,22757,22758
317,31700,'Semaine-03-1010100',22759
317,31700,'Week-end-01',20282
317,31701,'Fête-1-02',22760
317,31701,'Semaine-02',20291,20292,20293,20294,20295,20296
317,31701,'Semaine-02-1010100',20297
317,31701,'Semaine-03',22761,22762,22763,22764,22765,22766
317,31701,'Semaine-03-1010100',22767
317,31701,'Week-end-01',20298
514,51400,'Semaine-02',20303,20304,20305,20306
514,51400,'Semaine-03',22768,22769,22770,22771
514,51401,'Semaine-02',20310,20311,20312
514,51401,'Semaine-03',22772,22773,22774
600,60000,'Fête-1-02',22775,22776,22777,22778,22779,22780,22781,22782,22783,22784,22785,22786,22787,22788,22789,22790,22791
600,60000,'Semaine-02',20351,20352,20353,20354,20355,20356,20357,20358,20359,20360,20361,20362,20363,20364,20365,20366,20367,20368,20369,20370,20371
600,60000,'Semaine-03',22792,22793,22794,22795,22796,22797,22798,22799,22800,22801,22802,22803,22804,22805,22806,22807,22808,22809,22810,22811,22812
600,60000,'Week-end-01',20372,20373,20374,20375,20376,20377,20378,20379,20380,20381,20382,20383,20384,20385,20386,20387,20388
600,60001,'Fête-1-02',22813,22814,22815,22816,22817,22818,22819,22820,22821,22822,22823,22824,22825,22826,22827,22828
600,60001,'Semaine-02',20428,20429,20430,20431,20432,20433,20434,20435,20436,20437,20438,20439,20440,20441,20442,20443,20444,20445,20446,20447,20448,20449,20450
600,60001,'Semaine-03',22829,22830,22831,22832,22833,22834,22835,22836,22837,22838,22839,22840,22841,22842,22843,22844,22845,22846,22847,22848,22849,22850,22851
600,60001,'Week-end-01',20451,20452,20453,20454,20455,20456,20457,20458,20459,20460,20461,20462,20463,20464,20465,20466
604,60400,'Semaine-02',20475,20476,20477,20478,20479,20480,20481,20482
604,60400,'Semaine-03',22852,22853,22854,22855,22856,22857,22858,22859
604,60401,'Semaine-02',20489,20490,20491,20492,20493,20494
604,60401,'Semaine-03',22860,22861,22862,22863,22864,22865
610,61000,'Fête-1-02',22866,22867,22868,22869,22870,22871,22872,22873,22874,22875,22876,22877,22878,22879,22880,22881
610,61000,'Semaine-02',20529,20530,20531,20532,20533,20534,20535,20536,20537,20538,20539,20540,20541,20542,20543,20544,20545,20546
610,61000,'Semaine-03',22882,22883,22884,22885,22886,22887,22888,22889,22890,22891,22892,22893,22894,22895,22896,22897,22898,22899
610,61000,'Week-end-01',20547,20548,20549,20550,20551,20552,20553,20554,20555,20556,20557,20558,20559,20560,20561,20562
610,61001,'Fête-1-02',22900,22901,22902,22903,22904,22905,22906,22907,22908,22909,22910,22911,22912,22913,22914,22915,22916
610,61001,'Semaine-02',20599,20600,20601,20602,20603,20604,20605,20606,20607,20608,20609,20610,20611,20612,20613,20614,20615,20616,20617
610,61001,'Semaine-03',22917,22918,22919,22920,22921,22922,22923,22924,22925,22926,22927,22928,22929,22930,22931,22932,22933,22934,22935
610,61001,'Week-end-01',20618,20619,20620,20621,20622,20623,20624,20625,20626,20627,20628,20629,20630,20631,20632,20633,20634
707,70700,'Semaine-02',20641,20642,20643,20644,20645,20646
707,70700,'Semaine-03',22936,22937,22938,22939,22940,22941
707,70701,'Semaine-02',20653,20654,20655,20656,20657,20658
707,70701,'Semaine-03',22942,22943,22944,22945,22946,22947
708,70800,'Fête-1-02',22948,22949,22950,22951,22952,22953,22954,22955,22956,22957,22958,22959,22960,22961,22962,22963,22964,22965,22966
708,70800,'Semaine-02',20713,20714,20715,20716,20717,20718,20719,20720,20721,20722,20723,20724,20725,20726,20727,20728,20729,20730,20731,20732,20733,20734,20735,20736,20737,20738,20739,20740,20741,20742,20743,20744,20745,20746,20747
708,70800,'Semaine-03',22967,22968,22969,22970,22971,22972,22973,22974,22975,22976,22977,22978,22979,22980,22981,22982,22983,22984,22985,22986,22987,22988,22989,22990,22991,22992,22993,22994,22995,22996,22997,22998,22999,23000,23001
708,70800,'Week-end-01',20748,20749,20750,20751,20752,20753,20754,20755,20756,20757,20758,20759,20760,20761,20762,20763,20764,20765,20766
708,70801,'Fête-1-02',23002,23003,23004,23005,23006,23007,23008,23009,23010,23011,23012,23013,23014,23015,23016,23017,23018,23019,23020
708,70801,'Semaine-02',20819,20820,20821,20822,20823,20824,20825,20826,20827,20828,20829,20830,20831,20832,20833,20834,20835,20836,20837,20838,20839,20840,20841,20842,20843,20844,20845,20846,20847,20848,20849,20850,20851
708,70801,'Semaine-03',23021,23022,23023,23024,23025,23026,23027,23028,23029,23030,23031,23032,23033,23034,23035,23036,23037,23038,23039,23040,23041,23042,23043,23044,23045,23046,23047,23048,23049,23050,23051,23052,23053
708,70801,'Week-end-01',20852,20853,20854,20855,20856,20857,20858,20859,20860,20861,20862,20863,20864,20865,20866,20867,20868,20869,20870
709,70900,'Fête-1-02',23054,23055,23056,23057,23058,23059,23060,23061,23062,23063,23064,23065,23066,23067,23068,23069,23070,23071,23072,23073,23074,23075,23076,23077,23078,23079,23080,23081,23082,23083,23084,23085,23086,23087,23088,23089,23090,23091,23092
709,70900,'Semaine-02',20960,20961,20962,20963,20964,20965,20966,20967,20968,20969,20970,20971,20972,20973,20974,20975,20976,20977,20978,20979,20980,20981,20982,20983,20984,20985,20986,20987,20988,20989,20990,20991,20992,20993,20994,20995,20996,20997,20998,20999,21000,21001,21002,21003,21004,21005,21006,21007,21008,21009
709,70900,'Semaine-03',23093,23094,23095,23096,23097,23098,23099,23100,23101,23102,23103,23104,23105,23106,23107,23108,23109,23110,23111,23112,23113,23114,23115,23116,23117,23118,23119,23120,23121,23122,23123,23124,23125,23126,23127,23128,23129,23130,23131,23132,23133,23134,23135,23136,23137,23138,23139,23140,23141,23142
709,70900,'Week-end-01',21010,21011,21012,21013,21014,21015,21016,21017,21018,21019,21020,21021,21022,21023,21024,21025,21026,21027,21028,21029,21030,21031,21032,21033,21034,21035,21036,21037,21038,21039,21040,21041,21042,21043,21044,21045,21046,21047,21048
709,70901,'Fête-1-02',23143,23144,23145,23146,23147,23148,23149,23150,23151,23152,23153,23154,23155,23156,23157,23158,23159,23160,23161,23162,23163,23164,23165,23166,23167,23168,23169,23170,23171,23172,23173,23174,23175,23176,23177,23178,23179
709,70901,'Semaine-02',21142,21143,21144,21145,21146,21147,21148,21149,21150,21151,21152,21153,21154,21155,21156,21157,21158,21159,21160,21161,21162,21163,21164,21165,21166,21167,21168,21169,21170,21171,21172,21173,21174,21175,21176,21177,21178,21179,21180,21181,21182,21183,21184,21185,21186,21187,21188,21189,21190,21191,21192,21193,21194,21195,21196,21197
709,70901,'Semaine-03',23180,23181,23182,23183,23184,23185,23186,23187,23188,23189,23190,23191,23192,23193,23194,23195,23196,23197,23198,23199,23200,23201,23202,23203,23204,23205,23206,23207,23208,23209,23210,23211,23212,23213,23214,23215,23216,23217,23218,23219,23220,23221,23222,23223,23224,23225,23226,23227,23228,23229,23230,23231,23232,23233,23234,23235
709,70901,'Week-end-01',21198,21199,21200,21201,21202,21203,21204,21205,21206,21207,21208,21209,21210,21211,21212,21213,21214,21215,21216,21217,21218,21219,21220,21221,21222,21223,21224,21225,21226,21227,21228,21229,21230,21231,21232,21233,21234
30000001,3000000100,'Fête-1-02',23236,23237,23238,23239,23240,23241,23242
30000001,3000000100,'Semaine-02',21242,21243,21244,21245,21246,21247,21248
30000001,3000000100,'Semaine-03',23243,23244,23245,23246,23247,23248,23249
30000001,3000000101,'Fête-1-02',23250,23251,23252,23253,23254,23255,23256
30000001,3000000101,'Semaine-02',21256,21257,21258,21259,21260,21261,21262
30000001,3000000101,'Semaine-03',23257,23258,23259,23260,23261,23262,23263
