22501,'Fête-1-02',849,,21364,20,,,0,200,,21365,20,,,0,200,,21366,20,,,0,200,,21367,20,,,0,200,,21368,20,,,0,200,,21369,20,,,0,200,,21370,20,,,0
22501,'Semaine-02',549,,17521,20,,,0,70,,17522,20,,,0,30,,17523,20,,,0,80,,17524,20,,,0,80,,17525,20,,,0,40,,17526,20,,,0,100,,17527,20,,,0,100,,17528,20,,,0,100,,17529,20,,,0,100,,17530,20,,,0,100,,17531,20,,,0,100,,17532,20,,,0,100,,17533,20,,,0,90,,17534,20,,,0,80,,17535,20,,,0,40,,17536,20,,,0,75,,17537,20,,,0,70,,17538,20,,,0,45,,17539,20,,,0,100,,17540,20,,,0,100,,17541,20,,,0
22501,'Semaine-03',549,,21372,20,,,0,70,,21373,20,,,0,30,,21374,20,,,0,80,,21375,20,,,0,80,,21376,20,,,0,40,,21377,20,,,0,100,,21378,20,,,0,100,,21379,20,,,0,100,,21380,20,,,0,100,,21381,20,,,0,100,,21382,20,,,0,100,,21383,20,,,0,100,,21384,20,,,0,90,,21385,20,,,0,80,,21386,20,,,0,40,,21387,20,,,0,75,,21388,20,,,0,70,,21389,20,,,0,45,,21390,20,,,0,100,,21391,20,,,0,100,,21392,20,,,0
22501,'Week-end-01',849,,17542,20,,,0,200,,17543,20,,,0,200,,17544,20,,,0,200,,17545,20,,,0,200,,17546,20,,,0,200,,17547,20,,,0,200,,17548,20,,,0
22701,'Fête-1-02',849,,21425,20,,,0,200,,21426,20,,,0,200,,21427,20,,,0,200,,21428,20,,,0,200,,21429,20,,,0,200,,21430,20,,,0,200,,21431,20,,,0
22701,'Semaine-02',549,,17646,20,,,0,70,,17647,20,,,0,30,,17648,20,,,0,80,,17649,20,,,0,80,,17650,20,,,0,40,,17651,20,,,0,100,,17652,20,,,0,100,,17653,20,,,0,100,,17654,20,,,0,100,,17655,20,,,0,100,,17656,20,,,0,100,,17657,20,,,0,100,,17658,20,,,0,90,,17659,20,,,0,80,,17660,20,,,0,40,,17661,20,,,0,75,,17662,20,,,0,70,,17663,20,,,0,45,,17664,20,,,0,100,,17665,20,,,0,100,,17666,20,,,0,100,,17667,20,0,8 14 1 15 16 17,0
22701,'Semaine-03',549,,21434,20,,,0,70,,21435,20,,,0,30,,21436,20,,,0,80,,21437,20,,,0,80,,21438,20,,,0,40,,21439,20,,,0,100,,21440,20,,,0,100,,21441,20,,,0,100,,21442,20,,,0,100,,21443,20,,,0,100,,21444,20,,,0,100,,21445,20,,,0,100,,21446,20,,,0,90,,21447,20,,,0,80,,21448,20,,,0,40,,21449,20,,,0,75,,21450,20,,,0,70,,21451,20,,,0,45,,21452,20,,,0,100,,21453,20,,,0,100,,21454,20,,,0,100,,21455,20,0,8 14 1 15 16 17,0
22701,'Week-end-01',849,,17668,20,,,0,200,,17669,20,,,0,200,,17670,20,,,0,200,,17671,20,,,0,200,,17672,20,,,0,200,,17673,20,,,0,200,,17674,20,,,0
22800,'Fête-1-02',749,,21463,20,,,0,200,,21460,20,,,0,200,,21461,20,,,0,200,,21456,20,,,0,200,,21458,20,,,0,200,,21462,20,,,0,200,,21459,20,,,0,200,,21457,20,0,8 14 1 18 19,0
22800,'Semaine-02',604,,17708,20,,,0,30,,17709,20,,,0,75,,17710,20,,,0,40,,17711,20,,,0,80,,17712,20,,,0,90,,17713,20,,,0,100,,17714,20,,,0,100,,17715,20,,,0,100,,17716,20,,,0,100,,17717,20,,,0,100,,17718,20,,,0,100,,17719,20,,,0,100,,17720,20,,,0,40,,17721,20,,,0,80,,17722,20,,,0,80,,17723,20,,,0,30,,17724,20,,,0,70,,17725,20,,,0,100,,17726,20,,,0,100,,17727,20,,,0,100,,17728,20,,,0,100,,17729,20,0,8 14 1 18 19,0
22800,'Semaine-03',604,,21465,20,,,0,30,,21466,20,,,0,75,,21467,20,,,0,40,,21468,20,,,0,80,,21469,20,,,0,90,,21470,20,,,0,100,,21471,20,,,0,100,,21472,20,,,0,100,,21473,20,,,0,100,,21474,20,,,0,100,,21475,20,,,0,100,,21476,20,,,0,100,,21477,20,,,0,40,,21478,20,,,0,80,,21479,20,,,0,80,,21480,20,,,0,30,,21481,20,,,0,70,,21482,20,,,0,100,,21483,20,,,0,100,,21484,20,,,0,100,,21485,20,,,0,100,,21486,20,0,8 14 1 18 19,0
22800,'Week-end-01',749,,17738,20,,,0,200,,17735,20,,,0,200,,17736,20,,,0,200,,17731,20,,,0,200,,17733,20,,,0,200,,17737,20,,,0,200,,17734,20,,,0,200,,17732,20,0,8 14 1 18 19,0
70801,'Fête-1-02',625,,23004,20,,,0,99,,23020,20,,,0,34,,23005,20,,,0,100,,23006,20,,,0,91,,23007,20,,,0,100,,23008,20,,,0,100,,23009,20,,,0,100,,23010,20,,,0,100,,23011,20,,,0,100,,23012,20,,,0,100,,23013,20,,,0,100,,23014,20,,,0,100,,23015,20,,,0,100,,23016,20,,,0,101,,23017,20,,,0,100,,23018,20,,,0,100,,23019,20,,,0,80,,23002,20,,,0,118,,23003,20,,,0
70801,'Semaine-02',435,,20819,20,,,0,69,,20820,20,,,0,45,,20821,20,,,0,70,,20822,20,,,0,30,,20823,20,,,0,70,,20824,20,,,0,30,,20825,20,,,0,70,,20826,20,,,0,30,,20827,20,,,0,100,,20828,20,,,0,100,,20829,20,,,0,100,,20830,20,,,0,100,,20831,20,,,0,100,,20832,20,,,0,100,,20833,20,,,0,100,,20834,20,,,0,70,,20835,20,,,0,30,,20836,20,,,0,70,,20837,20,,,0,30,,20838,20,,,0,70,,20839,20,,,0,30,,20840,20,,,0,100,,20841,20,,,0,100,,20842,20,,,0,100,,20843,20,,,0,100,,20844,20,,,0,96,,20845,20,,,0,100,,20851,20,,,0
70801,'Semaine-03',435,,23021,20,,,0,69,,23022,20,,,0,45,,23023,20,,,0,70,,23024,20,,,0,30,,23025,20,,,0,70,,23026,20,,,0,30,,23027,20,,,0,70,,23028,20,,,0,30,,23029,20,,,0,100,,23030,20,,,0,100,,23031,20,,,0,100,,23032,20,,,0,100,,23033,20,,,0,100,,23034,20,,,0,100,,23035,20,,,0,100,,23036,20,,,0,70,,23037,20,,,0,30,,23038,20,,,0,70,,23039,20,,,0,30,,23040,20,,,0,70,,23041,20,,,0,30,,23042,20,,,0,100,,23043,20,,,0,100,,23044,20,,,0,100,,23045,20,,,0,100,,23046,20,,,0,96,,23047,20,,,0,100,,23053,20,,,0
70801,'Week-end-01',625,,20854,20,,,0,99,,20870,20,,,0,34,,20855,20,,,0,100,,20856,20,,,0,91,,20857,20,,,0,100,,20858,20,,,0,100,,20859,20,,,0,100,,20860,20,,,0,100,,20861,20,,,0,100,,20862,20,,,0,100,,20863,20,,,0,100,,20864,20,,,0,100,,20865,20,,,0,100,,20866,20,,,0,101,,20867,20,,,0,100,,20868,20,,,0,100,,20869,20,,,0,80,,20852,20,,,0,118,,20853,20,,,0
