22501,'Fête-1-01',904,,334,,,0,200,,335,,,0,200,,336,,,0,200,,337,,,0,200,,338,,,0,200,,339,,,0,200,,340,,,0
22501,'Fête-1-02',904,,341,,,0,200,,342,,,0,200,,343,,,0,200,,344,,,0,200,,345,,,0,200,,346,,,0,200,,347,,,0
22501,'Fête-2-02',603,,349,,,0,30,,350,,,0,72,,351,,,0,30,,352,,,0,70,,353,,,0,98,,354,,,0,100,,355,,,0,100,,356,,,0,100,,357,,,0,100,,358,,,0,100,,359,,,0,100,,360,,,0,101,,361,,,0,45,,362,,,0,70,,363,,,0,30,,364,,,0,70,,365,,,0,29,,366,,,0,70,,367,,,0,85,,368,,,0,100,,369,,,0,100,,370,,,0
22501,'Semaine-01',603,,372,,,0,30,,373,,,0,72,,374,,,0,30,,375,,,0,70,,376,,,0,98,,377,,,0,100,,378,,,0,100,,379,,,0,100,,380,,,0,100,,381,,,0,100,,382,,,0,100,,383,,,0,101,,384,,,0,45,,385,,,0,70,,386,,,0,30,,387,,,0,70,,388,,,0,29,,389,,,0,70,,390,,,0,85,,391,,,0,100,,392,,,0,100,,393,,,0
22501,'Semaine-50',603,,395,,,0,30,,396,,,0,72,,397,,,0,30,,398,,,0,70,,399,,,0,98,,400,,,0,100,,401,,,0,100,,402,,,0,100,,403,,,0,100,,404,,,0,100,,405,,,0,100,,406,,,0,101,,407,,,0,45,,408,,,0,70,,409,,,0,30,,410,,,0,70,,411,,,0,29,,412,,,0,70,,413,,,0,85,,414,,,0,100,,415,,,0,100,,416,,,0
22501,'Week-end-01',904,,417,,,0,200,,418,,,0,200,,419,,,0,200,,420,,,0,200,,421,,,0,200,,422,,,0,200,,423,,,0
22501,'Week-end-50',904,,424,,,0,200,,425,,,0,200,,426,,,0,200,,427,,,0,200,,428,,,0,200,,429,,,0,200,,430,,,0
22600,'Fête-1-01',816,,437,,,0,200,,431,,,0,200,,432,,,0,200,,433,,,0,200,,434,,,0,200,,438,0,6 7,0,200,,435,,,0
22600,'Fête-1-02',816,,445,,,0,200,,439,,,0,200,,440,,,0,200,,441,,,0,200,,442,,,0,200,,446,0,6 7,0,200,,443,,,0
22600,'Fête-2-02',529,,470,0,6 7,0,30,,471,0,6 7,0,78,,447,,,0,74,,448,,,0,30,,449,,,0,70,,450,,,0,45,,451,,,0,96,,452,,,0,100,,453,,,0,100,,454,,,0,100,,455,,,0,100,,456,,,0,100,,457,,,0,100,,458,,,0,104,,459,,,0,70,,460,,,0,30,,461,,,0,70,,462,,,0,30,,463,,,0,66,,464,,,0,30,,465,,,0,100,,466,,,0,100,,467,,,0,100,,468,,,0,100,,469,,,0
22600,'Semaine-01',529,,495,0,6 7,0,30,,496,0,6 7,0,78,,472,,,0,74,,473,,,0,30,,474,,,0,70,,475,,,0,45,,476,,,0,96,,477,,,0,100,,478,,,0,100,,479,,,0,100,,480,,,0,100,,481,,,0,100,,482,,,0,100,,483,,,0,104,,484,,,0,70,,485,,,0,30,,486,,,0,70,,487,,,0,30,,488,,,0,66,,489,,,0,30,,490,,,0,100,,491,,,0,100,,492,,,0,100,,493,,,0,100,,494,,,0
22600,'Semaine-50',529,,520,0,6 7,0,30,,521,0,6 7,0,78,,497,,,0,74,,498,,,0,30,,499,,,0,70,,500,,,0,45,,501,,,0,96,,502,,,0,100,,503,,,0,100,,504,,,0,100,,505,,,0,100,,506,,,0,100,,507,,,0,100,,508,,,0,104,,509,,,0,70,,510,,,0,30,,511,,,0,70,,512,,,0,30,,513,,,0,66,,514,,,0,30,,515,,,0,100,,516,,,0,100,,517,,,0,100,,518,,,0,100,,519,,,0
22600,'Week-end-01',816,,528,,,0,200,,522,,,0,200,,523,,,0,200,,524,,,0,200,,525,,,0,200,,529,0,6 7,0,200,,526,,,0
22600,'Week-end-50',816,,536,,,0,200,,530,,,0,200,,531,,,0,200,,532,,,0,200,,533,,,0,200,,537,0,6 7,0,200,,534,,,0
