24100,'LA-H26-LA_GTFS-Fête-2-02',546,,2269,,,0,56,,2270,,,0,42,,2271,,,0,63,,2272,,,0,101,,2273,,,0,102,,2274,,,0,100,,2275,,,0,100,,2276,,,0,100,,2277,,,0,100,,2278,,,0,100,,2279,,,0,107,,2280,,,0,111,,2281,,,0,100,,2282,,,0,28,,2283,,,0,72,,2284,,,0,72,,2285,,,0,58,,2286,,,0,69,,2287,,,0,98,,2288,,,0,97,,2289,,,0,98,,2290,,,0
24100,'LA-H26-LA_GTFS-Semaine-01',546,,2291,,,0,62,,2292,,,0,36,,2293,,,0,64,,2294,,,0,35,,2295,,,0,67,,2296,,,0,34,,2297,,,0,66,,2298,,,0,100,,2299,,,0,100,,2300,,,0,100,,2301,,,0,100,,2302,,,0,100,,2303,,,0,107,,2304,,,0,41,,2306,,,0,70,,2307,,,0,30,,2308,,,0,70,,2309,,,0,29,,2310,,,0,71,,2311,,,0,73,,2312,,,0,27,,2313,,,0,30,,2314,,,0,69,,2315,,,0,98,,2316,,,0,97,,2317,,,0,98,,2318,,,0
24100,'LA-H26-LA_GTFS-Semaine-50',546,,2319,,,0,62,,2320,,,0,36,,2321,,,0,64,,2322,,,0,35,,2323,,,0,67,,2324,,,0,34,,2325,,,0,66,,2326,,,0,100,,2327,,,0,100,,2328,,,0,100,,2329,,,0,100,,2330,,,0,100,,2331,,,0,107,,2332,,,0,41,,2334,,,0,70,,2335,,,0,30,,2336,,,0,70,,2337,,,0,29,,2338,,,0,71,,2339,,,0,73,,2340,,,0,27,,2341,,,0,30,,2342,,,0,69,,2343,,,0,98,,2344,,,0,97,,2345,,,0,98,,2346,,,0
60001,'LA-H26-LA_GTFS-Fête-1-01',814,,5957,,,0,100,,5956,,,0,100,,5954,,,0,100,,5955,,,0,100,,5952,,,0,100,,5953,,,0,100,,5949,,,0,100,,5950,,,0,100,,5951,,,0,100,,5948,,,0,100,,5945,,,0,100,,5946,,,0,100,,5947,,,0,100,,5943,,,0,89,,5944,,,0,145,,5942,,,0
60001,'LA-H26-LA_GTFS-Fête-1-02',814,,5973,,,0,100,,5972,,,0,100,,5970,,,0,100,,5971,,,0,100,,5968,,,0,100,,5969,,,0,100,,5965,,,0,100,,5966,,,0,100,,5967,,,0,100,,5964,,,0,100,,5961,,,0,100,,5962,,,0,100,,5963,,,0,100,,5959,,,0,89,,5960,,,0,145,,5958,,,0
60001,'LA-H26-LA_GTFS-Fête-2-02',641,,5998,,,0,94,,5974,,,0,72,,5975,,,0,100,,5976,,,0,100,,5977,,,0,98,,5978,,,0,100,,5979,,,0,100,,5980,,,0,100,,5981,,,0,100,,5982,,,0,31,,5983,,,0,70,,5984,,,0,30,,5985,,,0,70,,5986,,,0,30,,5987,,,0,70,,5988,,,0,100,,5989,,,0,98,,5990,,,0,100,,5991,,,0,100,,5992,,,0,100,,5993,,,0,100,,5994,,,0
60001,'LA-H26-LA_GTFS-Semaine-01',641,,6027,,,0,64,,5999,,,0,30,,6000,,,0,72,,6001,,,0,100,,6002,,,0,100,,6003,,,0,98,,6004,,,0,100,,6005,,,0,30,,6006,,,0,100,,6007,,,0,70,,6008,,,0,30,,6009,,,0,70,,6010,,,0,31,,6011,,,0,70,,6012,,,0,30,,6013,,,0,70,,6014,,,0,30,,6015,,,0,70,,6016,,,0,30,,6017,,,0,70,,6018,,,0,98,,6019,,,0,100,,6020,,,0,100,,6021,,,0,100,,6022,,,0,100,,6023,,,0
60001,'LA-H26-LA_GTFS-Semaine-50',641,,6056,,,0,64,,6028,,,0,30,,6029,,,0,72,,6030,,,0,100,,6031,,,0,100,,6032,,,0,98,,6033,,,0,100,,6034,,,0,30,,6035,,,0,100,,6036,,,0,70,,6037,,,0,30,,6038,,,0,70,,6039,,,0,31,,6040,,,0,70,,6041,,,0,30,,6042,,,0,70,,6043,,,0,30,,6044,,,0,70,,6045,,,0,30,,6046,,,0,70,,6047,,,0,98,,6048,,,0,100,,6049,,,0,100,,6050,,,0,100,,6051,,,0,100,,6052,,,0
60001,'LA-H26-LA_GTFS-Week-end-01',814,,6072,,,0,100,,6071,,,0,100,,6069,,,0,100,,6070,,,0,100,,6067,,,0,100,,6068,,,0,100,,6064,,,0,100,,6065,,,0,100,,6066,,,0,100,,6063,,,0,100,,6060,,,0,100,,6061,,,0,100,,6062,,,0,100,,6058,,,0,89,,6059,,,0,145,,6057,,,0
60001,'LA-H26-LA_GTFS-Week-end-50',814,,6088,,,0,100,,6087,,,0,100,,6085,,,0,100,,6086,,,0,100,,6083,,,0,100,,6084,,,0,100,,6080,,,0,100,,6081,,,0,100,,6082,,,0,100,,6079,,,0,100,,6076,,,0,100,,6077,,,0,100,,6078,,,0,100,,6074,,,0,89,,6075,,,0,145,,6073,,,0
70700,'LA-H26-LA_GTFS-Fête-2-02',1523,,6406,0,25 26,0,78,,6408,0,25 26,0,50,,6410,0,25 26,0,79,,6407,0,25 26,0,83,,6411,0,8 27 28 1 29 27 30,0,32,,6409,0,8 27 28 1 29 27 30,0
70700,'LA-H26-LA_GTFS-Semaine-01',1523,,6412,0,25 26,0,78,,6414,0,25 26,0,50,,6416,0,25 26,0,79,,6413,0,25 26,0,83,,6417,0,8 27 28 1 29 27 30,0,32,,6415,0,8 27 28 1 29 27 30,0
70700,'LA-H26-LA_GTFS-Semaine-50',1523,,6418,0,25 26,0,78,,6420,0,25 26,0,50,,6422,0,25 26,0,79,,6419,0,25 26,0,83,,6423,0,8 27 28 1 29 27 30,0,32,,6421,0,8 27 28 1 29 27 30,0
