31200,'Fête-1-01',759,,4919,,,0,100,,4920,,,0,100,,4921,,,0,100,,4922,,,0,141,,4923,,,0,100,,4924,,,0,100,,4925,,,0,100,,4926,,,0,100,,4927,,,0,100,,4928,,,0,100,,4929,,,0,59,,4930,,,0,100,,4931,,,0,100,,4932,,,0,100,,4933,,,0
31200,'Fête-1-02',759,,4934,,,0,100,,4935,,,0,100,,4936,,,0,100,,4937,,,0,141,,4938,,,0,100,,4939,,,0,100,,4940,,,0,100,,4941,,,0,100,,4942,,,0,100,,4943,,,0,100,,4944,,,0,59,,4945,,,0,100,,4946,,,0,100,,4947,,,0,100,,4948,,,0
31200,'Fête-2-02',539,,4949,,,0,100,,4950,,,0,70,,4951,,,0,32,,4952,,,0,70,,4953,,,0,98,,4954,,,0,100,,4955,,,0,100,,4956,,,0,100,,4957,,,0,100,,4958,,,0,100,,4959,,,0,101,,4960,,,0,30,,4961,,,0,70,,4962,,,0,30,,4963,,,0,70,,4964,,,0,30,,4965,,,0,70,,4966,,,0,98,,4970,,,0,100,,4967,,,0,99,,4968,,,0,100,,4969,,,0
31200,'Semaine-01',539,,4971,,,0,100,,4972,,,0,70,,4973,,,0,32,,4974,,,0,70,,4975,,,0,98,,4976,,,0,100,,4977,,,0,100,,4978,,,0,100,,4979,,,0,100,,4980,,,0,100,,4981,,,0,101,,4982,,,0,30,,4983,,,0,70,,4984,,,0,30,,4985,,,0,70,,4986,,,0,30,,4987,,,0,70,,4988,,,0,98,,4992,,,0,100,,4989,,,0,99,,4990,,,0,100,,4991,,,0
31200,'Semaine-50',539,,4993,,,0,100,,4994,,,0,70,,4995,,,0,32,,4996,,,0,70,,4997,,,0,98,,4998,,,0,100,,4999,,,0,100,,5000,,,0,100,,5001,,,0,100,,5002,,,0,100,,5003,,,0,101,,5004,,,0,30,,5005,,,0,70,,5006,,,0,30,,5007,,,0,70,,5008,,,0,30,,5009,,,0,70,,5010,,,0,98,,5014,,,0,100,,5011,,,0,99,,5012,,,0,100,,5013,,,0
31200,'Week-end-01',759,,5015,,,0,100,,5016,,,0,100,,5017,,,0,100,,5018,,,0,141,,5019,,,0,100,,5020,,,0,100,,5021,,,0,100,,5022,,,0,100,,5023,,,0,100,,5024,,,0,100,,5025,,,0,59,,5026,,,0,100,,5027,,,0,100,,5028,,,0,100,,5029,,,0
31200,'Week-end-50',759,,5030,,,0,100,,5031,,,0,100,,5032,,,0,100,,5033,,,0,141,,5034,,,0,100,,5035,,,0,100,,5036,,,0,100,,5037,,,0,100,,5038,,,0,100,,5039,,,0,100,,5040,,,0,59,,5041,,,0,100,,5042,,,0,100,,5043,,,0,100,,5044,,,0
31201,'Fête-1-01',851,,5045,,,0,100,,5046,,,0,100,,5047,,,0,100,,5048,,,0,100,,5049,,,0,100,,5050,,,0,100,,5051,,,0,100,,5052,,,0,100,,5053,,,0,100,,5054,,,0,100,,5055,,,0,100,,5056,,,0,100,,5057,,,0,100,,5058,,,0,100,,5059,,,0
31201,'Fête-1-02',851,,5060,,,0,100,,5061,,,0,100,,5062,,,0,100,,5063,,,0,100,,5064,,,0,100,,5065,,,0,100,,5066,,,0,100,,5067,,,0,100,,5068,,,0,100,,5069,,,0,100,,5070,,,0,100,,5071,,,0,100,,5072,,,0,100,,5073,,,0,100,,5074,,,0
31201,'Fête-2-02',623,,5075,,,0,30,,5076,,,0,70,,5077,,,0,30,,5078,,,0,70,,5079,,,0,30,,5080,,,0,100,,5081,,,0,100,,5082,,,0,100,,5083,,,0,100,,5084,,,0,100,,5085,,,0,100,,5086,,,0,100,,5087,,,0,70,,5088,,,0,30,,5089,,,0,70,,5090,,,0,30,,5091,,,0,70,,5092,,,0,30,,5093,,,0,100,,5094,,,0,100,,5095,,,0,100,,5096,,,0,100,,5097,,,0
31201,'Semaine-01',623,,5098,,,0,30,,5099,,,0,70,,5100,,,0,30,,5101,,,0,70,,5102,,,0,30,,5103,,,0,100,,5104,,,0,100,,5105,,,0,100,,5106,,,0,100,,5107,,,0,100,,5108,,,0,100,,5109,,,0,100,,5110,,,0,70,,5111,,,0,30,,5112,,,0,70,,5113,,,0,30,,5114,,,0,70,,5115,,,0,30,,5116,,,0,100,,5117,,,0,100,,5118,,,0,100,,5119,,,0,100,,5120,,,0
31201,'Semaine-50',623,,5121,,,0,30,,5122,,,0,70,,5123,,,0,30,,5124,,,0,70,,5125,,,0,30,,5126,,,0,100,,5127,,,0,100,,5128,,,0,100,,5129,,,0,100,,5130,,,0,100,,5131,,,0,100,,5132,,,0,100,,5133,,,0,70,,5134,,,0,30,,5135,,,0,70,,5136,,,0,30,,5137,,,0,70,,5138,,,0,30,,5139,,,0,100,,5140,,,0,100,,5141,,,0,100,,5142,,,0,100,,5143,,,0
31201,'Week-end-01',851,,5144,,,0,100,,5145,,,0,100,,5146,,,0,100,,5147,,,0,100,,5148,,,0,100,,5149,,,0,100,,5150,,,0,100,,5151,,,0,100,,5152,,,0,100,,5153,,,0,100,,5154,,,0,100,,5155,,,0,100,,5156,,,0,100,,5157,,,0,100,,5158,,,0
31201,'Week-end-50',851,,5159,,,0,100,,5160,,,0,100,,5161,,,0,100,,5162,,,0,100,,5163,,,0,100,,5164,,,0,100,,5165,,,0,100,,5166,,,0,100,,5167,,,0,100,,5168,,,0,100,,5169,,,0,100,,5170,,,0,100,,5171,,,0,100,,5172,,,0,100,,5173,,,0
