22701,'Fête-1-01',931,,17613,610,,,0,200,,17614,610,,,0,200,,17615,610,,,0,200,,17616,610,,,0,200,,17617,610,,,0,200,,17618,610,,,0,200,,17619,610,,,0
22701,'Semaine-01',540,,17620,310,0,6 7,0,70,,17621,310,0,6 7,0,21,,17622,610,,,0,70,,17623,610,,,0,36,,17624,610,,,0,80,,17625,610,,,0,40,,17626,610,,,0,75,,17627,610,,,0,100,,17628,610,,,0,100,,17629,610,,,0,100,,17630,610,,,0,100,,17631,610,,,0,100,,17632,610,,,0,100,,17633,610,,,0,105,,17634,610,,,0,90,,17635,610,,,0,80,,17636,610,,,0,40,,17637,610,,,0,69,,17638,610,,,0,30,,17639,610,,,0,85,,17640,610,,,0,100,,17641,610,,,0,100,,17642,610,,,0
22701,'Semaine-02',540,,17644,310,0,6 7,0,70,,17645,310,0,6 7,0,21,,17646,610,,,0,70,,17647,610,,,0,36,,17648,610,,,0,80,,17649,610,,,0,40,,17650,610,,,0,75,,17651,610,,,0,100,,17652,610,,,0,100,,17653,610,,,0,100,,17654,610,,,0,100,,17655,610,,,0,100,,17656,610,,,0,100,,17657,610,,,0,105,,17658,610,,,0,90,,17659,610,,,0,80,,17660,610,,,0,40,,17661,610,,,0,69,,17662,610,,,0,30,,17663,610,,,0,85,,17664,610,,,0,100,,17665,610,,,0,100,,17666,610,,,0
22701,'Week-end-01',931,,17668,610,,,0,200,,17669,610,,,0,200,,17670,610,,,0,200,,17671,610,,,0,200,,17672,610,,,0,200,,17673,610,,,0,200,,17674,610,,,0
22800,'Fête-1-01',834,,17682,620,,,0,200,,17679,620,,,0,200,,17680,620,,,0,200,,17675,620,,,0,200,,17677,620,,,0,200,,17681,620,,,0,200,,17678,620,,,0
22800,'Semaine-01',555,,17683,320,0,6 7,0,70,,17706,320,0,6 7,0,24,,17684,620,,,0,78,,17685,620,,,0,75,,17686,620,,,0,40,,17687,620,,,0,80,,17688,620,,,0,82,,17689,620,,,0,100,,17690,620,,,0,100,,17691,620,,,0,100,,17692,620,,,0,100,,17693,620,,,0,100,,17694,620,,,0,100,,17695,620,,,0,108,,17696,620,,,0,40,,17697,620,,,0,80,,17698,620,,,0,80,,17699,620,,,0,22,,17700,620,,,0,70,,17701,620,,,0,100,,17702,620,,,0,100,,17703,620,,,0,100,,17704,620,,,0
22800,'Semaine-02',555,,17707,320,0,6 7,0,70,,17730,320,0,6 7,0,24,,17708,620,,,0,78,,17709,620,,,0,75,,17710,620,,,0,40,,17711,620,,,0,80,,17712,620,,,0,82,,17713,620,,,0,100,,17714,620,,,0,100,,17715,620,,,0,100,,17716,620,,,0,100,,17717,620,,,0,100,,17718,620,,,0,100,,17719,620,,,0,108,,17720,620,,,0,40,,17721,620,,,0,80,,17722,620,,,0,80,,17723,620,,,0,22,,17724,620,,,0,70,,17725,620,,,0,100,,17726,620,,,0,100,,17727,620,,,0,100,,17728,620,,,0
22800,'Week-end-01',834,,17738,620,,,0,200,,17735,620,,,0,200,,17736,620,,,0,200,,17731,620,,,0,200,,17733,620,,,0,200,,17737,620,,,0,200,,17734,620,,,0
70800,'Fête-1-01',744,,20661,380,,,0,104,,20662,380,,,0,89,,20663,380,,,0,100,,20664,380,,,0,102,,20665,380,,,0,99,,20666,380,,,0,100,,20667,380,,,0,100,,20668,380,,,0,100,,20669,380,,,0,100,,20670,380,,,0,100,,20671,380,,,0,100,,20672,380,,,0,100,,20673,380,,,0,96,,20674,380,,,0,103,,20675,380,,,0,80,,20676,380,,,0,83,,20677,380,,,0,40,,20659,380,,,0,117,,20660,380,,,0
70800,'Semaine-01',606,,20678,380,,,0,30,,20679,380,,,0,71,,20680,380,,,0,30,,20681,380,,,0,70,,20682,380,,,0,15,,20683,380,,,0,17,,20684,380,,,0,67,,20685,380,,,0,32,,20686,380,,,0,99,,20687,380,,,0,100,,20688,380,,,0,100,,20689,380,,,0,100,,20690,380,,,0,100,,20691,380,,,0,100,,20692,380,,,0,77,,20693,380,,,0,20,,20694,380,,,0,13,,20695,380,,,0,61,,20696,380,,,0,9,,20697,380,,,0,21,,20698,380,,,0,9,,20699,380,,,0,60,,20700,380,,,0,8,,20701,380,,,0,12,,20702,380,,,0,15,,20703,380,,,0,65,,20704,380,,,0,30,,20705,380,,,0,100,,20706,380,,,0,90,,20707,380,,,0,90,,20708,380,,,0,93,,20709,380,,,0,98,,20710,380,,,0,100,,20711,380,,,0,100,,20712,380,,,0
70800,'Semaine-02',606,,20713,380,,,0,30,,20714,380,,,0,71,,20715,380,,,0,30,,20716,380,,,0,74,,20717,380,,,0,11,,20718,380,,,0,17,,20719,380,,,0,67,,20720,380,,,0,32,,20721,380,,,0,99,,20722,380,,,0,100,,20723,380,,,0,100,,20724,380,,,0,100,,20725,380,,,0,100,,20726,380,,,0,100,,20727,380,,,0,77,,20728,380,,,0,20,,20729,380,,,0,13,,20730,380,,,0,61,,20731,380,,,0,9,,20732,380,,,0,21,,20733,380,,,0,9,,20734,380,,,0,60,,20735,380,,,0,8,,20736,380,,,0,12,,20737,380,,,0,15,,20738,380,,,0,65,,20739,380,,,0,30,,20740,380,,,0,100,,20741,380,,,0,90,,20742,380,,,0,90,,20743,380,,,0,93,,20744,380,,,0,98,,20745,380,,,0,100,,20746,380,,,0,100,,20747,380,,,0
70800,'Week-end-01',744,,20750,380,,,0,104,,20751,380,,,0,89,,20752,380,,,0,100,,20753,380,,,0,102,,20754,380,,,0,99,,20755,380,,,0,100,,20756,380,,,0,100,,20757,380,,,0,100,,20758,380,,,0,100,,20759,380,,,0,100,,20760,380,,,0,100,,20761,380,,,0,100,,20762,380,,,0,96,,20763,380,,,0,103,,20764,380,,,0,80,,20765,380,,,0,83,,20766,380,,,0,40,,20748,380,,,0,117,,20749,380,,,0
