'LA-H26-LA_GTFS-Fête-1-01',22201,74400,,'',0,9600,4,'',0,400,,'',0,9600,4,'',0,400,,'',0,9600,4,'',0,400,,'',0,9600,4,'',0,400,,'',0,9600,4,'',0,400,,'',0,9600,4,'',0,400,,'',0,9600,4,'',0,400,,'',0,9600,4,'',0,400,,'',0,9600,4,'',0,400,,'',0,9600,4,'',0,400,,'',0,9600,4,'',0,400,,'',0,9600,4,'',0,400,,'',0,9600,4,'',0,400,,'',0,9600,4,'',0,400,0,'Fin Ston Grand-Moulin',0
'LA-H26-LA_GTFS-Fête-1-02',22201,74400,,'',0,9600,4,'',0,400,,'',0,9600,4,'',0,400,,'',0,9600,4,'',0,400,,'',0,9600,4,'',0,400,,'',0,9600,4,'',0,400,,'',0,9600,4,'',0,400,,'',0,9600,4,'',0,400,,'',0,9600,4,'',0,400,,'',0,9600,4,'',0,400,,'',0,9600,4,'',0,400,,'',0,9600,4,'',0,400,,'',0,9600,4,'',0,400,,'',0,9600,4,'',0,400,,'',0,9600,4,'',0,400,0,'Fin Ston Grand-Moulin',0
'LA-H26-LA_GTFS-Fête-2-02',22201,53400,,'',0,7500,4,'',0,500,,'',0,1800,4,'',0,1200,,'',0,6800,4,'',0,1200,,'',0,1800,4,'',0,6200,,'',0,2100,4,'',0,8000,4,'',0,900,,'',0,9900,4,'',0,100,,'',0,9800,4,'',0,200,,'',0,9800,4,'',0,200,,'',0,9800,4,'',0,200,,'',0,9800,4,'',0,200,,'',0,9800,4,'',0,200,,'',0,9800,4,'',0,200,,'',0,4000,,'',0,6100,4,'',0,1400,,'',0,2600,4,'',0,5400,,'',0,2100,4,'',0,8000,4,'',0,400,,'',0,9800,4,'',0,200,,'',0,9800,4,'',0,200,,'',0,9800,4,'',0,200,0,'Fin Ston Grand-Moulin',0
'LA-H26-LA_GTFS-Semaine-01',22201,53400,,'',0,7500,4,'',0,500,,'',0,1800,4,'',0,1200,,'',0,6800,4,'',0,1200,,'',0,1800,4,'',0,6200,,'',0,2100,4,'',0,8000,4,'',0,900,,'',0,9900,4,'',0,100,,'',0,9800,4,'',0,200,,'',0,9800,4,'',0,200,,'',0,9800,4,'',0,200,,'',0,9800,4,'',0,200,,'',0,9800,4,'',0,200,,'',0,9800,4,'',0,200,,'',0,4000,,'',0,6100,4,'',0,1400,,'',0,2600,4,'',0,5400,,'',0,2100,4,'',0,8000,4,'',0,400,,'',0,9800,4,'',0,200,,'',0,9800,4,'',0,200,,'',0,9800,4,'',0,200,0,'Fin Ston Grand-Moulin',0
'LA-H26-LA_GTFS-Semaine-50',22201,53400,,'',0,7500,4,'',0,500,,'',0,1800,4,'',0,1200,,'',0,6800,4,'',0,1200,,'',0,1800,4,'',0,6200,,'',0,2100,4,'',0,8000,4,'',0,900,,'',0,9900,4,'',0,100,,'',0,9800,4,'',0,200,,'',0,9800,4,'',0,200,,'',0,9800,4,'',0,200,,'',0,9800,4,'',0,200,,'',0,9800,4,'',0,200,,'',0,9800,4,'',0,200,,'',0,4000,,'',0,6100,4,'',0,1400,,'',0,2600,4,'',0,5400,,'',0,2100,4,'',0,8000,4,'',0,400,,'',0,9800,4,'',0,200,,'',0,9800,4,'',0,200,,'',0,9800,4,'',0,200,0,'Fin Ston Grand-Moulin',0
'LA-H26-LA_GTFS-Week-end-01',22201,74400,,'',0,9600,4,'',0,400,,'',0,9600,4,'',0,400,,'',0,9600,4,'',0,400,,'',0,9600,4,'',0,400,,'',0,9600,4,'',0,400,,'',0,9600,4,'',0,400,,'',0,9600,4,'',0,400,,'',0,9600,4,'',0,400,,'',0,9600,4,'',0,400,,'',0,9600,4,'',0,400,,'',0,9600,4,'',0,400,,'',0,9600,4,'',0,400,,'',0,9600,4,'',0,400,,'',0,9600,4,'',0,400,0,'Fin Ston Grand-Moulin',0
'LA-H26-LA_GTFS-Week-end-50',22201,74400,,'',0,9600,4,'',0,400,,'',0,9600,4,'',0,400,,'',0,9600,4,'',0,400,,'',0,9600,4,'',0,400,,'',0,9600,4,'',0,400,,'',0,9600,4,'',0,400,,'',0,9600,4,'',0,400,,'',0,9600,4,'',0,400,,'',0,9600,4,'',0,400,,'',0,9600,4,'',0,400,,'',0,9600,4,'',0,400,,'',0,9600,4,'',0,400,,'',0,9600,4,'',0,400,,'',0,9600,4,'',0,400,0,'Fin Ston Grand-Moulin',0
'LA-H26-LA_GTFS-Fête-1-01',22501,84900,,'',0,8300,4,'',0,11700,,'',0,8300,4,'',0,11700,,'',0,8300,4,'',0,11700,,'',0,8300,4,'',0,11700,,'',0,8300,4,'',0,11700,,'',0,8300,4,'',0,11700,,'',0,8300,4,'',0
'LA-H26-LA_GTFS-Fête-1-02',22501,84900,,'',0,8300,4,'',0,11700,,'',0,8300,4,'',0,11700,,'',0,8300,4,'',0,11700,,'',0,8300,4,'',0,11700,,'',0,8300,4,'',0,11700,,'',0,8300,4,'',0,11700,,'',0,8300,4,'',0
'LA-H26-LA_GTFS-Fête-2-02',22501,54900,,'',0,1000,4,'',0,6000,,'',0,1800,4,'',0,1200,,'',0,5800,4,'',0,1200,,'',0,2100,4,'',0,900,,'',0,6100,4,'',0,3000,4,'',0,900,,'',0,8800,4,'',0,1200,,'',0,8800,4,'',0,1200,,'',0,8800,4,'',0,1200,,'',0,8800,4,'',0,1200,,'',0,8800,4,'',0,1200,,'',0,8800,4,'',0,1200,,'',0,8800,4,'',0,1200,,'',0,8500,,'',0,600,4,'',0,6400,,'',0,2100,4,'',0,900,,'',0,2100,4,'',0,4900,,'',0,2100,4,'',0,900,,'',0,2100,4,'',0,4900,,'',0,1800,4,'',0,2700,,'',0,300,4,'',0,8500,4,'',0,1200,,'',0,8800,4,'',0,1200,,'',0,8800,4,'',0
'LA-H26-LA_GTFS-Semaine-01',22501,54900,,'',0,1000,4,'',0,6000,,'',0,1800,4,'',0,1200,,'',0,5800,4,'',0,1200,,'',0,2100,4,'',0,900,,'',0,6100,4,'',0,3000,4,'',0,900,,'',0,8800,4,'',0,1200,,'',0,8800,4,'',0,1200,,'',0,8800,4,'',0,1200,,'',0,8800,4,'',0,1200,,'',0,8800,4,'',0,1200,,'',0,8800,4,'',0,1200,,'',0,8800,4,'',0,1200,,'',0,8500,,'',0,600,4,'',0,6400,,'',0,2100,4,'',0,900,,'',0,2100,4,'',0,4900,,'',0,2100,4,'',0,900,,'',0,2100,4,'',0,4900,,'',0,1800,4,'',0,2700,,'',0,300,4,'',0,8500,4,'',0,1200,,'',0,8800,4,'',0,1200,,'',0,8800,4,'',0
'LA-H26-LA_GTFS-Semaine-50',22501,54900,,'',0,1000,4,'',0,6000,,'',0,1800,4,'',0,1200,,'',0,5800,4,'',0,1200,,'',0,2100,4,'',0,900,,'',0,6100,4,'',0,3000,4,'',0,900,,'',0,8800,4,'',0,1200,,'',0,8800,4,'',0,1200,,'',0,8800,4,'',0,1200,,'',0,8800,4,'',0,1200,,'',0,8800,4,'',0,1200,,'',0,8800,4,'',0,1200,,'',0,8800,4,'',0,1200,,'',0,8500,,'',0,600,4,'',0,6400,,'',0,2100,4,'',0,900,,'',0,2100,4,'',0,4900,,'',0,2100,4,'',0,900,,'',0,2100,4,'',0,4900,,'',0,1800,4,'',0,2700,,'',0,300,4,'',0,8500,4,'',0,1200,,'',0,8800,4,'',0,1200,,'',0,8800,4,'',0
'LA-H26-LA_GTFS-Week-end-01',22501,84900,,'',0,8300,4,'',0,11700,,'',0,8300,4,'',0,11700,,'',0,8300,4,'',0,11700,,'',0,8300,4,'',0,11700,,'',0,8300,4,'',0,11700,,'',0,8300,4,'',0,11700,,'',0,8300,4,'',0
'LA-H26-LA_GTFS-Week-end-50',22501,84900,,'',0,8300,4,'',0,11700,,'',0,8300,4,'',0,11700,,'',0,8300,4,'',0,11700,,'',0,8300,4,'',0,11700,,'',0,8300,4,'',0,11700,,'',0,8300,4,'',0,11700,,'',0,8300,4,'',0
'LA-H26-LA_GTFS-Fête-1-01',22600,74900,,'',0,8400,4,'',0,11600,,'',0,8400,4,'',0,11600,,'',0,8400,4,'',0,11600,,'',0,8400,4,'',0,11600,,'',0,8400,4,'',0,11600,0,'Ston Deux-Montagnes',0,8400,4,'',0,11600,,'',0,8400,4,'',0,11600,0,'Fin Arthur-Sauvé / Ind',0
'LA-H26-LA_GTFS-Fête-1-02',22600,74900,,'',0,8400,4,'',0,11600,,'',0,8400,4,'',0,11600,,'',0,8400,4,'',0,11600,,'',0,8400,4,'',0,11600,,'',0,8400,4,'',0,11600,0,'Ston Deux-Montagnes',0,8400,4,'',0,11600,,'',0,8400,4,'',0,11600,0,'Fin Arthur-Sauvé / Ind',0
'LA-H26-LA_GTFS-Fête-2-02',22600,54400,4,'',0,6000,,'',0,1000,4,'',0,2000,,'',0,1800,4,'',0,5200,,'',0,2300,4,'',0,700,,'',0,2300,4,'',0,6200,,'',0,800,4,'',0,8500,4,'',0,700,,'',0,8800,4,'',0,1200,,'',0,8800,4,'',0,1200,,'',0,8800,4,'',0,1200,,'',0,8800,4,'',0,1200,,'',0,8800,4,'',0,1200,,'',0,8800,4,'',0,1200,,'',0,8800,4,'',0,1200,,'',0,3000,,'',0,6300,4,'',0,700,,'',0,2300,4,'',0,700,,'',0,6300,4,'',0,700,,'',0,2300,4,'',0,700,,'',0,6300,4,'',0,700,,'',0,1800,4,'',0,7000,4,'',0,1200,,'',0,8800,4,'',0,1200,,'',0,8800,4,'',0,1200,,'',0,8800,4,'',0,1200,,'',0,8800,4,'',0
'LA-H26-LA_GTFS-Semaine-01',22600,54400,4,'',0,6000,,'',0,1000,4,'',0,2000,,'',0,1800,4,'',0,5200,,'',0,2300,4,'',0,700,,'',0,2300,4,'',0,6200,,'',0,800,4,'',0,8500,4,'',0,700,,'',0,8800,4,'',0,1200,,'',0,8800,4,'',0,1200,,'',0,8800,4,'',0,1200,,'',0,8800,4,'',0,1200,,'',0,8800,4,'',0,1200,,'',0,8800,4,'',0,1200,,'',0,8800,4,'',0,1200,,'',0,3000,,'',0,6300,4,'',0,700,,'',0,2300,4,'',0,700,,'',0,6300,4,'',0,700,,'',0,2300,4,'',0,700,,'',0,6300,4,'',0,700,,'',0,1800,4,'',0,7000,4,'',0,1200,,'',0,8800,4,'',0,1200,,'',0,8800,4,'',0,1200,,'',0,8800,4,'',0,1200,,'',0,8800,4,'',0
'LA-H26-LA_GTFS-Semaine-50',22600,54400,4,'',0,6000,,'',0,1000,4,'',0,2000,,'',0,1800,4,'',0,5200,,'',0,2300,4,'',0,700,,'',0,2300,4,'',0,6200,,'',0,800,4,'',0,8500,4,'',0,700,,'',0,8800,4,'',0,1200,,'',0,8800,4,'',0,1200,,'',0,8800,4,'',0,1200,,'',0,8800,4,'',0,1200,,'',0,8800,4,'',0,1200,,'',0,8800,4,'',0,1200,,'',0,8800,4,'',0,1200,,'',0,3000,,'',0,6300,4,'',0,700,,'',0,2300,4,'',0,700,,'',0,6300,4,'',0,700,,'',0,2300,4,'',0,700,,'',0,6300,4,'',0,700,,'',0,1800,4,'',0,7000,4,'',0,1200,,'',0,8800,4,'',0,1200,,'',0,8800,4,'',0,1200,,'',0,8800,4,'',0,1200,,'',0,8800,4,'',0
'LA-H26-LA_GTFS-Week-end-01',22600,74900,,'',0,8400,4,'',0,11600,,'',0,8400,4,'',0,11600,,'',0,8400,4,'',0,11600,,'',0,8400,4,'',0,11600,,'',0,8400,4,'',0,11600,0,'Ston Deux-Montagnes',0,8400,4,'',0,11600,,'',0,8400,4,'',0,11600,0,'Fin Arthur-Sauvé / Ind',0
'LA-H26-LA_GTFS-Week-end-50',22600,74900,,'',0,8400,4,'',0,11600,,'',0,8400,4,'',0,11600,,'',0,8400,4,'',0,11600,,'',0,8400,4,'',0,11600,,'',0,8400,4,'',0,11600,0,'Ston Deux-Montagnes',0,8400,4,'',0,11600,,'',0,8400,4,'',0,11600,0,'Fin Arthur-Sauvé / Ind',0
