22701,'Fête-1-01',856,,538,,,0,200,,539,,,0,200,,540,,,0,200,,541,,,0,200,,542,,,0,200,,543,,,0,200,,544,,,0
22701,'Fête-1-02',856,,545,,,0,200,,546,,,0,200,,547,,,0,200,,548,,,0,200,,549,,,0,200,,550,,,0,200,,551,,,0
22701,'Fête-2-02',556,,554,,,0,70,,555,,,0,32,,556,,,0,70,,557,,,0,30,,558,,,0,98,,559,,,0,100,,560,,,0,100,,561,,,0,100,,562,,,0,100,,563,,,0,100,,564,,,0,100,,565,,,0,102,,566,,,0,85,,567,,,0,70,,568,,,0,30,,569,,,0,68,,570,,,0,30,,571,,,0,70,,572,,,0,45,,573,,,0,100,,574,,,0,100,,575,,,0,100,,576,0,8 14 1 15 16 17,0
22701,'Semaine-01',556,,579,,,0,70,,580,,,0,32,,581,,,0,70,,582,,,0,30,,583,,,0,98,,584,,,0,100,,585,,,0,100,,586,,,0,100,,587,,,0,100,,588,,,0,100,,589,,,0,100,,590,,,0,102,,591,,,0,85,,592,,,0,70,,593,,,0,30,,594,,,0,68,,595,,,0,30,,596,,,0,70,,597,,,0,45,,598,,,0,100,,599,,,0,100,,600,,,0,100,,601,0,8 14 1 15 16 17,0
22701,'Semaine-50',556,,604,,,0,70,,605,,,0,32,,606,,,0,70,,607,,,0,30,,608,,,0,98,,609,,,0,100,,610,,,0,100,,611,,,0,100,,612,,,0,100,,613,,,0,100,,614,,,0,100,,615,,,0,102,,616,,,0,85,,617,,,0,70,,618,,,0,30,,619,,,0,68,,620,,,0,30,,621,,,0,70,,622,,,0,45,,623,,,0,100,,624,,,0,100,,625,,,0,100,,626,0,8 14 1 15 16 17,0
22701,'Week-end-01',856,,627,,,0,200,,628,,,0,200,,629,,,0,200,,630,,,0,200,,631,,,0,200,,632,,,0,200,,633,,,0
22701,'Week-end-50',856,,634,,,0,200,,635,,,0,200,,636,,,0,200,,637,,,0,200,,638,,,0,200,,639,,,0,200,,640,,,0
60000,'Fête-1-01',701,,5813,,,0,100,,5812,,,0,100,,5811,,,0,100,,5810,,,0,100,,5809,,,0,100,,5808,,,0,100,,5807,,,0,100,,5806,,,0,100,,5805,,,0,100,,5804,,,0,100,,5803,,,0,100,,5802,,,0,100,,5801,,,0,100,,5800,,,0,100,,5799,,,0,100,,5797,,,0,48,,5798,,,0
60000,'Fête-1-02',701,,5830,,,0,100,,5829,,,0,100,,5828,,,0,100,,5827,,,0,100,,5826,,,0,100,,5825,,,0,100,,5824,,,0,100,,5823,,,0,100,,5822,,,0,100,,5821,,,0,100,,5820,,,0,100,,5819,,,0,100,,5818,,,0,100,,5817,,,0,100,,5816,,,0,100,,5814,,,0,48,,5815,,,0
60000,'Fête-2-02',542,,5836,,,0,89,,5838,,,0,71,,5840,,,0,30,,5842,,,0,70,,5844,,,0,30,,5846,,,0,70,,5847,,,0,99,,5848,,,0,100,,5849,,,0,100,,5850,,,0,100,,5851,,,0,100,,5852,,,0,100,,5853,,,0,100,,5835,,,0,30,,5834,,,0,70,,5833,,,0,30,,5831,,,0,70,,5832,,,0,100,,5845,,,0,100,,5843,,,0,100,,5841,,,0,56,,5839,,,0,144,,5837,,,0
60000,'Semaine-01',542,,5860,,,0,59,,5861,,,0,30,,5863,,,0,71,,5865,,,0,30,,5867,,,0,70,,5869,,,0,30,,5871,,,0,70,,5872,,,0,99,,5873,,,0,100,,5874,,,0,100,,5875,,,0,30,,5876,,,0,70,,5877,,,0,30,,5878,,,0,100,,5879,,,0,70,,5880,,,0,30,,5859,,,0,70,,5858,,,0,30,,5857,,,0,70,,5856,,,0,30,,5854,,,0,70,,5855,,,0,100,,5870,,,0,100,,5868,,,0,100,,5866,,,0,56,,5864,,,0,144,,5862,,,0
60000,'Semaine-50',542,,5887,,,0,59,,5888,,,0,30,,5890,,,0,71,,5892,,,0,30,,5894,,,0,70,,5896,,,0,30,,5898,,,0,70,,5899,,,0,99,,5900,,,0,100,,5901,,,0,100,,5902,,,0,30,,5903,,,0,70,,5904,,,0,30,,5905,,,0,100,,5906,,,0,70,,5907,,,0,30,,5886,,,0,70,,5885,,,0,30,,5884,,,0,70,,5883,,,0,30,,5881,,,0,70,,5882,,,0,100,,5897,,,0,100,,5895,,,0,100,,5893,,,0,56,,5891,,,0,144,,5889,,,0
60000,'Week-end-01',701,,5924,,,0,100,,5923,,,0,100,,5922,,,0,100,,5921,,,0,100,,5920,,,0,100,,5919,,,0,100,,5918,,,0,100,,5917,,,0,100,,5916,,,0,100,,5915,,,0,100,,5914,,,0,100,,5913,,,0,100,,5912,,,0,100,,5911,,,0,100,,5910,,,0,100,,5908,,,0,48,,5909,,,0
60000,'Week-end-50',701,,5941,,,0,100,,5940,,,0,100,,5939,,,0,100,,5938,,,0,100,,5937,,,0,100,,5936,,,0,100,,5935,,,0,100,,5934,,,0,100,,5933,,,0,100,,5932,,,0,100,,5931,,,0,100,,5930,,,0,100,,5929,,,0,100,,5928,,,0,100,,5927,,,0,100,,5925,,,0,48,,5926,,,0
