23300,'Fête-1-01',924,,18041,720,,,0,200,,18043,720,,,0,199,,18039,720,,,0,205,,18044,720,,,0,200,,18042,720,,,0,196,,18040,720,,,0,200,,18037,720,,,0
23300,'Semaine-01',659,,18045,720,,,0,82,,18046,720,,,0,160,,18056,720,,,0,228,,18047,720,,,0,200,,18048,720,,,0,203,,18049,720,,,0,175,,18050,720,,,0,103,,18051,720,,,0,101,,18055,720,,,0,103,,18052,720,,,0,115,,18053,720,,,0
23300,'Semaine-02',659,,18057,720,,,0,82,,18058,720,,,0,160,,18068,720,,,0,228,,18059,720,,,0,200,,18060,720,,,0,203,,18061,720,,,0,175,,18062,720,,,0,103,,18063,720,,,0,101,,18067,720,,,0,103,,18064,720,,,0,115,,18065,720,,,0
23300,'Week-end-01',924,,18073,720,,,0,200,,18075,720,,,0,199,,18071,720,,,0,205,,18076,720,,,0,200,,18074,720,,,0,196,,18072,720,,,0,200,,18069,720,,,0
23400,'Fête-1-01',829,,18084,500,,,0,196,,18082,730,,,0,200,,18080,730,,,0,203,,18077,730,,,0,201,,18079,730,,,0,195,,18078,730,,,0,200,,18083,730,,,0,200,,18081,730,,,0
23400,'Semaine-01',556,,18096,500,,,0,65,,18095,500,,,0,97,,18085,730,,,0,107,,18098,730,,,0,103,,18086,730,,,0,100,,18087,730,,,0,200,,18088,730,,,0,200,,18089,730,,,0,203,,18090,730,,,0,108,,18091,730,,,0,101,,18092,730,,,0,96,,18097,730,,,0,91,,18093,730,,,0,200,,18094,730,,,0
23400,'Semaine-02',556,,18110,500,,,0,65,,18109,500,,,0,97,,18099,730,,,0,107,,18112,730,,,0,103,,18100,730,,,0,100,,18101,730,,,0,200,,18102,730,,,0,200,,18103,730,,,0,203,,18104,730,,,0,108,,18105,730,,,0,101,,18106,730,,,0,96,,18111,730,,,0,91,,18107,730,,,0,200,,18108,730,,,0
23400,'Week-end-01',829,,18120,500,,,0,196,,18118,730,,,0,200,,18116,730,,,0,203,,18113,730,,,0,201,,18115,730,,,0,195,,18114,730,,,0,200,,18119,730,,,0,200,,18117,730,,,0
23600,'Fête-1-01',901,,18280,380,,,0,100,,18271,380,,,0,100,,18281,380,,,0,101,,18269,380,,,0,100,,18277,380,,,0,100,,18273,380,,,0,100,,18279,380,,,0,100,,18270,380,,,0,100,,18283,380,,,0,100,,18272,380,,,0,100,,18278,380,,,0,100,,18274,380,,,0,100,,18276,380,,,0,100,,18275,380,,,0
23600,'Semaine-01',627,,18284,380,,,0,110,,18285,380,,,0,81,,18302,380,,,0,39,,18286,380,,,0,76,,18287,380,,,0,95,,18288,380,,,0,99,,18289,380,,,0,101,,18290,380,,,0,100,,18291,380,,,0,100,,18292,380,,,0,100,,18293,380,,,0,100,,18294,380,,,0,85,,18295,380,,,0,39,,18296,380,,,0,83,,18297,380,,,0,124,,18298,380,,,0,143,,18299,380,,,0,100,,18300,380,,,0
23600,'Semaine-02',627,,18303,380,,,0,110,,18304,380,,,0,81,,18321,380,,,0,39,,18305,380,,,0,76,,18306,380,,,0,95,,18307,380,,,0,99,,18308,380,,,0,101,,18309,380,,,0,100,,18310,380,,,0,100,,18311,380,,,0,100,,18312,380,,,0,100,,18313,380,,,0,85,,18314,380,,,0,39,,18315,380,,,0,83,,18316,380,,,0,124,,18317,380,,,0,143,,18318,380,,,0,100,,18319,380,,,0
23600,'Week-end-01',901,,18333,380,,,0,100,,18324,380,,,0,100,,18334,380,,,0,101,,18322,380,,,0,100,,18330,380,,,0,100,,18326,380,,,0,100,,18332,380,,,0,100,,18323,380,,,0,100,,18336,380,,,0,100,,18325,380,,,0,100,,18331,380,,,0,100,,18327,380,,,0,100,,18329,380,,,0,100,,18328,380,,,0
23900,'Fête-1-01',829,,18500,390,,,0,85,,18485,580,,,0,102,,18493,580,,,0,107,,18494,580,,,0,104,,18495,580,,,0,100,,18496,580,,,0,100,,18497,580,,,0,100,,18498,580,,,0,100,,18491,580,,,0,96,,18487,580,,,0,98,,18486,580,,,0,96,,18488,580,,,0,95,,18489,580,,,0,100,,18490,580,,,0,100,,18492,580,,,0
23900,'Semaine-01',554,,18516,390,0,31 13,0,70,,18513,390,0,31 13,0,35,,18501,580,,,0,60,,18525,580,,,0,35,,18502,580,,,0,70,,18503,580,,,0,30,,18517,580,,,0,70,,18514,580,,,0,95,,18504,580,,,0,100,,18505,580,,,0,102,,18506,580,,,0,106,,18507,580,,,0,100,,18508,580,,,0,97,,18509,580,,,0,103,,18510,580,,,0,75,,18511,580,,,0,37,,18522,580,,,0,74,,18523,580,,,0,18,,18518,580,,,0,75,,18515,580,,,0,23,,18512,580,,,0,78,,18524,580,,,0,108,,18521,580,,,0,98,,18520,580,,,0
23900,'Semaine-02',554,,18541,390,0,31 13,0,70,,18538,390,0,31 13,0,35,,18526,580,,,0,60,,18550,580,,,0,35,,18527,580,,,0,70,,18528,580,,,0,30,,18542,580,,,0,70,,18539,580,,,0,95,,18529,580,,,0,100,,18530,580,,,0,102,,18531,580,,,0,106,,18532,580,,,0,100,,18533,580,,,0,97,,18534,580,,,0,103,,18535,580,,,0,75,,18536,580,,,0,37,,18547,580,,,0,74,,18548,580,,,0,18,,18543,580,,,0,75,,18540,580,,,0,23,,18537,580,,,0,78,,18549,580,,,0,108,,18546,580,,,0,98,,18545,580,,,0
23900,'Week-end-01',829,,18566,390,,,0,85,,18551,580,,,0,102,,18559,580,,,0,107,,18560,580,,,0,104,,18561,580,,,0,100,,18562,580,,,0,100,,18563,580,,,0,100,,18564,580,,,0,100,,18557,580,,,0,96,,18553,580,,,0,98,,18552,580,,,0,96,,18554,580,,,0,95,,18555,580,,,0,100,,18556,580,,,0,100,,18558,580,,,0
