31100,'Fête-1-01',853,,4664,,,0,100,,4665,,,0,100,,4666,,,0,100,,4667,,,0,100,,4668,,,0,100,,4669,,,0,100,,4670,,,0,100,,4671,,,0,100,,4672,,,0,100,,4673,,,0,100,,4674,,,0,100,,4675,,,0,100,,4676,,,0,100,,4677,,,0,100,,4678,,,0
31100,'Fête-1-02',853,,4679,,,0,100,,4680,,,0,100,,4681,,,0,100,,4682,,,0,100,,4683,,,0,100,,4684,,,0,100,,4685,,,0,100,,4686,,,0,100,,4687,,,0,100,,4688,,,0,100,,4689,,,0,100,,4690,,,0,100,,4691,,,0,100,,4692,,,0,100,,4693,,,0
31100,'Fête-2-02',628,,4694,,,0,30,,4695,,,0,70,,4696,,,0,30,,4697,,,0,70,,4698,,,0,30,,4699,,,0,100,,4700,,,0,100,,4701,,,0,100,,4702,,,0,100,,4703,,,0,100,,4704,,,0,100,,4705,,,0,100,,4706,,,0,70,,4707,,,0,30,,4708,,,0,70,,4709,,,0,30,,4710,,,0,70,,4711,,,0,30,,4712,,,0,100,,4713,,,0,100,,4714,,,0,100,,4715,,,0,100,,4716,,,0
31100,'Semaine-01',628,,4717,,,0,30,,4718,,,0,70,,4719,,,0,30,,4720,,,0,70,,4721,,,0,30,,4722,,,0,100,,4723,,,0,100,,4724,,,0,100,,4725,,,0,100,,4726,,,0,100,,4727,,,0,100,,4728,,,0,100,,4729,,,0,70,,4730,,,0,30,,4731,,,0,70,,4732,,,0,30,,4733,,,0,70,,4734,,,0,30,,4735,,,0,100,,4736,,,0,100,,4737,,,0,100,,4738,,,0,100,,4739,,,0
31100,'Semaine-50',628,,4740,,,0,30,,4741,,,0,70,,4742,,,0,30,,4743,,,0,70,,4744,,,0,30,,4745,,,0,100,,4746,,,0,100,,4747,,,0,100,,4748,,,0,100,,4749,,,0,100,,4750,,,0,100,,4751,,,0,100,,4752,,,0,70,,4753,,,0,30,,4754,,,0,70,,4755,,,0,30,,4756,,,0,70,,4757,,,0,30,,4758,,,0,100,,4759,,,0,100,,4760,,,0,100,,4761,,,0,100,,4762,,,0
31100,'Week-end-01',853,,4763,,,0,100,,4764,,,0,100,,4765,,,0,100,,4766,,,0,100,,4767,,,0,100,,4768,,,0,100,,4769,,,0,100,,4770,,,0,100,,4771,,,0,100,,4772,,,0,100,,4773,,,0,100,,4774,,,0,100,,4775,,,0,100,,4776,,,0,100,,4777,,,0
31100,'Week-end-50',853,,4778,,,0,100,,4779,,,0,100,,4780,,,0,100,,4781,,,0,100,,4782,,,0,100,,4783,,,0,100,,4784,,,0,100,,4785,,,0,100,,4786,,,0,100,,4787,,,0,100,,4788,,,0,100,,4789,,,0,100,,4790,,,0,100,,4791,,,0,100,,4792,,,0
31101,'Fête-1-01',759,,4793,,,0,100,,4794,,,0,100,,4795,,,0,100,,4796,,,0,141,,4797,,,0,100,,4798,,,0,100,,4799,,,0,100,,4800,,,0,100,,4801,,,0,100,,4802,,,0,100,,4803,,,0,59,,4804,,,0,100,,4805,,,0,100,,4806,,,0,100,,4807,,,0
31101,'Fête-1-02',759,,4808,,,0,100,,4809,,,0,100,,4810,,,0,100,,4811,,,0,141,,4812,,,0,100,,4813,,,0,100,,4814,,,0,100,,4815,,,0,100,,4816,,,0,100,,4817,,,0,100,,4818,,,0,59,,4819,,,0,100,,4820,,,0,100,,4821,,,0,100,,4822,,,0
31101,'Fête-2-02',535,,4823,,,0,101,,4824,,,0,70,,4825,,,0,32,,4826,,,0,70,,4827,,,0,98,,4828,,,0,100,,4829,,,0,100,,4830,,,0,100,,4831,,,0,100,,4832,,,0,100,,4833,,,0,101,,4834,,,0,30,,4835,,,0,70,,4836,,,0,30,,4837,,,0,70,,4838,,,0,30,,4839,,,0,70,,4840,,,0,98,,4844,,,0,100,,4841,,,0,99,,4842,,,0,100,,4843,,,0
31101,'Semaine-01',535,,4845,,,0,101,,4846,,,0,70,,4847,,,0,32,,4848,,,0,70,,4849,,,0,98,,4850,,,0,100,,4851,,,0,100,,4852,,,0,100,,4853,,,0,100,,4854,,,0,100,,4855,,,0,101,,4856,,,0,30,,4857,,,0,70,,4858,,,0,30,,4859,,,0,70,,4860,,,0,30,,4861,,,0,70,,4862,,,0,98,,4866,,,0,100,,4863,,,0,99,,4864,,,0,100,,4865,,,0
31101,'Semaine-50',535,,4867,,,0,101,,4868,,,0,70,,4869,,,0,32,,4870,,,0,70,,4871,,,0,98,,4872,,,0,100,,4873,,,0,100,,4874,,,0,100,,4875,,,0,100,,4876,,,0,100,,4877,,,0,101,,4878,,,0,30,,4879,,,0,70,,4880,,,0,30,,4881,,,0,70,,4882,,,0,30,,4883,,,0,70,,4884,,,0,98,,4888,,,0,100,,4885,,,0,99,,4886,,,0,100,,4887,,,0
31101,'Week-end-01',759,,4889,,,0,100,,4890,,,0,100,,4891,,,0,100,,4892,,,0,141,,4893,,,0,100,,4894,,,0,100,,4895,,,0,100,,4896,,,0,100,,4897,,,0,100,,4898,,,0,100,,4899,,,0,59,,4900,,,0,100,,4901,,,0,100,,4902,,,0,100,,4903,,,0
31101,'Week-end-50',759,,4904,,,0,100,,4905,,,0,100,,4906,,,0,100,,4907,,,0,141,,4908,,,0,100,,4909,,,0,100,,4910,,,0,100,,4911,,,0,100,,4912,,,0,100,,4913,,,0,100,,4914,,,0,59,,4915,,,0,100,,4916,,,0,100,,4917,,,0,100,,4918,,,0
