50900,'LA-H26-LA_GTFS-Semaine-01',705,,5768,,,0
50900,'LA-H26-LA_GTFS-Semaine-50',705,,5769,,,0
50901,'LA-H26-LA_GTFS-Semaine-01',1643,,5772,4,,0,110,,5770,4,,0,91,,5771,4,,0
50901,'LA-H26-LA_GTFS-Semaine-50',1643,,5775,4,,0,110,,5773,4,,0,91,,5774,4,,0
70900,'LA-H26-LA_GTFS-Fête-1-01',618,,6843,,,0,25,,6844,,,0,15,,6845,,,0,70,,6846,,,0,30,,6847,,,0,70,,6848,,,0,30,,6849,,,0,70,,6850,,,0,29,,6851,,,0,70,,6852,,,0,30,,6853,,,0,70,,6854,,,0,30,,6855,,,0,70,,6856,,,0,30,,6857,,,0,70,,6858,,,0,30,,6859,,,0,70,,6860,,,0,30,,6861,,,0,70,,6862,,,0,30,,6863,,,0,70,,6864,,,0,30,,6865,,,0,70,,6866,,,0,30,,6867,,,0,70,,6868,,,0,30,,6869,,,0,70,,6870,,,0,30,,6871,,,0,70,,6872,,,0,30,,6873,,,0,70,,6874,,,0,30,,6875,,,0,60,,6876,,,0,30,,6877,,,0,70,,6878,,,0,30,,6879,,,0,70,,6880,,,0,109,,6881,,,0
70900,'LA-H26-LA_GTFS-Fête-1-02',618,,6882,,,0,25,,6883,,,0,15,,6884,,,0,70,,6885,,,0,30,,6886,,,0,70,,6887,,,0,30,,6888,,,0,70,,6889,,,0,29,,6890,,,0,70,,6891,,,0,30,,6892,,,0,70,,6893,,,0,30,,6894,,,0,70,,6895,,,0,30,,6896,,,0,70,,6897,,,0,30,,6898,,,0,70,,6899,,,0,30,,6900,,,0,70,,6901,,,0,30,,6902,,,0,70,,6903,,,0,30,,6904,,,0,70,,6905,,,0,30,,6906,,,0,70,,6907,,,0,30,,6908,,,0,70,,6909,,,0,30,,6910,,,0,70,,6911,,,0,30,,6912,,,0,70,,6913,,,0,30,,6914,,,0,60,,6915,,,0,30,,6916,,,0,70,,6917,,,0,30,,6918,,,0,70,,6919,,,0,109,,6920,,,0
70900,'LA-H26-LA_GTFS-Fête-2-02',530,,6922,0,11 12 13,0,78,,6923,0,11 12 13,0,20,,6924,0,11 12 13,0,7,,6925,0,11 12 13,0,19,,6926,0,11 12 13,0,59,,6927,0,11 12 13,0,19,,6928,0,11 12 13,0,13,,6929,0,11 12 13,0,12,,6930,0,11 12 13,0,68,,6931,0,11 12 13,0,19,,6972,0,11 12 13,0,15,,6932,0,11 12 13,0,65,,6971,0,11 12 13,0,28,,6933,0,11 12 13,0,55,,6934,0,11 12 13,0,29,,6935,0,11 12 13,0,15,,6936,0,11 12 13,0,55,,6937,0,11 12 13,0,23,,6938,0,11 12 13,0,30,,6939,0,11 12 13,0,55,,6967,0,11 12 13,0,15,,6970,0,11 12 13,0,15,,6969,0,11 12 13,0,70,,6968,0,11 12 13,0,45,,6966,0,11 12 13,0,55,,6940,0,11 12 13,0,15,,6941,0,11 12 13,0,78,,6942,,,0,13,,6943,,,0,13,,6944,,,0,18,,6964,,,0,55,,6965,,,0,11,,6958,,,0,16,,6963,,,0,13,,6959,,,0,54,,6960,,,0,10,,6961,,,0,13,,6962,,,0,15,,6957,,,0,70,,6945,,,0,16,,6946,,,0,16,,6947,,,0,13,,6948,,,0,67,,6956,,,0,19,,6949,,,0,69,,6950,,,0,22,,6974,,,0,70,,6951,,,0,15,,6952,,,0,97,,6953,,,0,29,,6954,,,0,84,,6973,,,0,99,,6955,,,0,108,,6921,,,0
70900,'LA-H26-LA_GTFS-Semaine-01',530,,6976,0,11 12 13,0,12,,7034,0,11 12 13,0,66,,6977,0,11 12 13,0,10,,6978,0,11 12 13,0,10,,6979,0,11 12 13,0,7,,6980,0,11 12 13,0,19,,6981,0,11 12 13,0,59,,6982,0,11 12 13,0,10,,6983,0,11 12 13,0,9,,6984,0,11 12 13,0,13,,6985,0,11 12 13,0,12,,6986,0,11 12 13,0,57,,6987,0,11 12 13,0,11,,6988,0,11 12 13,0,19,,7032,0,11 12 13,0,15,,6989,0,11 12 13,0,65,,7031,0,11 12 13,0,15,,6990,0,11 12 13,0,13,,6991,0,11 12 13,0,55,,6992,0,11 12 13,0,29,,6993,0,11 12 13,0,15,,6994,0,11 12 13,0,55,,6995,0,11 12 13,0,23,,6996,0,11 12 13,0,30,,6997,0,11 12 13,0,55,,7027,0,11 12 13,0,15,,7030,0,11 12 13,0,15,,7029,0,11 12 13,0,70,,7028,0,11 12 13,0,45,,7026,0,11 12 13,0,55,,6998,0,11 12 13,0,15,,6999,0,11 12 13,0,78,,7000,,,0,13,,7001,,,0,13,,7002,,,0,18,,7024,,,0,55,,7025,,,0,11,,7018,,,0,16,,7023,,,0,13,,7019,,,0,54,,7020,,,0,10,,7021,,,0,13,,7022,,,0,15,,7017,,,0,15,,7003,,,0,55,,7004,,,0,16,,7005,,,0,16,,7006,,,0,13,,7007,,,0,67,,7016,,,0,19,,7008,,,0,69,,7009,,,0,22,,7035,,,0,70,,7010,,,0,15,,7011,,,0,27,,7012,,,0,70,,7013,,,0,29,,7014,,,0,84,,7033,,,0,99,,7015,,,0,108,,6975,,,0
70900,'LA-H26-LA_GTFS-Semaine-50',530,,7037,0,11 12 13,0,12,,7095,0,11 12 13,0,66,,7038,0,11 12 13,0,10,,7039,0,11 12 13,0,10,,7040,0,11 12 13,0,7,,7041,0,11 12 13,0,19,,7042,0,11 12 13,0,59,,7043,0,11 12 13,0,10,,7044,0,11 12 13,0,9,,7045,0,11 12 13,0,13,,7046,0,11 12 13,0,12,,7047,0,11 12 13,0,57,,7048,0,11 12 13,0,11,,7049,0,11 12 13,0,19,,7093,0,11 12 13,0,15,,7050,0,11 12 13,0,65,,7092,0,11 12 13,0,15,,7051,0,11 12 13,0,13,,7052,0,11 12 13,0,55,,7053,0,11 12 13,0,29,,7054,0,11 12 13,0,15,,7055,0,11 12 13,0,55,,7056,0,11 12 13,0,23,,7057,0,11 12 13,0,30,,7058,0,11 12 13,0,55,,7088,0,11 12 13,0,15,,7091,0,11 12 13,0,15,,7090,0,11 12 13,0,70,,7089,0,11 12 13,0,45,,7087,0,11 12 13,0,55,,7059,0,11 12 13,0,15,,7060,0,11 12 13,0,78,,7061,,,0,13,,7062,,,0,13,,7063,,,0,18,,7085,,,0,55,,7086,,,0,11,,7079,,,0,16,,7084,,,0,13,,7080,,,0,54,,7081,,,0,10,,7082,,,0,13,,7083,,,0,15,,7078,,,0,15,,7064,,,0,55,,7065,,,0,16,,7066,,,0,16,,7067,,,0,13,,7068,,,0,67,,7077,,,0,19,,7069,,,0,69,,7070,,,0,22,,7096,,,0,70,,7071,,,0,15,,7072,,,0,27,,7073,,,0,70,,7074,,,0,29,,7075,,,0,84,,7094,,,0,99,,7076,,,0,108,,7036,,,0
70900,'LA-H26-LA_GTFS-Week-end-01',618,,7097,,,0,25,,7098,,,0,15,,7099,,,0,70,,7100,,,0,30,,7101,,,0,70,,7102,,,0,30,,7103,,,0,70,,7104,,,0,29,,7105,,,0,70,,7106,,,0,30,,7107,,,0,70,,7108,,,0,30,,7109,,,0,70,,7110,,,0,30,,7111,,,0,70,,7112,,,0,30,,7113,,,0,70,,7114,,,0,30,,7115,,,0,70,,7116,,,0,30,,7117,,,0,70,,7118,,,0,30,,7119,,,0,70,,7120,,,0,30,,7121,,,0,70,,7122,,,0,30,,7123,,,0,70,,7124,,,0,30,,7125,,,0,70,,7126,,,0,30,,7127,,,0,70,,7128,,,0,30,,7129,,,0,60,,7130,,,0,30,,7131,,,0,70,,7132,,,0,30,,7133,,,0,70,,7134,,,0,109,,7135,,,0
70900,'LA-H26-LA_GTFS-Week-end-50',618,,7136,,,0,25,,7137,,,0,15,,7138,,,0,70,,7139,,,0,30,,7140,,,0,70,,7141,,,0,30,,7142,,,0,70,,7143,,,0,29,,7144,,,0,70,,7145,,,0,30,,7146,,,0,70,,7147,,,0,30,,7148,,,0,70,,7149,,,0,30,,7150,,,0,70,,7151,,,0,30,,7152,,,0,70,,7153,,,0,30,,7154,,,0,70,,7155,,,0,30,,7156,,,0,70,,7157,,,0,30,,7158,,,0,70,,7159,,,0,30,,7160,,,0,70,,7161,,,0,30,,7162,,,0,70,,7163,,,0,30,,7164,,,0,70,,7165,,,0,30,,7166,,,0,70,,7167,,,0,30,,7168,,,0,60,,7169,,,0,30,,7170,,,0,70,,7171,,,0,30,,7172,,,0,70,,7173,,,0,109,,7174,,,0
70901,'LA-H26-LA_GTFS-Fête-1-01',646,,7175,4,,0,70,,7176,4,,0,30,,7177,4,,0,70,,7178,4,,0,30,,7179,4,,0,57,,7180,4,,0,31,,7181,4,,0,70,,7182,4,,0,30,,7183,4,,0,72,,7184,4,,0,31,,7185,4,,0,70,,7186,4,,0,30,,7187,4,,0,70,,7188,4,,0,30,,7189,4,,0,70,,7190,4,,0,30,,7191,4,,0,70,,7192,4,,0,31,,7193,4,,0,70,,7194,4,,0,29,,7195,4,,0,70,,7196,4,,0,30,,7197,4,,0,70,,7198,4,,0,30,,7199,4,,0,70,,7200,4,,0,30,,7201,4,,0,70,,7202,4,,0,30,,7203,4,,0,70,,7204,4,,0,30,,7205,4,,0,70,,7206,4,,0,30,,7207,4,,0,70,,7208,4,,0,30,,7209,4,,0,70,,7210,4,,0,111,,7211,4,,0
70901,'LA-H26-LA_GTFS-Fête-1-02',646,,7212,4,,0,70,,7213,4,,0,30,,7214,4,,0,70,,7215,4,,0,30,,7216,4,,0,57,,7217,4,,0,31,,7218,4,,0,70,,7219,4,,0,30,,7220,4,,0,72,,7221,4,,0,31,,7222,4,,0,70,,7223,4,,0,30,,7224,4,,0,70,,7225,4,,0,30,,7226,4,,0,70,,7227,4,,0,30,,7228,4,,0,70,,7229,4,,0,31,,7230,4,,0,70,,7231,4,,0,29,,7232,4,,0,70,,7233,4,,0,30,,7234,4,,0,70,,7235,4,,0,30,,7236,4,,0,70,,7237,4,,0,30,,7238,4,,0,70,,7239,4,,0,30,,7240,4,,0,70,,7241,4,,0,30,,7242,4,,0,70,,7243,4,,0,30,,7244,4,,0,70,,7245,4,,0,30,,7246,4,,0,70,,7247,4,,0,111,,7248,4,,0
70901,'LA-H26-LA_GTFS-Fête-2-02',520,,7253,4,,0,30,,7298,4,,0,61,,7250,4,,0,14,,7249,4,,0,19,,7251,4,,0,11,,7252,4,,0,65,,7254,4,,0,13,,7255,4,,0,12,,7256,4,,0,68,,7257,4,,0,11,,7258,4,,0,8,,7259,4,,0,8,,7260,4,,0,7,,7261,4,,0,7,,7262,4,,0,52,,7263,4,,0,9,,7264,4,,0,14,,7265,4,,0,13,,7267,4,,0,15,,7304,4,,0,54,,7266,4,,0,30,,7268,4,,0,15,,7269,4,,0,62,,7270,4,,0,31,,7271,4,,0,55,,7272,4,,0,15,,7273,4,,0,15,,7274,4,,0,15,,7307,4,,0,55,,7275,4,,0,45,,7276,4,,0,55,,7277,4,,0,15,,7278,4,,0,30,,7299,4,,0,70,,7300,4,,0,30,,7301,4,,0,56,,7302,4,,0,16,,7303,4,,0,90,,7280,4,,0,15,,7279,4,,0,28,,7281,4,,0,55,,7282,4,,0,8,,7283,4,,0,13,,7284,4,,0,13,,7305,4,,0,13,,7306,4,,0,54,,7285,4,,0,19,,7286,4,,0,14,,7287,4,,0,15,,7288,4,,0,62,,7289,4,,0,30,,7290,4,,0,55,,7291,4,,0,18,,7292,4,,0,79,,7293,4,,0,29,,7294,4,,0,84,,7295,4,,0,99,,7296,4,,0,108,,7297,4,,0
70901,'LA-H26-LA_GTFS-Semaine-01',520,,7312,4,,0,30,,7361,4,,0,61,,7309,4,,0,14,,7308,4,,0,19,,7310,4,,0,11,,7311,4,,0,52,,7313,4,,0,13,,7314,4,,0,13,,7315,4,,0,12,,7316,4,,0,57,,7317,4,,0,11,,7318,4,,0,11,,7319,4,,0,8,,7320,4,,0,8,,7321,4,,0,7,,7322,4,,0,7,,7323,4,,0,46,,7324,4,,0,6,,7325,4,,0,9,,7326,4,,0,14,,7327,4,,0,13,,7329,4,,0,15,,7368,4,,0,54,,7328,4,,0,30,,7330,4,,0,15,,7331,4,,0,62,,7332,4,,0,31,,7333,4,,0,55,,7334,4,,0,15,,7335,4,,0,15,,7336,4,,0,15,,7371,4,,0,55,,7337,4,,0,15,,7372,4,,0,30,,7338,4,,0,55,,7339,4,,0,15,,7340,4,,0,30,,7363,4,,0,70,,7364,4,,0,30,,7365,4,,0,56,,7366,4,,0,16,,7367,4,,0,35,,7362,4,,0,55,,7342,4,,0,15,,7341,4,,0,15,,7343,4,,0,13,,7344,4,,0,55,,7345,4,,0,8,,7346,4,,0,13,,7347,4,,0,13,,7369,4,,0,13,,7370,4,,0,54,,7348,4,,0,19,,7349,4,,0,14,,7350,4,,0,15,,7351,4,,0,62,,7352,4,,0,30,,7353,4,,0,55,,7354,4,,0,27,,7355,4,,0,70,,7356,4,,0,29,,7357,4,,0,84,,7358,4,,0,99,,7359,4,,0,108,,7360,4,,0
70901,'LA-H26-LA_GTFS-Semaine-50',520,,7377,4,,0,30,,7426,4,,0,61,,7374,4,,0,14,,7373,4,,0,19,,7375,4,,0,11,,7376,4,,0,52,,7378,4,,0,13,,7379,4,,0,13,,7380,4,,0,12,,7381,4,,0,57,,7382,4,,0,11,,7383,4,,0,11,,7384,4,,0,8,,7385,4,,0,8,,7386,4,,0,7,,7387,4,,0,7,,7388,4,,0,46,,7389,4,,0,6,,7390,4,,0,9,,7391,4,,0,14,,7392,4,,0,13,,7394,4,,0,15,,7433,4,,0,54,,7393,4,,0,30,,7395,4,,0,15,,7396,4,,0,62,,7397,4,,0,31,,7398,4,,0,55,,7399,4,,0,15,,7400,4,,0,15,,7401,4,,0,15,,7436,4,,0,55,,7402,4,,0,15,,7437,4,,0,30,,7403,4,,0,55,,7404,4,,0,15,,7405,4,,0,30,,7428,4,,0,70,,7429,4,,0,30,,7430,4,,0,56,,7431,4,,0,16,,7432,4,,0,35,,7427,4,,0,55,,7407,4,,0,15,,7406,4,,0,15,,7408,4,,0,13,,7409,4,,0,55,,7410,4,,0,8,,7411,4,,0,13,,7412,4,,0,13,,7434,4,,0,13,,7435,4,,0,54,,7413,4,,0,19,,7414,4,,0,14,,7415,4,,0,15,,7416,4,,0,62,,7417,4,,0,30,,7418,4,,0,55,,7419,4,,0,27,,7420,4,,0,70,,7421,4,,0,29,,7422,4,,0,84,,7423,4,,0,99,,7424,4,,0,108,,7425,4,,0
70901,'LA-H26-LA_GTFS-Week-end-01',646,,7438,4,,0,70,,7439,4,,0,30,,7440,4,,0,70,,7441,4,,0,30,,7442,4,,0,57,,7443,4,,0,31,,7444,4,,0,70,,7445,4,,0,30,,7446,4,,0,72,,7447,4,,0,31,,7448,4,,0,70,,7449,4,,0,30,,7450,4,,0,70,,7451,4,,0,30,,7452,4,,0,70,,7453,4,,0,30,,7454,4,,0,70,,7455,4,,0,31,,7456,4,,0,70,,7457,4,,0,29,,7458,4,,0,70,,7459,4,,0,30,,7460,4,,0,70,,7461,4,,0,30,,7462,4,,0,70,,7463,4,,0,30,,7464,4,,0,70,,7465,4,,0,30,,7466,4,,0,70,,7467,4,,0,30,,7468,4,,0,70,,7469,4,,0,30,,7470,4,,0,70,,7471,4,,0,30,,7472,4,,0,70,,7473,4,,0,111,,7474,4,,0
70901,'LA-H26-LA_GTFS-Week-end-50',646,,7475,4,,0,70,,7476,4,,0,30,,7477,4,,0,70,,7478,4,,0,30,,7479,4,,0,57,,7480,4,,0,31,,7481,4,,0,70,,7482,4,,0,30,,7483,4,,0,72,,7484,4,,0,31,,7485,4,,0,70,,7486,4,,0,30,,7487,4,,0,70,,7488,4,,0,30,,7489,4,,0,70,,7490,4,,0,30,,7491,4,,0,70,,7492,4,,0,31,,7493,4,,0,70,,7494,4,,0,29,,7495,4,,0,70,,7496,4,,0,30,,7497,4,,0,70,,7498,4,,0,30,,7499,4,,0,70,,7500,4,,0,30,,7501,4,,0,70,,7502,4,,0,30,,7503,4,,0,70,,7504,4,,0,30,,7505,4,,0,70,,7506,4,,0,30,,7507,4,,0,70,,7508,4,,0,30,,7509,4,,0,70,,7510,4,,0,111,,7511,4,,0
