24201,'Semaine-03',644,,15868,610,,,0,75,,15869,610,,,0,35,,15870,610,,,0,79,,15871,610,,,0,76,,15872,610,,,0,38,,15873,610,,,0,103,,15874,610,,,0,100,,15875,610,,,0,100,,15876,610,,,0,100,,15877,610,,,0,100,,15878,610,,,0,107,,15879,610,,,0,88,,15880,610,,,0,82,,15881,610,,,0,90,,15882,610,,,0,32,,15883,610,,,0,68,,15884,610,,,0,83,,15885,610,,,0,100,,15886,610,,,0,100,,15887,610,,,0,100,,15888,610,,,0
24201,'Semaine-53',644,,12704,610,,,0,75,,12705,610,,,0,35,,12706,610,,,0,79,,12707,610,,,0,76,,12708,610,,,0,38,,12709,610,,,0,103,,12710,610,,,0,100,,12711,610,,,0,100,,12712,610,,,0,100,,12713,610,,,0,100,,12714,610,,,0,107,,12715,610,,,0,88,,12716,610,,,0,82,,12717,610,,,0,90,,12718,610,,,0,32,,12719,610,,,0,68,,12720,610,,,0,83,,12721,610,,,0,100,,12722,610,,,0,100,,12723,610,,,0,100,,12724,610,,,0
24201,'Week-end-03',753,,15889,610,,,0,100,,15890,610,,,0,100,,15891,610,,,0,100,,15892,610,,,0,100,,15893,610,,,0,100,,15894,610,,,0,100,,15895,610,,,0,100,,15896,610,,,0,100,,15897,610,,,0,100,,15898,610,,,0,100,,15899,610,,,0,100,,15900,610,,,0,100,,15901,610,,,0,100,,15902,610,,,0,100,,15903,610,,,0,100,,15904,610,,,0
24201,'Week-end-53',753,,12725,610,,,0,100,,12726,610,,,0,100,,12727,610,,,0,100,,12728,610,,,0,100,,12729,610,,,0,100,,12730,610,,,0,100,,12731,610,,,0,100,,12732,610,,,0,100,,12733,610,,,0,100,,12734,610,,,0,100,,12735,610,,,0,100,,12736,610,,,0,100,,12737,610,,,0,100,,12738,610,,,0,100,,12739,610,,,0,100,,12740,610,,,0
60001,'Semaine-03',652,,16789,110,,,0,70,,16790,110,,,0,32,,16791,110,,,0,100,,16792,110,,,0,100,,16793,110,,,0,98,,16794,110,,,0,100,,16795,110,,,0,70,,16796,110,,,0,100,,16797,110,,,0,30,,16798,110,,,0,70,,16799,110,,,0,30,,16800,110,,,0,70,,16801,110,,,0,30,,16802,110,,,0,70,,16803,110,,,0,30,,16804,110,,,0,70,,16805,110,,,0,30,,16806,110,,,0,70,,16807,110,,,0,30,,16808,110,,,0,100,,16809,110,,,0,100,,16810,110,,,0,100,,16811,110,,,0,100,,16812,110,,,0,100,,16813,110,,,0
60001,'Semaine-53',652,,14274,110,,,0,70,,14275,110,,,0,32,,14276,110,,,0,100,,14277,110,,,0,100,,14278,110,,,0,98,,14279,110,,,0,100,,14280,110,,,0,70,,14281,110,,,0,100,,14282,110,,,0,30,,14283,110,,,0,70,,14284,110,,,0,30,,14285,110,,,0,70,,14286,110,,,0,30,,14287,110,,,0,70,,14288,110,,,0,30,,14289,110,,,0,70,,14290,110,,,0,30,,14291,110,,,0,70,,14292,110,,,0,30,,14293,110,,,0,100,,14294,110,,,0,100,,14295,110,,,0,100,,14296,110,,,0,100,,14297,110,,,0,100,,14298,110,,,0
60001,'Week-end-03',802,,16833,110,,,0,100,,16832,110,,,0,100,,16830,110,,,0,100,,16831,110,,,0,100,,16828,110,,,0,100,,16829,110,,,0,100,,16825,110,,,0,100,,16826,110,,,0,100,,16827,110,,,0,100,,16824,110,,,0,100,,16821,110,,,0,100,,16822,110,,,0,100,,16823,110,,,0,100,,16819,110,,,0,49,,16820,110,,,0,185,,16818,110,,,0
60001,'Week-end-53',802,,14318,110,,,0,100,,14317,110,,,0,100,,14315,110,,,0,100,,14316,110,,,0,100,,14313,110,,,0,100,,14314,110,,,0,100,,14310,110,,,0,100,,14311,110,,,0,100,,14312,110,,,0,100,,14309,110,,,0,100,,14306,110,,,0,100,,14307,110,,,0,100,,14308,110,,,0,100,,14304,110,,,0,49,,14305,110,,,0,185,,14303,110,,,0
61001,'Semaine-03',605,,16892,640,,,0,30,,16893,640,,,0,72,,16894,640,,,0,30,,16895,640,,,0,70,,16896,640,,,0,27,,16897,640,,,0,68,,16916,640,,,0,30,,16898,640,,,0,100,,16899,640,,,0,99,,16900,640,,,0,100,,16901,640,,,0,100,,16902,640,,,0,100,,16903,640,,,0,102,,16904,640,,,0,103,,16905,640,,,0,73,,16906,640,,,0,30,,16907,640,,,0,68,,16908,640,,,0,30,,16909,640,,,0,22,,16910,640,,,0,70,,16911,640,,,0,99,,16912,640,,,0,100,,16913,640,,,0,100,,16914,640,,,0,100,,16915,640,,,0
61001,'Semaine-53',605,,14410,640,,,0,30,,14411,640,,,0,72,,14412,640,,,0,30,,14413,640,,,0,70,,14414,640,,,0,27,,14415,640,,,0,68,,14434,640,,,0,30,,14416,640,,,0,100,,14417,640,,,0,99,,14418,640,,,0,100,,14419,640,,,0,100,,14420,640,,,0,100,,14421,640,,,0,102,,14422,640,,,0,103,,14423,640,,,0,73,,14424,640,,,0,30,,14425,640,,,0,68,,14426,640,,,0,30,,14427,640,,,0,22,,14428,640,,,0,70,,14429,640,,,0,99,,14430,640,,,0,100,,14431,640,,,0,100,,14432,640,,,0,100,,14433,640,,,0
61001,'Week-end-03',758,,16917,640,,,0,100,,16918,640,,,0,70,,16919,640,,,0,102,,16920,640,,,0,100,,16921,640,,,0,100,,16922,640,,,0,100,,16923,640,,,0,100,,16924,640,,,0,100,,16925,640,,,0,100,,16926,640,,,0,100,,16927,640,,,0,97,,16928,640,,,0,100,,16929,640,,,0,100,,16930,640,,,0,100,,16931,640,,,0,100,,16932,640,,,0,100,,16933,640,,,0
61001,'Week-end-53',758,,14435,640,,,0,100,,14436,640,,,0,70,,14437,640,,,0,102,,14438,640,,,0,100,,14439,640,,,0,100,,14440,640,,,0,100,,14441,640,,,0,100,,14442,640,,,0,100,,14443,640,,,0,100,,14444,640,,,0,100,,14445,640,,,0,97,,14446,640,,,0,100,,14447,640,,,0,100,,14448,640,,,0,100,,14449,640,,,0,100,,14450,640,,,0,100,,14451,640,,,0
