23000,'Fête-1-01',836,,17741,20,,,0,100,,17742,20,,,0,100,,17746,20,,,0,100,,17747,20,,,0,100,,17748,20,,,0,100,,17749,20,,,0,100,,17750,20,,,0,100,,17752,20,,,0,100,,17740,20,,,0,100,,17739,20,,,0,100,,17751,20,,,0,100,,17745,20,,,0,100,,17744,20,,,0,100,,17743,20,,,0,100,,17753,20,,,0
23000,'Semaine-01',606,,17758,20,,,0,30,,17759,20,,,0,70,,17760,20,,,0,30,,17761,20,,,0,70,,17762,20,,,0,30,,17763,20,,,0,100,,17764,20,,,0,105,,17769,20,,,0,105,,17770,20,,,0,110,,17771,20,,,0,155,,17772,20,,,0,115,,17773,20,,,0,75,,17756,20,,,0,40,,17755,20,,,0,80,,17754,20,0,8 27 75,0,30,,17757,20,,,0,70,,17774,20,,,0,30,,17768,20,,,0,100,,17767,20,,,0,100,,17766,20,,,0,100,,17765,20,,,0
23000,'Semaine-02',606,,17779,20,,,0,30,,17780,20,,,0,70,,17781,20,,,0,30,,17782,20,,,0,70,,17783,20,,,0,30,,17784,20,,,0,100,,17785,20,,,0,105,,17790,20,,,0,105,,17791,20,,,0,110,,17792,20,,,0,155,,17793,20,,,0,115,,17794,20,,,0,75,,17777,20,,,0,40,,17776,20,,,0,80,,17775,20,0,8 27 75,0,30,,17778,20,,,0,70,,17795,20,,,0,30,,17789,20,,,0,100,,17788,20,,,0,100,,17787,20,,,0,100,,17786,20,,,0
23000,'Week-end-01',836,,17798,20,,,0,100,,17799,20,,,0,100,,17803,20,,,0,100,,17804,20,,,0,100,,17805,20,,,0,100,,17806,20,,,0,100,,17807,20,,,0,100,,17809,20,,,0,100,,17797,20,,,0,100,,17796,20,,,0,100,,17808,20,,,0,100,,17802,20,,,0,100,,17801,20,,,0,100,,17800,20,,,0,100,,17810,20,,,0
23101,'Fête-1-01',910,,17892,440,,,0,100,,17891,440,,,0,100,,17893,440,,,0,100,,17889,440,,,0,100,,17894,440,,,0,100,,17888,440,,,0,100,,17895,440,,,0,100,,17887,440,,,0,100,,17896,440,,,0,100,,17890,440,,,0,100,,17897,440,,,0,100,,17886,440,,,0,100,,17898,440,,,0,100,,17885,440,,,0
23101,'Semaine-01',645,,17900,440,,,0,64,,17901,440,,,0,37,,17902,440,,,0,67,,17903,440,,,0,33,,17904,440,,,0,95,,17905,440,,,0,100,,17906,440,,,0,100,,17907,440,,,0,99,,17908,440,,,0,100,,17909,440,,,0,101,,17910,440,,,0,102,,17911,440,,,0,88,,17912,440,,,0,72,,17913,440,,,0,25,,17914,440,,,0,27,,17915,440,,,0,71,,17916,440,,,0,27,,17917,440,,,0,85,,17918,440,,,0,100,,17919,440,,,0,103,,17920,440,,,0,99,,17921,440,,,0
23101,'Semaine-02',645,,17923,440,,,0,64,,17924,440,,,0,37,,17925,440,,,0,67,,17926,440,,,0,33,,17927,440,,,0,95,,17928,440,,,0,100,,17929,440,,,0,100,,17930,440,,,0,99,,17931,440,,,0,100,,17932,440,,,0,101,,17933,440,,,0,102,,17934,440,,,0,88,,17935,440,,,0,72,,17936,440,,,0,25,,17937,440,,,0,27,,17938,440,,,0,71,,17939,440,,,0,27,,17940,440,,,0,85,,17941,440,,,0,100,,17942,440,,,0,103,,17943,440,,,0,99,,17944,440,,,0
23101,'Week-end-01',910,,17953,440,,,0,100,,17952,440,,,0,100,,17954,440,,,0,100,,17950,440,,,0,100,,17955,440,,,0,100,,17949,440,,,0,100,,17956,440,,,0,100,,17948,440,,,0,100,,17957,440,,,0,100,,17951,440,,,0,100,,17958,440,,,0,100,,17947,440,,,0,100,,17959,440,,,0,100,,17946,440,,,0
23900,'Fête-1-01',819,,18500,240,,,0,84,,18485,430,,,0,103,,18493,430,,,0,105,,18494,430,,,0,103,,18495,430,,,0,100,,18496,430,,,0,100,,18497,430,,,0,100,,18498,430,,,0,100,,18491,430,,,0,97,,18487,430,,,0,98,,18486,430,,,0,97,,18488,430,,,0,97,,18489,430,,,0,100,,18490,430,,,0,100,,18492,430,,,0
23900,'Semaine-01',545,,18516,240,0,31 13,0,70,,18513,240,0,31 13,0,35,,18501,430,,,0,60,,18525,430,,,0,35,,18502,430,,,0,68,,18503,430,,,0,30,,18517,430,,,0,70,,18514,430,,,0,95,,18504,430,,,0,100,,18505,430,,,0,102,,18506,430,,,0,103,,18507,430,,,0,100,,18508,430,,,0,99,,18509,430,,,0,102,,18510,430,,,0,35,,18511,430,,,0,75,,18522,430,,,0,78,,18523,430,,,0,17,,18518,430,,,0,35,,18515,430,,,0,61,,18512,430,,,0,38,,18524,430,,,0,151,,18521,430,,,0,98,,18520,430,,,0
23900,'Semaine-02',545,,18541,240,0,31 13,0,70,,18538,240,0,31 13,0,35,,18526,430,,,0,60,,18550,430,,,0,35,,18527,430,,,0,68,,18528,430,,,0,30,,18542,430,,,0,70,,18539,430,,,0,95,,18529,430,,,0,100,,18530,430,,,0,102,,18531,430,,,0,103,,18532,430,,,0,100,,18533,430,,,0,99,,18534,430,,,0,102,,18535,430,,,0,35,,18536,430,,,0,75,,18547,430,,,0,78,,18548,430,,,0,17,,18543,430,,,0,35,,18540,430,,,0,61,,18537,430,,,0,38,,18549,430,,,0,151,,18546,430,,,0,98,,18545,430,,,0
23900,'Week-end-01',819,,18566,240,,,0,84,,18551,430,,,0,103,,18559,430,,,0,105,,18560,430,,,0,103,,18561,430,,,0,100,,18562,430,,,0,100,,18563,430,,,0,100,,18564,430,,,0,100,,18557,430,,,0,97,,18553,430,,,0,98,,18552,430,,,0,97,,18554,430,,,0,97,,18555,430,,,0,100,,18556,430,,,0,100,,18558,430,,,0
