'LA-E25-LAGTFS-Semaine-01',2401,60000,,'',0,5500,,'',0,7400,,'',0
'LA-E25-LAGTFS-Semaine-03',2401,60000,,'',0,5500,,'',0,7400,,'',0
'LA-E25-LAGTFS-Dimanche-01',2700,83800,4,'',0,10000,4,'',0,10000,4,'',0,10100,4,'',0,10000,4,'',0,10000,4,'',0,10000,4,'',0,10200,4,'',0,10000,4,'',0,10000,4,'',0,9800,4,'',0,10000,4,'',0,10000,4,'',0,10000,4,'',0,10000,4,'',0,10000,4,'',0
'LA-E25-LAGTFS-Dimanche-02',2700,83800,4,'',0,10000,4,'',0,10000,4,'',0,10100,4,'',0,10000,4,'',0,10000,4,'',0,10000,4,'',0,10200,4,'',0,10000,4,'',0,10000,4,'',0,9800,4,'',0,10000,4,'',0,10000,4,'',0,10000,4,'',0,10000,4,'',0,10000,4,'',0
'LA-E25-LAGTFS-Fête-1-01',2700,83800,4,'',0,10000,4,'',0,10000,4,'',0,10100,4,'',0,10000,4,'',0,10000,4,'',0,10000,4,'',0,10200,4,'',0,10000,4,'',0,10000,4,'',0,9800,4,'',0,10000,4,'',0,10000,4,'',0,10000,4,'',0,10000,4,'',0,10000,4,'',0
'LA-E25-LAGTFS-Samedi-01',2700,83800,4,'',0,10000,4,'',0,10000,4,'',0,10100,4,'',0,10000,4,'',0,10000,4,'',0,10000,4,'',0,10200,4,'',0,10000,4,'',0,10000,4,'',0,9800,4,'',0,10000,4,'',0,10000,4,'',0,10000,4,'',0,10000,4,'',0,10000,4,'',0
'LA-E25-LAGTFS-Samedi-02',2700,83800,4,'',0,10000,4,'',0,10000,4,'',0,10100,4,'',0,10000,4,'',0,10000,4,'',0,10000,4,'',0,10200,4,'',0,10000,4,'',0,10000,4,'',0,9800,4,'',0,10000,4,'',0,10000,4,'',0,10000,4,'',0,10000,4,'',0,10000,4,'',0
'LA-E25-LAGTFS-Semaine-01',2700,65900,4,'',0,6000,4,'',0,8100,4,'',0,2000,4,'',0,8100,4,'',0,2400,4,'',0,11600,4,'',0,10000,4,'',0,10000,4,'',0,9900,4,'',0,10100,4,'',0,10200,4,'',0,7100,4,'',0,3500,4,'',0,9200,4,'',0,6900,4,'',0,3400,4,'',0,7500,4,'',0,2200,4,'',0,7500,4,'',0,3000,4,'',0,9500,4,'',0,10000,4,'',0,9800,4,'',0
'LA-E25-LAGTFS-Semaine-03',2700,65900,4,'',0,6000,4,'',0,8100,4,'',0,2000,4,'',0,8100,4,'',0,2400,4,'',0,11600,4,'',0,10000,4,'',0,10000,4,'',0,9900,4,'',0,10100,4,'',0,10200,4,'',0,7100,4,'',0,3500,4,'',0,9200,4,'',0,6900,4,'',0,3400,4,'',0,7500,4,'',0,2200,4,'',0,7500,4,'',0,3000,4,'',0,9500,4,'',0,10000,4,'',0,9800,4,'',0
'LA-E25-LAGTFS-Dimanche-01',2801,74100,,'',0,17500,,'',0,13400,,'',0,17500,,'',0,17500,,'',0,13500,,'',0,17700,,'',0,13500,,'',0,17500,,'',0,13500,,'',0
'LA-E25-LAGTFS-Dimanche-02',2801,74100,,'',0,17500,,'',0,13400,,'',0,17500,,'',0,17500,,'',0,13500,,'',0,17700,,'',0,13500,,'',0,17500,,'',0,13500,,'',0
'LA-E25-LAGTFS-Fête-1-01',2801,74100,,'',0,17500,,'',0,13400,,'',0,17500,,'',0,17500,,'',0,13500,,'',0,17700,,'',0,13500,,'',0,17500,,'',0,13500,,'',0
'LA-E25-LAGTFS-Samedi-01',2801,74100,,'',0,17500,,'',0,13400,,'',0,17500,,'',0,17500,,'',0,13500,,'',0,17700,,'',0,13500,,'',0,17500,,'',0,13500,,'',0
'LA-E25-LAGTFS-Samedi-02',2801,74100,,'',0,17500,,'',0,13400,,'',0,17500,,'',0,17500,,'',0,13500,,'',0,17700,,'',0,13500,,'',0,17500,,'',0,13500,,'',0
'LA-E25-LAGTFS-Semaine-01',2801,60400,,'',0,3900,,'',0,11200,,'',0,19500,,'',0,18700,,'',0,19700,,'',0,19700,,'',0,12100,,'',0,15100,,'',0,11200,,'',0,4000,,'',0
'LA-E25-LAGTFS-Semaine-03',2801,60400,,'',0,3900,,'',0,11200,,'',0,19500,,'',0,18700,,'',0,19700,,'',0,19700,,'',0,12100,,'',0,15100,,'',0,11200,,'',0,4000,,'',0
