23200,'Semaine-03',630,,15502,230,,,0,70,,15503,230,,,0,30,,15504,230,,,0,70,,15505,230,,,0,30,,15506,230,,,0,29,,15507,230,,,0,100,,15508,230,,,0,100,,15509,230,,,0,100,,15510,230,,,0,100,,15511,230,,,0,100,,15512,230,,,0,100,,15513,230,,,0,146,,15514,230,,,0,35,,15515,230,,,0,73,,15516,230,,,0,27,,15517,230,,,0,67,,15518,230,,,0,27,,15519,230,,,0,71,,15520,230,,,0,54,,15521,230,,,0,100,,15522,230,,,0,100,,15523,230,,,0
23200,'Semaine-53',630,,12214,230,,,0,70,,12215,230,,,0,30,,12216,230,,,0,70,,12217,230,,,0,30,,12218,230,,,0,29,,12219,230,,,0,100,,12220,230,,,0,100,,12221,230,,,0,100,,12222,230,,,0,100,,12223,230,,,0,100,,12224,230,,,0,100,,12225,230,,,0,146,,12226,230,,,0,35,,12227,230,,,0,73,,12228,230,,,0,27,,12229,230,,,0,67,,12230,230,,,0,27,,12231,230,,,0,71,,12232,230,,,0,54,,12233,230,,,0,100,,12234,230,,,0,100,,12235,230,,,0
23200,'Week-end-03',926,,15534,230,,,0,102,,15529,230,,,0,100,,15535,230,,,0,102,,15528,230,,,0,100,,15536,230,,,0,100,,15527,230,,,0,100,,15537,230,,,0,98,,15532,230,,,0,100,,15538,230,,,0,99,,15531,230,,,0,100,,15539,230,,,0,100,,15526,230,,,0,100,,15540,230,,,0,100,,15533,230,,,0
23200,'Week-end-53',926,,12246,230,,,0,102,,12241,230,,,0,100,,12247,230,,,0,102,,12240,230,,,0,100,,12248,230,,,0,100,,12239,230,,,0,100,,12249,230,,,0,98,,12244,230,,,0,100,,12250,230,,,0,99,,12243,230,,,0,100,,12251,230,,,0,100,,12238,230,,,0,100,,12252,230,,,0,100,,12245,230,,,0
23300,'Semaine-03',641,,15541,520,,,0,101,,15542,520,,,0,105,,15553,520,,,0,97,,15554,520,,,0,170,,15543,520,,,0,200,,15544,520,,,0,200,,15545,520,,,0,35,,15546,520,,,0,103,,15547,520,,,0,105,,15548,520,,,0,100,,15552,520,,,0,102,,15549,520,,,0,155,,15550,520,,,0
23300,'Semaine-53',641,,12261,520,,,0,101,,12262,520,,,0,105,,12273,520,,,0,97,,12274,520,,,0,170,,12263,520,,,0,200,,12264,520,,,0,200,,12265,520,,,0,35,,12266,520,,,0,103,,12267,520,,,0,105,,12268,520,,,0,100,,12272,520,,,0,102,,12269,520,,,0,155,,12270,520,,,0
23300,'Week-end-03',911,,15559,520,,,0,200,,15561,520,,,0,200,,15557,520,,,0,203,,15562,520,,,0,200,,15560,520,,,0,197,,15558,520,,,0,199,,15555,520,,,0
23300,'Week-end-53',911,,12279,520,,,0,200,,12281,520,,,0,200,,12277,520,,,0,203,,12282,520,,,0,200,,12280,520,,,0,197,,12278,520,,,0,199,,12275,520,,,0
23400,'Semaine-03',543,,15574,300,,,0,66,,15573,300,,,0,100,,15563,530,,,0,104,,15576,530,,,0,99,,15564,530,,,0,102,,15565,530,,,0,200,,15566,530,,,0,200,,15567,530,,,0,203,,15568,530,,,0,107,,15569,530,,,0,103,,15570,530,,,0,92,,15575,530,,,0,97,,15571,530,,,0,198,,15572,530,,,0
23400,'Semaine-53',543,,12302,300,,,0,66,,12301,300,,,0,100,,12291,530,,,0,104,,12304,530,,,0,99,,12292,530,,,0,102,,12293,530,,,0,200,,12294,530,,,0,200,,12295,530,,,0,203,,12296,530,,,0,107,,12297,530,,,0,103,,12298,530,,,0,92,,12303,530,,,0,97,,12299,530,,,0,198,,12300,530,,,0
23400,'Week-end-03',815,,15584,300,,,0,196,,15582,530,,,0,200,,15580,530,,,0,203,,15577,530,,,0,202,,15579,530,,,0,195,,15578,530,,,0,200,,15583,530,,,0,200,,15581,530,,,0
23400,'Week-end-53',815,,12312,300,,,0,196,,12310,530,,,0,200,,12308,530,,,0,203,,12305,530,,,0,202,,12307,530,,,0,195,,12306,530,,,0,200,,12311,530,,,0,200,,12309,530,,,0
