25100,'Fête-1-01',829,,3323,4,,0,100,,3321,4,,0,100,,3324,4,,0,100,,3320,4,,0,100,,3319,4,,0,100,,3322,4,,0,100,,3315,4,,0,100,,3318,4,,0,100,,3314,4,,0,100,,3316,4,,0,100,,3312,4,,0,99,,3317,4,,0,100,,3309,4,,0,100,,3310,4,,0,100,,3311,4,,0,100,,3313,4,,0
25100,'Fête-1-02',829,,3339,4,,0,100,,3337,4,,0,100,,3340,4,,0,100,,3336,4,,0,100,,3335,4,,0,100,,3338,4,,0,100,,3331,4,,0,100,,3334,4,,0,100,,3330,4,,0,100,,3332,4,,0,100,,3328,4,,0,99,,3333,4,,0,100,,3325,4,,0,100,,3326,4,,0,100,,3327,4,,0,100,,3329,4,,0
25100,'Fête-2-02',924,,3342,4,,0,100,,3341,4,,0,100,,3350,4,,0,100,,3346,4,,0,100,,3349,4,,0,100,,3344,4,,0,615,,3347,4,,0,97,,3345,4,,0,98,,3343,4,,0,100,,3348,4,,0
25100,'Semaine-01',924,,3352,4,,0,100,,3351,4,,0,100,,3360,4,,0,100,,3356,4,,0,100,,3359,4,,0,100,,3354,4,,0,615,,3357,4,,0,97,,3355,4,,0,98,,3353,4,,0,100,,3358,4,,0
25100,'Semaine-50',924,,3362,4,,0,100,,3361,4,,0,100,,3370,4,,0,100,,3366,4,,0,100,,3369,4,,0,100,,3364,4,,0,615,,3367,4,,0,97,,3365,4,,0,98,,3363,4,,0,100,,3368,4,,0
25100,'Week-end-01',829,,3385,4,,0,100,,3383,4,,0,100,,3386,4,,0,100,,3382,4,,0,100,,3381,4,,0,100,,3384,4,,0,100,,3377,4,,0,100,,3380,4,,0,100,,3376,4,,0,100,,3378,4,,0,100,,3374,4,,0,99,,3379,4,,0,100,,3371,4,,0,100,,3372,4,,0,100,,3373,4,,0,100,,3375,4,,0
25100,'Week-end-50',829,,3401,4,,0,100,,3399,4,,0,100,,3402,4,,0,100,,3398,4,,0,100,,3397,4,,0,100,,3400,4,,0,100,,3393,4,,0,100,,3396,4,,0,100,,3392,4,,0,100,,3394,4,,0,100,,3390,4,,0,99,,3395,4,,0,100,,3387,4,,0,100,,3388,4,,0,100,,3389,4,,0,100,,3391,4,,0
25101,'Fête-1-01',736,,3413,,,0,100,,3418,,,0,100,,3417,,,0,100,,3412,,,0,100,,3415,,,0,100,,3416,,,0,100,,3414,,,0,100,,3409,,,0,100,,3407,,,0,100,,3408,,,0,100,,3410,,,0,100,,3404,,,0,100,,3405,,,0,100,,3406,,,0,100,,3403,,,0,100,,3411,,,0
25101,'Fête-1-02',736,,3429,,,0,100,,3434,,,0,100,,3433,,,0,100,,3428,,,0,100,,3431,,,0,100,,3432,,,0,100,,3430,,,0,100,,3425,,,0,100,,3423,,,0,100,,3424,,,0,100,,3426,,,0,100,,3420,,,0,100,,3421,,,0,100,,3422,,,0,100,,3419,,,0,100,,3427,,,0
25101,'Fête-2-02',930,,3435,,,0,100,,3436,,,0,100,,3439,,,0,100,,3440,,,0,100,,3441,,,0,100,,3437,,,0,614,,3438,,,0,98,,3442,,,0,100,,3443,,,0
25101,'Semaine-01',930,,3444,,,0,100,,3445,,,0,100,,3448,,,0,100,,3449,,,0,100,,3450,,,0,100,,3446,,,0,614,,3447,,,0,98,,3451,,,0,100,,3452,,,0
25101,'Semaine-50',930,,3453,,,0,100,,3454,,,0,100,,3457,,,0,100,,3458,,,0,100,,3459,,,0,100,,3455,,,0,614,,3456,,,0,98,,3460,,,0,100,,3461,,,0
25101,'Week-end-01',736,,3472,,,0,100,,3477,,,0,100,,3476,,,0,100,,3471,,,0,100,,3474,,,0,100,,3475,,,0,100,,3473,,,0,100,,3468,,,0,100,,3466,,,0,100,,3467,,,0,100,,3469,,,0,100,,3463,,,0,100,,3464,,,0,100,,3465,,,0,100,,3462,,,0,100,,3470,,,0
25101,'Week-end-50',736,,3488,,,0,100,,3493,,,0,100,,3492,,,0,100,,3487,,,0,100,,3490,,,0,100,,3491,,,0,100,,3489,,,0,100,,3484,,,0,100,,3482,,,0,100,,3483,,,0,100,,3485,,,0,100,,3479,,,0,100,,3480,,,0,100,,3481,,,0,100,,3478,,,0,100,,3486,,,0
