'LA-H25-LAGTFS-Dimanche-01',10100,82400,4,'',0,9800,4,'',0,10000,4,'',0,10000,4,'',0,10000,4,'',0,10000,4,'',0,10000,4,'',0,10000,4,'',0,10000,4,'',0,10000,4,'',0,10000,4,'',0,10000,4,'',0,10000,4,'',0,10000,4,'',0,10000,4,'',0
'LA-H25-LAGTFS-Dimanche-01',10101,82900,,'',0,10000,,'',0,10000,,'',0,10000,,'',0,10000,,'',0,10000,,'',0,10000,,'',0,10000,,'',0,10000,,'',0,10000,,'',0,10000,,'',0,10000,,'',0,10000,,'',0,10000,,'',0,10000,,'',0
'LA-H25-LAGTFS-Fête-1-01',10100,82400,4,'',0,9800,4,'',0,10000,4,'',0,10000,4,'',0,10000,4,'',0,10000,4,'',0,10000,4,'',0,10000,4,'',0,10000,4,'',0,10000,4,'',0,10000,4,'',0,10000,4,'',0,10000,4,'',0,10000,4,'',0,10000,4,'',0
'LA-H25-LAGTFS-Fête-1-01',10101,82900,,'',0,10000,,'',0,10000,,'',0,10000,,'',0,10000,,'',0,10000,,'',0,10000,,'',0,10000,,'',0,10000,,'',0,10000,,'',0,10000,,'',0,10000,,'',0,10000,,'',0,10000,,'',0,10000,,'',0
'LA-H25-LAGTFS-Fête-2-01',10100,63000,4,'',0,9500,4,'',0,9900,4,'',0,9800,4,'',0,10000,4,'',0,10000,4,'',0,10000,4,'',0,10000,4,'',0,10000,4,'',0,10000,4,'',0,10000,4,'',0,10000,4,'',0,10000,4,'',0,10000,4,'',0,10000,4,'',0,10000,4,'',0,10000,4,'',0
'LA-H25-LAGTFS-Fête-2-01',10101,63500,,'',0,9400,,'',0,10000,,'',0,10000,,'',0,10000,,'',0,10000,,'',0,10000,,'',0,10000,,'',0,10000,,'',0,10000,,'',0,10000,,'',0,10000,,'',0,10000,,'',0,10000,,'',0,10000,,'',0,10000,,'',0,10000,,'',0
'LA-H25-LAGTFS-Samedi-01',10100,82400,4,'',0,9800,4,'',0,10000,4,'',0,10000,4,'',0,10000,4,'',0,10000,4,'',0,10000,4,'',0,10000,4,'',0,10000,4,'',0,10000,4,'',0,10000,4,'',0,10000,4,'',0,10000,4,'',0,10000,4,'',0,10000,4,'',0
'LA-H25-LAGTFS-Samedi-01',10101,82900,,'',0,10000,,'',0,10000,,'',0,10000,,'',0,10000,,'',0,10000,,'',0,10000,,'',0,10000,,'',0,10000,,'',0,10000,,'',0,10000,,'',0,10000,,'',0,10000,,'',0,10000,,'',0,10000,,'',0
'LA-H25-LAGTFS-Semaine-01',10100,60300,4,'',0,2600,4,'',0,7400,4,'',0,2100,4,'',0,7700,4,'',0,2900,4,'',0,9600,4,'',0,9400,4,'',0,10000,4,'',0,10000,4,'',0,10000,4,'',0,10500,4,'',0,10000,4,'',0,7500,4,'',0,3600,4,'',0,7600,4,'',0,2500,4,'',0,7300,4,'',0,2500,4,'',0,7500,4,'',0,10000,4,'',0,10000,4,'',0,10000,4,'',0
'LA-H25-LAGTFS-Semaine-01',10101,61100,,'',0,2400,,'',0,7300,,'',0,2400,,'',0,7600,,'',0,2700,,'',0,9500,,'',0,10000,,'',0,10000,,'',0,10000,,'',0,10000,,'',0,10000,,'',0,10000,,'',0,7700,,'',0,3600,,'',0,7400,,'',0,2300,,'',0,7500,,'',0,2600,,'',0,7500,,'',0,9900,,'',0,10000,,'',0,10000,,'',0
'LA-H25-LAGTFS-Semaine-03',10100,60300,4,'',0,2600,4,'',0,7400,4,'',0,2100,4,'',0,7700,4,'',0,2900,4,'',0,9600,4,'',0,9400,4,'',0,10000,4,'',0,10000,4,'',0,10000,4,'',0,10500,4,'',0,10000,4,'',0,7500,4,'',0,3600,4,'',0,7600,4,'',0,2500,4,'',0,7300,4,'',0,2500,4,'',0,7500,4,'',0,10000,4,'',0,10000,4,'',0,10000,4,'',0
'LA-H25-LAGTFS-Semaine-03',10101,61100,,'',0,2400,,'',0,7300,,'',0,2400,,'',0,7600,,'',0,2700,,'',0,9500,,'',0,10000,,'',0,10000,,'',0,10000,,'',0,10000,,'',0,10000,,'',0,10000,,'',0,7700,,'',0,3600,,'',0,7400,,'',0,2300,,'',0,7500,,'',0,2600,,'',0,7500,,'',0,9900,,'',0,10000,,'',0,10000,,'',0
