23000,'Fête-1-02',840,,21490,90,,,0,100,,21491,90,,,0,101,,21495,90,,,0,100,,21496,90,,,0,100,,21497,90,,,0,100,,21498,90,,,0,100,,21499,90,,,0,100,,21501,90,,,0,100,,21489,90,,,0,99,,21488,90,,,0,100,,21500,90,,,0,100,,21494,90,,,0,100,,21493,90,,,0,100,,21492,90,,,0,100,,21502,90,,,0
23000,'Semaine-02',612,,17779,90,,,0,30,,17780,90,,,0,71,,17781,90,,,0,30,,17782,90,,,0,70,,17783,90,,,0,29,,17784,90,,,0,100,,17785,90,,,0,105,,17790,90,,,0,105,,17791,90,,,0,150,,17792,90,,,0,116,,17793,90,,,0,115,,17794,90,,,0,75,,17777,90,,,0,39,,17776,90,,,0,80,,17775,90,0,8 27 75,0,30,,17778,90,,,0,69,,17795,90,,,0,30,,17789,90,,,0,100,,17788,90,,,0,100,,17787,90,,,0,100,,17786,90,,,0
23000,'Semaine-03',612,,21507,90,,,0,30,,21508,90,,,0,71,,21509,90,,,0,30,,21510,90,,,0,70,,21511,90,,,0,29,,21512,90,,,0,100,,21513,90,,,0,105,,21518,90,,,0,105,,21519,90,,,0,150,,21520,90,,,0,116,,21521,90,,,0,115,,21522,90,,,0,75,,21505,90,,,0,39,,21504,90,,,0,80,,21503,90,0,8 27 75,0,30,,21506,90,,,0,69,,21523,90,,,0,30,,21517,90,,,0,100,,21516,90,,,0,100,,21515,90,,,0,100,,21514,90,,,0
23000,'Week-end-01',840,,17798,90,,,0,100,,17799,90,,,0,101,,17803,90,,,0,100,,17804,90,,,0,100,,17805,90,,,0,100,,17806,90,,,0,100,,17807,90,,,0,100,,17809,90,,,0,100,,17797,90,,,0,99,,17796,90,,,0,100,,17808,90,,,0,100,,17802,90,,,0,100,,17801,90,,,0,100,,17800,90,,,0,100,,17810,90,,,0
23600,'Fête-1-02',857,,21764,340,,,0,100,,21755,340,,,0,100,,21765,340,,,0,101,,21753,340,,,0,100,,21761,340,,,0,100,,21757,340,,,0,100,,21763,340,,,0,100,,21754,340,,,0,100,,21767,340,,,0,100,,21756,340,,,0,100,,21762,340,,,0,100,,21758,340,,,0,100,,21760,340,,,0,100,,21759,340,,,0
23600,'Semaine-02',623,,18303,340,,,0,110,,18304,340,,,0,81,,18321,340,,,0,39,,18305,340,,,0,76,,18306,340,,,0,95,,18307,340,,,0,99,,18308,340,,,0,101,,18309,340,,,0,100,,18310,340,,,0,100,,18311,340,,,0,100,,18312,340,,,0,100,,18313,340,,,0,85,,18314,340,,,0,39,,18315,340,,,0,83,,18316,340,,,0,124,,18317,340,,,0,103,,18318,340,,,0,100,,18319,340,,,0
23600,'Semaine-03',623,,21768,340,,,0,110,,21769,340,,,0,81,,21786,340,,,0,39,,21770,340,,,0,76,,21771,340,,,0,95,,21772,340,,,0,99,,21773,340,,,0,101,,21774,340,,,0,100,,21775,340,,,0,100,,21776,340,,,0,100,,21777,340,,,0,100,,21778,340,,,0,85,,21779,340,,,0,39,,21780,340,,,0,83,,21781,340,,,0,124,,21782,340,,,0,103,,21783,340,,,0,100,,21784,340,,,0
23600,'Week-end-01',857,,18333,340,,,0,100,,18324,340,,,0,100,,18334,340,,,0,101,,18322,340,,,0,100,,18330,340,,,0,100,,18326,340,,,0,100,,18332,340,,,0,100,,18323,340,,,0,100,,18336,340,,,0,100,,18325,340,,,0,100,,18331,340,,,0,100,,18327,340,,,0,100,,18329,340,,,0,100,,18328,340,,,0
70900,'Fête-1-02',708,,23054,550,,,0,25,,23055,550,,,0,15,,23056,550,,,0,70,,23057,550,,,0,30,,23058,550,,,0,71,,23059,550,,,0,30,,23060,550,,,0,70,,23061,550,,,0,30,,23062,550,,,0,70,,23063,550,,,0,31,,23064,550,,,0,70,,23065,550,,,0,30,,23066,550,,,0,70,,23067,550,,,0,30,,23068,550,,,0,70,,23069,550,,,0,30,,23070,550,,,0,71,,23071,550,,,0,30,,23072,550,,,0,70,,23073,550,,,0,30,,23074,550,,,0,70,,23075,550,,,0,30,,23076,550,,,0,69,,23077,550,,,0,30,,23078,550,,,0,70,,23079,550,,,0,28,,23080,550,,,0,70,,23081,550,,,0,30,,23082,550,,,0,69,,23083,550,,,0,30,,23084,550,,,0,70,,23085,550,,,0,30,,23086,550,,,0,60,,23087,550,,,0,29,,23088,550,,,0,70,,23089,550,,,0,30,,23090,550,,,0,70,,23091,550,,,0,109,,23092,550,,,0
70900,'Semaine-02',627,,20961,550,0,11 12 13,0,79,,20962,550,0,11 12 13,0,20,,20963,550,0,11 12 13,0,7,,20964,550,0,11 12 13,0,78,,20965,550,0,11 12 13,0,19,,20966,550,0,11 12 13,0,25,,20967,550,0,11 12 13,0,68,,20968,550,0,11 12 13,0,34,,20969,550,0,11 12 13,0,65,,21007,550,0,11 12 13,0,28,,20970,550,0,11 12 13,0,55,,20971,550,0,11 12 13,0,29,,20972,550,0,11 12 13,0,15,,20973,550,0,11 12 13,0,55,,20974,550,0,11 12 13,0,23,,20975,550,0,11 12 13,0,31,,20976,550,0,11 12 13,0,55,,21003,550,0,11 12 13,0,15,,21006,550,0,11 12 13,0,15,,21005,550,0,11 12 13,0,70,,21004,550,0,11 12 13,0,45,,21002,550,0,11 12 13,0,55,,20977,550,0,11 12 13,0,24,,20978,550,0,11 12 13,0,86,,20979,550,,,0,30,,20980,550,,,0,60,,21000,550,,,0,17,,21001,550,,,0,8,,20994,550,,,0,15,,20999,550,,,0,51,,20995,550,,,0,12,,20996,550,,,0,9,,20997,550,,,0,10,,20998,550,,,0,12,,20993,550,,,0,65,,20981,550,,,0,13,,20982,550,,,0,11,,20983,550,,,0,11,,20984,550,,,0,67,,20992,550,,,0,19,,20985,550,,,0,69,,20986,550,,,0,22,,21009,550,,,0,30,,20987,550,,,0,54,,20988,550,,,0,97,,20989,550,,,0,29,,20990,550,,,0,82,,21008,550,,,0,99,,20991,550,,,0,108,,20960,550,,,0
70900,'Semaine-03',627,,23094,550,0,11 12 13,0,79,,23095,550,0,11 12 13,0,20,,23096,550,0,11 12 13,0,7,,23097,550,0,11 12 13,0,78,,23098,550,0,11 12 13,0,19,,23099,550,0,11 12 13,0,25,,23100,550,0,11 12 13,0,68,,23101,550,0,11 12 13,0,34,,23102,550,0,11 12 13,0,65,,23140,550,0,11 12 13,0,28,,23103,550,0,11 12 13,0,55,,23104,550,0,11 12 13,0,29,,23105,550,0,11 12 13,0,15,,23106,550,0,11 12 13,0,55,,23107,550,0,11 12 13,0,23,,23108,550,0,11 12 13,0,31,,23109,550,0,11 12 13,0,55,,23136,550,0,11 12 13,0,15,,23139,550,0,11 12 13,0,15,,23138,550,0,11 12 13,0,70,,23137,550,0,11 12 13,0,45,,23135,550,0,11 12 13,0,55,,23110,550,0,11 12 13,0,24,,23111,550,0,11 12 13,0,86,,23112,550,,,0,30,,23113,550,,,0,60,,23133,550,,,0,17,,23134,550,,,0,8,,23127,550,,,0,15,,23132,550,,,0,51,,23128,550,,,0,12,,23129,550,,,0,9,,23130,550,,,0,10,,23131,550,,,0,12,,23126,550,,,0,65,,23114,550,,,0,13,,23115,550,,,0,11,,23116,550,,,0,11,,23117,550,,,0,67,,23125,550,,,0,19,,23118,550,,,0,69,,23119,550,,,0,22,,23142,550,,,0,30,,23120,550,,,0,54,,23121,550,,,0,97,,23122,550,,,0,29,,23123,550,,,0,82,,23141,550,,,0,99,,23124,550,,,0,108,,23093,550,,,0
70900,'Week-end-01',708,,21010,550,,,0,25,,21011,550,,,0,15,,21012,550,,,0,70,,21013,550,,,0,30,,21014,550,,,0,71,,21015,550,,,0,30,,21016,550,,,0,70,,21017,550,,,0,30,,21018,550,,,0,70,,21019,550,,,0,31,,21020,550,,,0,70,,21021,550,,,0,30,,21022,550,,,0,70,,21023,550,,,0,30,,21024,550,,,0,70,,21025,550,,,0,30,,21026,550,,,0,71,,21027,550,,,0,30,,21028,550,,,0,70,,21029,550,,,0,30,,21030,550,,,0,70,,21031,550,,,0,30,,21032,550,,,0,69,,21033,550,,,0,30,,21034,550,,,0,70,,21035,550,,,0,28,,21036,550,,,0,70,,21037,550,,,0,30,,21038,550,,,0,69,,21039,550,,,0,30,,21040,550,,,0,70,,21041,550,,,0,30,,21042,550,,,0,60,,21043,550,,,0,29,,21044,550,,,0,70,,21045,550,,,0,30,,21046,550,,,0,70,,21047,550,,,0,109,,21048,550,,,0
