'LA-E24-LAGTFS-Semaine-02',7100,50000,,'',0,2400,4,'',0,3000,,'',0,6400,4,'',0,200,,'',0,1800,,'',0,700,4,'',0,1000,,'',0,4800,4,'',0,1200,,'',0,500,4,'',0,2000,4,'',0,88400,,'',0,2600,4,'',0,900,,'',0,5900,,'',0,800,4,'',0,1800,4,'',0,400,,'',0,6600,4,'',0,900,,'',0,2500,4,'',0,1000,,'',0,6500,4,'',0,200,,'',0,2400,4,'',0,800,,'',0,6400,4,'',0
'LA-E24-LAGTFS-Semaine-30',7100,50000,,'',0,2400,4,'',0,3000,,'',0,6400,4,'',0,200,,'',0,1800,,'',0,700,4,'',0,1000,,'',0,4800,4,'',0,1200,,'',0,500,4,'',0,2000,4,'',0,88400,,'',0,2600,4,'',0,900,,'',0,5900,,'',0,800,4,'',0,1800,4,'',0,400,,'',0,6600,4,'',0,900,,'',0,2500,4,'',0,1000,,'',0,6500,4,'',0,200,,'',0,2400,4,'',0,800,,'',0,6400,4,'',0
'LA-E24-LAGTFS-Semaine-02',7200,45900,,'',0,6500,4,'',0,2700,,'',0,6600,4,'',0,200,,'',0,1700,,'',0,900,4,'',0,800,,'',0,5000,4,'',0,1000,,'',0,700,4,'',0,2000,4,'',0,88400,,'',0,2800,4,'',0,700,,'',0,5900,,'',0,1000,4,'',0,1800,4,'',0,200,,'',0,6600,4,'',0,900,,'',0,2600,4,'',0,900,,'',0,6500,4,'',0,200,,'',0,2400,4,'',0,800,,'',0,6400,4,'',0
'LA-E24-LAGTFS-Semaine-30',7200,45900,,'',0,6500,4,'',0,2700,,'',0,6600,4,'',0,200,,'',0,1700,,'',0,900,4,'',0,800,,'',0,5000,4,'',0,1000,,'',0,700,4,'',0,2000,4,'',0,88400,,'',0,2800,4,'',0,700,,'',0,5900,,'',0,1000,4,'',0,1800,4,'',0,200,,'',0,6600,4,'',0,900,,'',0,2600,4,'',0,900,,'',0,6500,4,'',0,200,,'',0,2400,4,'',0,800,,'',0,6400,4,'',0
'LA-E24-LAGTFS-Semaine-30',97101,105800,,'',0,26100,,'',0,22700,,'',0,59400,,'',0
'LA-E24-LAGTFS-Semaine-30',97201,51600,,'',0,9000,,'',0,2500,,'',0,7500,,'',0,2000,,'',0,10600,,'',0,86900,,'',0,3600,,'',0,12000,,'',0,18200,,'',0
'LA-E24-LAGTFS-Semaine-02',2000007100,104100,,'',0,6500,4,'',0,14500,,'',0,6600,4,'',0
'LA-E24-LAGTFS-Semaine-30',2000007100,104100,,'',0,6500,4,'',0,14500,,'',0,6600,4,'',0
'LA-E24-LAGTFS-Semaine-02',2000007200,103900,,'',0,6700,4,'',0,14500,,'',0,6700,4,'',0
'LA-E24-LAGTFS-Semaine-30',2000007200,103900,,'',0,6700,4,'',0,14500,,'',0,6700,4,'',0
