23000,'LA-H26-LA_GTFS-Fête-1-01',845,,750,,,0,100,,751,,,0,100,,755,,,0,100,,756,,,0,100,,757,,,0,100,,758,,,0,100,,759,,,0,100,,761,,,0,100,,749,,,0,100,,748,,,0,100,,760,,,0,100,,754,,,0,100,,753,,,0,100,,752,,,0,100,,762,,,0
23000,'LA-H26-LA_GTFS-Fête-1-02',845,,765,,,0,100,,766,,,0,100,,770,,,0,100,,771,,,0,100,,772,,,0,100,,773,,,0,100,,774,,,0,100,,776,,,0,100,,764,,,0,100,,763,,,0,100,,775,,,0,100,,769,,,0,100,,768,,,0,100,,767,,,0,100,,777,,,0
23000,'LA-H26-LA_GTFS-Fête-2-02',621,,783,,,0,30,,784,,,0,70,,785,,,0,30,,786,,,0,70,,787,,,0,29,,788,,,0,100,,789,,,0,100,,794,,,0,100,,795,,,0,100,,796,,,0,100,,797,,,0,100,,798,,,0,101,,800,,,0,70,,781,,,0,30,,780,,,0,70,,779,,,0,30,,778,,,0,70,,782,,,0,28,,799,,,0,70,,793,,,0,100,,792,,,0,100,,791,,,0,100,,790,,,0
23000,'LA-H26-LA_GTFS-Semaine-01',621,,806,,,0,30,,807,,,0,70,,808,,,0,30,,809,,,0,70,,810,,,0,29,,811,,,0,100,,812,,,0,100,,817,,,0,100,,818,,,0,100,,819,,,0,100,,820,,,0,100,,821,,,0,101,,823,,,0,70,,804,,,0,30,,803,,,0,70,,802,,,0,30,,801,,,0,70,,805,,,0,28,,822,,,0,70,,816,,,0,100,,815,,,0,100,,814,,,0,100,,813,,,0
23000,'LA-H26-LA_GTFS-Semaine-50',621,,829,,,0,30,,830,,,0,70,,831,,,0,30,,832,,,0,70,,833,,,0,29,,834,,,0,100,,835,,,0,100,,840,,,0,100,,841,,,0,100,,842,,,0,100,,843,,,0,100,,844,,,0,101,,846,,,0,70,,827,,,0,30,,826,,,0,70,,825,,,0,30,,824,,,0,70,,828,,,0,28,,845,,,0,70,,839,,,0,100,,838,,,0,100,,837,,,0,100,,836,,,0
23000,'LA-H26-LA_GTFS-Week-end-01',845,,849,,,0,100,,850,,,0,100,,854,,,0,100,,855,,,0,100,,856,,,0,100,,857,,,0,100,,858,,,0,100,,860,,,0,100,,848,,,0,100,,847,,,0,100,,859,,,0,100,,853,,,0,100,,852,,,0,100,,851,,,0,100,,861,,,0
23000,'LA-H26-LA_GTFS-Week-end-50',845,,864,,,0,100,,865,,,0,100,,869,,,0,100,,870,,,0,100,,871,,,0,100,,872,,,0,100,,873,,,0,100,,875,,,0,100,,863,,,0,100,,862,,,0,100,,874,,,0,100,,868,,,0,100,,867,,,0,100,,866,,,0,100,,876,,,0
70900,'LA-H26-LA_GTFS-Fête-2-02',632,,6922,0,11 12 13,0,79,,6923,0,11 12 13,0,20,,6924,0,11 12 13,0,7,,6925,0,11 12 13,0,19,,6926,0,11 12 13,0,59,,6927,0,11 12 13,0,19,,6928,0,11 12 13,0,13,,6929,0,11 12 13,0,52,,6930,0,11 12 13,0,28,,6931,0,11 12 13,0,19,,6972,0,11 12 13,0,55,,6932,0,11 12 13,0,25,,6971,0,11 12 13,0,28,,6933,0,11 12 13,0,55,,6934,0,11 12 13,0,29,,6935,0,11 12 13,0,15,,6936,0,11 12 13,0,55,,6937,0,11 12 13,0,23,,6938,0,11 12 13,0,71,,6939,0,11 12 13,0,15,,6967,0,11 12 13,0,15,,6970,0,11 12 13,0,15,,6969,0,11 12 13,0,70,,6968,0,11 12 13,0,85,,6966,0,11 12 13,0,15,,6940,0,11 12 13,0,24,,6941,0,11 12 13,0
70900,'LA-H26-LA_GTFS-Semaine-01',632,,6976,0,11 12 13,0,12,,7034,0,11 12 13,0,67,,6977,0,11 12 13,0,10,,6978,0,11 12 13,0,10,,6979,0,11 12 13,0,7,,6980,0,11 12 13,0,19,,6981,0,11 12 13,0,59,,6982,0,11 12 13,0,10,,6983,0,11 12 13,0,9,,6984,0,11 12 13,0,13,,6985,0,11 12 13,0,52,,6986,0,11 12 13,0,17,,6987,0,11 12 13,0,11,,6988,0,11 12 13,0,19,,7032,0,11 12 13,0,55,,6989,0,11 12 13,0,25,,7031,0,11 12 13,0,15,,6990,0,11 12 13,0,13,,6991,0,11 12 13,0,55,,6992,0,11 12 13,0,29,,6993,0,11 12 13,0,15,,6994,0,11 12 13,0,55,,6995,0,11 12 13,0,23,,6996,0,11 12 13,0,71,,6997,0,11 12 13,0,15,,7027,0,11 12 13,0,15,,7030,0,11 12 13,0,15,,7029,0,11 12 13,0,70,,7028,0,11 12 13,0,85,,7026,0,11 12 13,0,15,,6998,0,11 12 13,0,24,,6999,0,11 12 13,0
70900,'LA-H26-LA_GTFS-Semaine-50',632,,7037,0,11 12 13,0,12,,7095,0,11 12 13,0,67,,7038,0,11 12 13,0,10,,7039,0,11 12 13,0,10,,7040,0,11 12 13,0,7,,7041,0,11 12 13,0,19,,7042,0,11 12 13,0,59,,7043,0,11 12 13,0,10,,7044,0,11 12 13,0,9,,7045,0,11 12 13,0,13,,7046,0,11 12 13,0,52,,7047,0,11 12 13,0,17,,7048,0,11 12 13,0,11,,7049,0,11 12 13,0,19,,7093,0,11 12 13,0,55,,7050,0,11 12 13,0,25,,7092,0,11 12 13,0,15,,7051,0,11 12 13,0,13,,7052,0,11 12 13,0,55,,7053,0,11 12 13,0,29,,7054,0,11 12 13,0,15,,7055,0,11 12 13,0,55,,7056,0,11 12 13,0,23,,7057,0,11 12 13,0,71,,7058,0,11 12 13,0,15,,7088,0,11 12 13,0,15,,7091,0,11 12 13,0,15,,7090,0,11 12 13,0,70,,7089,0,11 12 13,0,85,,7087,0,11 12 13,0,15,,7059,0,11 12 13,0,24,,7060,0,11 12 13,0
