30600,'LA-H26-LA_GTFS-Fête-1-01',852,,3899,,,0,100,,3900,,,0,100,,3901,,,0,100,,3902,,,0,100,,3903,,,0,100,,3904,,,0,100,,3905,,,0,100,,3906,,,0,100,,3907,,,0,100,,3908,,,0,100,,3909,,,0,100,,3910,,,0,100,,3911,,,0,100,,3912,,,0,100,,3913,,,0
30600,'LA-H26-LA_GTFS-Fête-1-02',852,,3914,,,0,100,,3915,,,0,100,,3916,,,0,100,,3917,,,0,100,,3918,,,0,100,,3919,,,0,100,,3920,,,0,100,,3921,,,0,100,,3922,,,0,100,,3923,,,0,100,,3924,,,0,100,,3925,,,0,100,,3926,,,0,100,,3927,,,0,100,,3928,,,0
30600,'LA-H26-LA_GTFS-Fête-2-02',627,,3929,,,0,30,,3930,,,0,70,,3931,,,0,30,,3932,,,0,70,,3933,,,0,30,,3934,,,0,100,,3935,,,0,100,,3936,,,0,100,,3937,,,0,100,,3938,,,0,100,,3939,,,0,100,,3940,,,0,100,,3941,,,0,70,,3942,,,0,30,,3943,,,0,70,,3944,,,0,30,,3945,,,0,70,,3946,,,0,30,,3947,,,0,100,,3948,,,0,100,,3949,,,0,100,,3950,,,0,100,,3951,,,0
30600,'LA-H26-LA_GTFS-Semaine-01',627,,3952,,,0,30,,3953,,,0,70,,3954,,,0,30,,3955,,,0,70,,3956,,,0,30,,3957,,,0,100,,3958,,,0,100,,3959,,,0,100,,3960,,,0,100,,3961,,,0,100,,3962,,,0,100,,3963,,,0,100,,3964,,,0,70,,3965,,,0,30,,3966,,,0,70,,3967,,,0,30,,3968,,,0,70,,3969,,,0,30,,3970,,,0,100,,3971,,,0,100,,3972,,,0,100,,3973,,,0,100,,3974,,,0
30600,'LA-H26-LA_GTFS-Semaine-50',627,,3975,,,0,30,,3976,,,0,70,,3977,,,0,30,,3978,,,0,70,,3979,,,0,30,,3980,,,0,100,,3981,,,0,100,,3982,,,0,100,,3983,,,0,100,,3984,,,0,100,,3985,,,0,100,,3986,,,0,100,,3987,,,0,70,,3988,,,0,30,,3989,,,0,70,,3990,,,0,30,,3991,,,0,70,,3992,,,0,30,,3993,,,0,100,,3994,,,0,100,,3995,,,0,100,,3996,,,0,100,,3997,,,0
30600,'LA-H26-LA_GTFS-Week-end-01',852,,3998,,,0,100,,3999,,,0,100,,4000,,,0,100,,4001,,,0,100,,4002,,,0,100,,4003,,,0,100,,4004,,,0,100,,4005,,,0,100,,4006,,,0,100,,4007,,,0,100,,4008,,,0,100,,4009,,,0,100,,4010,,,0,100,,4011,,,0,100,,4012,,,0
30600,'LA-H26-LA_GTFS-Week-end-50',852,,4013,,,0,100,,4014,,,0,100,,4015,,,0,100,,4016,,,0,100,,4017,,,0,100,,4018,,,0,100,,4019,,,0,100,,4020,,,0,100,,4021,,,0,100,,4022,,,0,100,,4023,,,0,100,,4024,,,0,100,,4025,,,0,100,,4026,,,0,100,,4027,,,0
30601,'LA-H26-LA_GTFS-Fête-1-01',756,,4028,,,0,100,,4029,,,0,100,,4030,,,0,100,,4031,,,0,101,,4032,,,0,100,,4033,,,0,100,,4034,,,0,100,,4035,,,0,100,,4036,,,0,100,,4037,,,0,100,,4038,,,0,99,,4039,,,0,100,,4040,,,0,100,,4041,,,0,100,,4042,,,0
30601,'LA-H26-LA_GTFS-Fête-1-02',756,,4043,,,0,100,,4044,,,0,100,,4045,,,0,100,,4046,,,0,101,,4047,,,0,100,,4048,,,0,100,,4049,,,0,100,,4050,,,0,100,,4051,,,0,100,,4052,,,0,100,,4053,,,0,99,,4054,,,0,100,,4055,,,0,100,,4056,,,0,100,,4057,,,0
30601,'LA-H26-LA_GTFS-Fête-2-02',533,,4058,,,0,100,,4059,,,0,70,,4060,,,0,32,,4061,,,0,70,,4062,,,0,98,,4063,,,0,100,,4064,,,0,100,,4065,,,0,100,,4066,,,0,100,,4067,,,0,100,,4068,,,0,101,,4069,,,0,30,,4070,,,0,70,,4071,,,0,30,,4072,,,0,70,,4073,,,0,30,,4074,,,0,70,,4075,,,0,98,,4079,,,0,100,,4076,,,0,99,,4077,,,0,100,,4078,,,0
30601,'LA-H26-LA_GTFS-Semaine-01',533,,4080,,,0,100,,4081,,,0,70,,4082,,,0,32,,4083,,,0,70,,4084,,,0,98,,4085,,,0,100,,4086,,,0,100,,4087,,,0,100,,4088,,,0,100,,4089,,,0,100,,4090,,,0,101,,4091,,,0,30,,4092,,,0,70,,4093,,,0,30,,4094,,,0,70,,4095,,,0,30,,4096,,,0,70,,4097,,,0,98,,4101,,,0,100,,4098,,,0,99,,4099,,,0,100,,4100,,,0
30601,'LA-H26-LA_GTFS-Semaine-50',533,,4102,,,0,100,,4103,,,0,70,,4104,,,0,32,,4105,,,0,70,,4106,,,0,98,,4107,,,0,100,,4108,,,0,100,,4109,,,0,100,,4110,,,0,100,,4111,,,0,100,,4112,,,0,101,,4113,,,0,30,,4114,,,0,70,,4115,,,0,30,,4116,,,0,70,,4117,,,0,30,,4118,,,0,70,,4119,,,0,98,,4123,,,0,100,,4120,,,0,99,,4121,,,0,100,,4122,,,0
30601,'LA-H26-LA_GTFS-Week-end-01',756,,4124,,,0,100,,4125,,,0,100,,4126,,,0,100,,4127,,,0,101,,4128,,,0,100,,4129,,,0,100,,4130,,,0,100,,4131,,,0,100,,4132,,,0,100,,4133,,,0,100,,4134,,,0,99,,4135,,,0,100,,4136,,,0,100,,4137,,,0,100,,4138,,,0
30601,'LA-H26-LA_GTFS-Week-end-50',756,,4139,,,0,100,,4140,,,0,100,,4141,,,0,100,,4142,,,0,101,,4143,,,0,100,,4144,,,0,100,,4145,,,0,100,,4146,,,0,100,,4147,,,0,100,,4148,,,0,100,,4149,,,0,99,,4150,,,0,100,,4151,,,0,100,,4152,,,0,100,,4153,,,0
