22001,'Fête-1-01',749,,8,,,0,85,,8,4,,0,115,,5,,,0,85,,5,4,,0,115,,3,,,0,84,,3,4,,0,116,,4,,,0,84,,4,4,,0,116,,2,,,0,84,,2,4,,0,116,,7,,,0,85,,7,4,,0,115,,6,,,0,85,,6,4,,0,115,,1,0,8 20 1 21 19,0
22001,'Fête-1-02',749,,16,,,0,85,,16,4,,0,115,,13,,,0,85,,13,4,,0,115,,11,,,0,84,,11,4,,0,116,,12,,,0,84,,12,4,,0,116,,10,,,0,84,,10,4,,0,116,,15,,,0,85,,15,4,,0,115,,14,,,0,85,,14,4,,0,115,,9,0,8 20 1 21 19,0
22001,'Fête-2-02',543,,17,4,,0,6,,19,,,0,64,,18,4,,0,6,,20,,,0,21,,19,4,,0,9,,21,,,0,61,,20,4,,0,9,,22,,,0,22,,21,4,,0,8,,23,,,0,63,,22,4,,0,7,,24,,,0,24,,23,4,,0,69,,24,4,,0,7,,25,,,0,92,,25,4,,0,8,,26,,,0,92,,26,4,,0,8,,27,,,0,92,,27,4,,0,8,,28,,,0,92,,28,4,,0,8,,29,,,0,92,,29,4,,0,8,,30,,,0,93,,30,4,,0,7,,31,,,0,93,,31,4,,0,7,,32,,,0,30,,33,,,0,65,,32,4,,0,5,,34,,,0,25,,33,4,,0,5,,35,,,0,64,,34,4,,0,6,,36,,,0,24,,35,4,,0,6,,37,,,0,62,,36,4,,0,8,,38,,,0,19,,37,4,,0,70,,38,4,,0,11,,39,,,0,89,,39,4,,0,11,,40,,,0,88,,40,4,,0,12,,41,,,0,88,,41,4,,0,12,,42,0,8 20 1 21 19,0
22001,'Semaine-01',543,,43,4,,0,6,,45,,,0,64,,44,4,,0,6,,46,,,0,21,,45,4,,0,9,,47,,,0,61,,46,4,,0,9,,48,,,0,22,,47,4,,0,8,,49,,,0,63,,48,4,,0,7,,50,,,0,24,,49,4,,0,69,,50,4,,0,7,,51,,,0,92,,51,4,,0,8,,52,,,0,92,,52,4,,0,8,,53,,,0,92,,53,4,,0,8,,54,,,0,92,,54,4,,0,8,,55,,,0,92,,55,4,,0,8,,56,,,0,93,,56,4,,0,7,,57,,,0,93,,57,4,,0,7,,58,,,0,30,,59,,,0,65,,58,4,,0,5,,60,,,0,25,,59,4,,0,5,,61,,,0,64,,60,4,,0,6,,62,,,0,24,,61,4,,0,6,,63,,,0,62,,62,4,,0,8,,64,,,0,19,,63,4,,0,70,,64,4,,0,11,,65,,,0,89,,65,4,,0,11,,66,,,0,88,,66,4,,0,12,,67,,,0,88,,67,4,,0,12,,68,0,8 20 1 21 19,0
22001,'Semaine-50',543,,69,4,,0,6,,71,,,0,64,,70,4,,0,6,,72,,,0,21,,71,4,,0,9,,73,,,0,61,,72,4,,0,9,,74,,,0,22,,73,4,,0,8,,75,,,0,63,,74,4,,0,7,,76,,,0,24,,75,4,,0,69,,76,4,,0,7,,77,,,0,92,,77,4,,0,8,,78,,,0,92,,78,4,,0,8,,79,,,0,92,,79,4,,0,8,,80,,,0,92,,80,4,,0,8,,81,,,0,92,,81,4,,0,8,,82,,,0,93,,82,4,,0,7,,83,,,0,93,,83,4,,0,7,,84,,,0,30,,85,,,0,65,,84,4,,0,5,,86,,,0,25,,85,4,,0,5,,87,,,0,64,,86,4,,0,6,,88,,,0,24,,87,4,,0,6,,89,,,0,62,,88,4,,0,8,,90,,,0,19,,89,4,,0,70,,90,4,,0,11,,91,,,0,89,,91,4,,0,11,,92,,,0,88,,92,4,,0,12,,93,,,0,88,,93,4,,0,12,,94,0,8 20 1 21 19,0
22001,'Week-end-01',749,,102,,,0,85,,102,4,,0,115,,99,,,0,85,,99,4,,0,115,,97,,,0,84,,97,4,,0,116,,98,,,0,84,,98,4,,0,116,,96,,,0,84,,96,4,,0,116,,101,,,0,85,,101,4,,0,115,,100,,,0,85,,100,4,,0,115,,95,0,8 20 1 21 19,0
22001,'Week-end-50',749,,110,,,0,85,,110,4,,0,115,,107,,,0,85,,107,4,,0,115,,105,,,0,84,,105,4,,0,116,,106,,,0,84,,106,4,,0,116,,104,,,0,84,,104,4,,0,116,,109,,,0,85,,109,4,,0,115,,108,,,0,85,,108,4,,0,115,,103,0,8 20 1 21 19,0
22100,'Fête-1-01',849,,111,,,0,86,,111,4,,0,114,,115,,,0,86,,115,4,,0,114,,116,,,0,86,,116,4,,0,114,,117,,,0,86,,117,4,,0,114,,112,,,0,84,,112,4,,0,116,,114,,,0,84,,114,4,,0,116,,113,,,0,84,,113,4,,0
22100,'Fête-1-02',849,,118,,,0,86,,118,4,,0,114,,122,,,0,86,,122,4,,0,114,,123,,,0,86,,123,4,,0,114,,124,,,0,86,,124,4,,0,114,,119,,,0,84,,119,4,,0,116,,121,,,0,84,,121,4,,0,116,,120,,,0,84,,120,4,,0
22100,'Fête-2-02',557,,126,4,,0,47,,128,,,0,23,,127,4,,0,7,,125,,,0,24,,128,4,,0,46,,129,,,0,24,,125,4,,0,6,,130,,,0,25,,129,4,,0,45,,131,,,0,25,,130,4,,0,20,,132,,,0,10,,131,4,,0,85,,132,4,,0,5,,133,,,0,95,,133,4,,0,5,,134,,,0,95,,134,4,,0,5,,135,,,0,95,,135,4,,0,5,,136,,,0,95,,136,4,,0,5,,137,,,0,95,,137,4,,0,5,,138,,,0,95,,138,4,,0,5,,139,,,0,85,,140,,,0,10,,139,4,,0,60,,141,,,0,25,,140,4,,0,5,,142,,,0,25,,141,4,,0,45,,143,,,0,25,,142,4,,0,5,,144,,,0,24,,143,4,,0,46,,145,,,0,21,,144,4,,0,24,,146,,,0,6,,145,4,,0,85,,146,4,,0,9,,147,,,0,90,,147,4,,0,10,,148,,,0,90,,148,4,,0
22100,'Semaine-01',557,,150,4,,0,47,,152,,,0,23,,151,4,,0,7,,149,,,0,24,,152,4,,0,46,,153,,,0,24,,149,4,,0,6,,154,,,0,25,,153,4,,0,45,,155,,,0,25,,154,4,,0,20,,156,,,0,10,,155,4,,0,85,,156,4,,0,5,,157,,,0,95,,157,4,,0,5,,158,,,0,95,,158,4,,0,5,,159,,,0,95,,159,4,,0,5,,160,,,0,95,,160,4,,0,5,,161,,,0,95,,161,4,,0,5,,162,,,0,95,,162,4,,0,5,,163,,,0,85,,164,,,0,10,,163,4,,0,60,,165,,,0,25,,164,4,,0,5,,166,,,0,25,,165,4,,0,45,,167,,,0,25,,166,4,,0,5,,168,,,0,24,,167,4,,0,46,,169,,,0,21,,168,4,,0,24,,170,,,0,6,,169,4,,0,85,,170,4,,0,9,,171,,,0,90,,171,4,,0,10,,172,,,0,90,,172,4,,0
22100,'Semaine-50',557,,174,4,,0,47,,176,,,0,23,,175,4,,0,7,,173,,,0,24,,176,4,,0,46,,177,,,0,24,,173,4,,0,6,,178,,,0,25,,177,4,,0,45,,179,,,0,25,,178,4,,0,20,,180,,,0,10,,179,4,,0,85,,180,4,,0,5,,181,,,0,95,,181,4,,0,5,,182,,,0,95,,182,4,,0,5,,183,,,0,95,,183,4,,0,5,,184,,,0,95,,184,4,,0,5,,185,,,0,95,,185,4,,0,5,,186,,,0,95,,186,4,,0,5,,187,,,0,85,,188,,,0,10,,187,4,,0,60,,189,,,0,25,,188,4,,0,5,,190,,,0,25,,189,4,,0,45,,191,,,0,25,,190,4,,0,5,,192,,,0,24,,191,4,,0,46,,193,,,0,21,,192,4,,0,24,,194,,,0,6,,193,4,,0,85,,194,4,,0,9,,195,,,0,90,,195,4,,0,10,,196,,,0,90,,196,4,,0
22100,'Week-end-01',849,,197,,,0,86,,197,4,,0,114,,201,,,0,86,,201,4,,0,114,,202,,,0,86,,202,4,,0,114,,203,,,0,86,,203,4,,0,114,,198,,,0,84,,198,4,,0,116,,200,,,0,84,,200,4,,0,116,,199,,,0,84,,199,4,,0
22100,'Week-end-50',849,,204,,,0,86,,204,4,,0,114,,208,,,0,86,,208,4,,0,114,,209,,,0,86,,209,4,,0,114,,210,,,0,86,,210,4,,0,114,,205,,,0,84,,205,4,,0,116,,207,,,0,84,,207,4,,0,116,,206,,,0,84,,206,4,,0
90401,'Semaine-50',507,,7529,4,,0,6,,7513,,,0,24,,7513,4,,0,11,,7514,,,0,64,,7514,4,,0,6,,7515,,,0,24,,7515,4,,0,6,,7516,,,0,64,,7516,4,,0,6,,7517,,,0,24,,7517,4,,0,6,,7518,,,0,64,,7518,4,,0,6,,7519,,,0,24,,7519,4,,0,11,,7520,,,0,64,,7520,4,,0,16,,7521,,,0,24,,7521,4,,0,61,,7542,,,0,24,,7542,4,,0,61,,7530,,,0,24,,7530,4,,0,20,,7522,,,0,64,,7522,4,,0,4,,7531,,,0,24,,7531,4,,0,4,,7523,,,0,64,,7523,4,,0,36,,7512,,,0,64,,7512,4,,0,42,,7532,,,0,64,,7532,4,,0,5,,7524,,,0,24,,7524,4,,0,62,,7525,,,0,24,,7525,4,,0,6,,7533,,,0,24,,7533,4,,0,52,,7526,,,0,24,,7526,4,,0,5,,7534,,,0,64,,7534,4,,0,5,,7535,,,0,24,,7535,4,,0,5,,7536,,,0,64,,7536,4,,0,6,,7541,,,0,24,,7541,4,,0,8,,7537,,,0,64,,7537,4,,0,6,,7527,,,0,24,,7527,4,,0,6,,7538,,,0,64,,7538,4,,0,6,,7528,,,0,24,,7528,4,,0,6,,7546,,,0,64,,7546,4,,0,6,,7543,,,0,24,,7543,4,,0,8,,7545,,,0,64,,7545,4,,0,5,,7539,,,0,24,,7539,4,,0,4,,7544,,,0,64,,7544,4,,0,8,,7540,,,0
