23200,'Fête-1-02',826,,21603,230,,,0,123,,21607,510,,,0,101,,21602,510,,,0,100,,21608,510,,,0,101,,21601,510,,,0,101,,21609,510,,,0,101,,21600,510,,,0,100,,21610,510,,,0,98,,21605,510,,,0,99,,21611,510,,,0,99,,21604,510,,,0,100,,21612,510,,,0,100,,21599,510,,,0,100,,21613,510,,,0,99,,21606,510,,,0
23200,'Semaine-02',554,,18020,230,,,0,66,,18021,230,,,0,31,,17999,510,,,0,66,,18000,510,,,0,34,,18001,510,,,0,70,,18002,510,,,0,32,,18003,510,,,0,70,,18004,510,,,0,99,,18005,510,,,0,100,,18006,510,,,0,101,,18007,510,,,0,100,,18008,510,,,0,102,,18009,510,,,0,102,,18010,510,,,0,106,,18011,510,,,0,77,,18012,510,,,0,30,,18013,510,,,0,87,,18014,510,,,0,28,,18015,510,,,0,73,,18016,510,,,0,95,,18017,510,,,0,94,,18018,510,,,0,100,,18019,510,,,0
23200,'Semaine-03',554,,21635,230,,,0,66,,21636,230,,,0,31,,21614,510,,,0,66,,21615,510,,,0,34,,21616,510,,,0,70,,21617,510,,,0,32,,21618,510,,,0,70,,21619,510,,,0,99,,21620,510,,,0,100,,21621,510,,,0,101,,21622,510,,,0,100,,21623,510,,,0,102,,21624,510,,,0,102,,21625,510,,,0,106,,21626,510,,,0,77,,21627,510,,,0,30,,21628,510,,,0,87,,21629,510,,,0,28,,21630,510,,,0,73,,21631,510,,,0,95,,21632,510,,,0,94,,21633,510,,,0,100,,21634,510,,,0
23200,'Week-end-01',826,,18026,230,,,0,123,,18030,510,,,0,101,,18025,510,,,0,100,,18031,510,,,0,101,,18024,510,,,0,101,,18032,510,,,0,101,,18023,510,,,0,100,,18033,510,,,0,98,,18028,510,,,0,99,,18034,510,,,0,99,,18027,510,,,0,100,,18035,510,,,0,100,,18022,510,,,0,100,,18036,510,,,0,99,,18029,510,,,0
23501,'Fête-1-02',824,,21722,340,,,0,100,,21726,340,,,0,100,,21719,340,,,0,100,,21720,340,,,0,101,,21716,340,,,0,100,,21718,340,,,0,100,,21717,340,,,0,100,,21721,340,,,0,100,,21724,340,,,0,100,,21729,340,,,0,100,,21730,340,,,0,99,,21723,340,,,0,100,,21725,340,,,0,100,,21727,340,,,0,100,,21728,340,,,0
23501,'Semaine-02',556,,18232,340,,,0,60,,18253,340,,,0,40,,18234,340,,,0,60,,18233,340,,,0,41,,18236,340,,,0,67,,18235,340,,,0,103,,18237,340,,,0,100,,18238,340,,,0,100,,18239,340,,,0,100,,18240,340,,,0,100,,18241,340,,,0,100,,18242,340,,,0,107,,18243,340,,,0,76,,18245,340,,,0,38,,18244,340,,,0,80,,18246,340,,,0,29,,18248,340,,,0,74,,18247,340,,,0,99,,18249,340,,,0,100,,18250,340,,,0,99,,18251,340,,,0,100,,18252,340,,,0
23501,'Semaine-03',556,,21731,340,,,0,60,,21752,340,,,0,40,,21733,340,,,0,60,,21732,340,,,0,41,,21735,340,,,0,67,,21734,340,,,0,103,,21736,340,,,0,100,,21737,340,,,0,100,,21738,340,,,0,100,,21739,340,,,0,100,,21740,340,,,0,100,,21741,340,,,0,107,,21742,340,,,0,76,,21744,340,,,0,38,,21743,340,,,0,80,,21745,340,,,0,29,,21747,340,,,0,74,,21746,340,,,0,99,,21748,340,,,0,100,,21749,340,,,0,99,,21750,340,,,0,100,,21751,340,,,0
23501,'Week-end-01',824,,18260,340,,,0,100,,18264,340,,,0,100,,18257,340,,,0,100,,18258,340,,,0,101,,18254,340,,,0,100,,18256,340,,,0,100,,18255,340,,,0,100,,18259,340,,,0,100,,18262,340,,,0,100,,18267,340,,,0,100,,18268,340,,,0,99,,18261,340,,,0,100,,18263,340,,,0,100,,18265,340,,,0,100,,18266,340,,,0
70900,'Semaine-02',635,,20961,630,0,11 12 13,0,79,,20962,630,0,11 12 13,0,20,,20963,630,0,11 12 13,0,7,,20964,630,0,11 12 13,0,78,,20965,630,0,11 12 13,0,19,,20966,630,0,11 12 13,0,65,,20967,630,0,11 12 13,0,28,,20968,630,0,11 12 13,0,74,,20969,630,0,11 12 13,0,25,,21007,630,0,11 12 13,0,28,,20970,630,0,11 12 13,0,55,,20971,630,0,11 12 13,0,29,,20972,630,0,11 12 13,0,15,,20973,630,0,11 12 13,0,55,,20974,630,0,11 12 13,0,23,,20975,630,0,11 12 13,0,71,,20976,630,0,11 12 13,0,15,,21003,630,0,11 12 13,0,15,,21006,630,0,11 12 13,0,15,,21005,630,0,11 12 13,0,70,,21004,630,0,11 12 13,0,85,,21002,630,0,11 12 13,0,15,,20977,630,0,11 12 13,0,24,,20978,630,0,11 12 13,0
70900,'Semaine-03',635,,23094,630,0,11 12 13,0,79,,23095,630,0,11 12 13,0,20,,23096,630,0,11 12 13,0,7,,23097,630,0,11 12 13,0,78,,23098,630,0,11 12 13,0,19,,23099,630,0,11 12 13,0,65,,23100,630,0,11 12 13,0,28,,23101,630,0,11 12 13,0,74,,23102,630,0,11 12 13,0,25,,23140,630,0,11 12 13,0,28,,23103,630,0,11 12 13,0,55,,23104,630,0,11 12 13,0,29,,23105,630,0,11 12 13,0,15,,23106,630,0,11 12 13,0,55,,23107,630,0,11 12 13,0,23,,23108,630,0,11 12 13,0,71,,23109,630,0,11 12 13,0,15,,23136,630,0,11 12 13,0,15,,23139,630,0,11 12 13,0,15,,23138,630,0,11 12 13,0,70,,23137,630,0,11 12 13,0,85,,23135,630,0,11 12 13,0,15,,23110,630,0,11 12 13,0,24,,23111,630,0,11 12 13,0
