'LA-A24-LAGTFS-Dimanche-03',10100,80300,,'',0,10000,,'',0,10000,,'',0,10000,,'',0,10000,,'',0,10000,,'',0,10000,,'',0,10000,,'',0,10000,,'',0,10000,,'',0,10000,,'',0,10000,,'',0,10000,,'',0,10000,,'',0,10000,,'',0
'LA-A24-LAGTFS-Dimanche-03',10101,85100,4,'',0,10000,4,'',0,10000,4,'',0,10000,4,'',0,10000,4,'',0,10000,4,'',0,10000,4,'',0,10000,4,'',0,10000,4,'',0,10000,4,'',0,10000,4,'',0,10000,4,'',0,10000,4,'',0,10000,4,'',0,10000,4,'',0
'LA-A24-LAGTFS-Fête-1-02',10100,80300,,'',0,10000,,'',0,10000,,'',0,10000,,'',0,10000,,'',0,10000,,'',0,10000,,'',0,10000,,'',0,10000,,'',0,10000,,'',0,10000,,'',0,10000,,'',0,10000,,'',0,10000,,'',0,10000,,'',0
'LA-A24-LAGTFS-Fête-1-02',10101,85100,4,'',0,10000,4,'',0,10000,4,'',0,10000,4,'',0,10000,4,'',0,10000,4,'',0,10000,4,'',0,10000,4,'',0,10000,4,'',0,10000,4,'',0,10000,4,'',0,10000,4,'',0,10000,4,'',0,10000,4,'',0,10000,4,'',0
'LA-A24-LAGTFS-Samedi-03',10100,80300,,'',0,10000,,'',0,10000,,'',0,10000,,'',0,10000,,'',0,10000,,'',0,10000,,'',0,10000,,'',0,10000,,'',0,10000,,'',0,10000,,'',0,10000,,'',0,10000,,'',0,10000,,'',0,10000,,'',0
'LA-A24-LAGTFS-Samedi-03',10101,85100,4,'',0,10000,4,'',0,10000,4,'',0,10000,4,'',0,10000,4,'',0,10000,4,'',0,10000,4,'',0,10000,4,'',0,10000,4,'',0,10000,4,'',0,10000,4,'',0,10000,4,'',0,10000,4,'',0,10000,4,'',0,10000,4,'',0
'LA-A24-LAGTFS-Semaine-03',10100,54000,,'',0,6600,,'',0,3400,,'',0,6000,,'',0,3800,,'',0,7000,,'',0,9600,,'',0,5100,,'',0,10000,,'',0,10200,,'',0,10000,,'',0,14500,,'',0,10000,,'',0,3500,,'',0,7600,,'',0,3600,,'',0,6500,,'',0,3300,,'',0,6500,,'',0,3600,,'',0,10000,,'',0,10000,,'',0,10000,,'',0
'LA-A24-LAGTFS-Semaine-03',10101,63400,4,'',0,2300,4,'',0,7400,4,'',0,2400,4,'',0,7600,4,'',0,2600,4,'',0,9600,4,'',0,10000,4,'',0,10000,4,'',0,10000,4,'',0,10000,4,'',0,10000,4,'',0,10000,4,'',0,7600,4,'',0,7800,4,'',0,3300,4,'',0,6400,4,'',0,3500,4,'',0,6600,4,'',0,3500,4,'',0,9800,4,'',0,10000,4,'',0,10000,4,'',0
'LA-A24-LAGTFS-Semaine-03',2000010100,102900,,'',0
'LA-A24-LAGTFS-Semaine-03',2000010101,133000,4,'',0
