23101,'Semaine-03',632,,15464,330,,,0,70,,15465,330,,,0,30,,15466,330,,,0,70,,15467,330,,,0,30,,15468,330,,,0,95,,15469,330,,,0,100,,15470,330,,,0,100,,15471,330,,,0,100,,15472,330,,,0,100,,15473,330,,,0,100,,15474,330,,,0,100,,15475,330,,,0,88,,15476,330,,,0,27,,15477,330,,,0,73,,15478,330,,,0,27,,15479,330,,,0,73,,15480,330,,,0,27,,15481,330,,,0,85,,15482,330,,,0,100,,15483,330,,,0,100,,15484,330,,,0,100,,15485,330,,,0
23101,'Semaine-53',632,,12161,330,,,0,70,,12162,330,,,0,30,,12163,330,,,0,70,,12164,330,,,0,30,,12165,330,,,0,95,,12166,330,,,0,100,,12167,330,,,0,100,,12168,330,,,0,100,,12169,330,,,0,100,,12170,330,,,0,100,,12171,330,,,0,100,,12172,330,,,0,88,,12173,330,,,0,27,,12174,330,,,0,73,,12175,330,,,0,27,,12176,330,,,0,73,,12177,330,,,0,27,,12178,330,,,0,85,,12179,330,,,0,100,,12180,330,,,0,100,,12181,330,,,0,100,,12182,330,,,0
23101,'Week-end-03',857,,15494,330,,,0,100,,15493,330,,,0,100,,15495,330,,,0,100,,15491,330,,,0,100,,15496,330,,,0,100,,15490,330,,,0,100,,15497,330,,,0,100,,15489,330,,,0,100,,15498,330,,,0,100,,15492,330,,,0,100,,15499,330,,,0,100,,15488,330,,,0,100,,15500,330,,,0,100,,15487,330,,,0
23101,'Week-end-53',857,,12191,330,,,0,100,,12190,330,,,0,100,,12192,330,,,0,100,,12188,330,,,0,100,,12193,330,,,0,100,,12187,330,,,0,100,,12194,330,,,0,100,,12186,330,,,0,100,,12195,330,,,0,100,,12189,330,,,0,100,,12196,330,,,0,100,,12185,330,,,0,100,,12197,330,,,0,100,,12184,330,,,0
23300,'Semaine-03',615,,15541,230,,,0,101,,15542,230,,,0,105,,15553,230,,,0,97,,15554,230,,,0,130,,15543,230,,,0,200,,15544,230,,,0,200,,15545,230,,,0,75,,15546,230,,,0,103,,15547,230,,,0,105,,15548,230,,,0,100,,15552,230,,,0,102,,15549,230,,,0,115,,15550,230,,,0,207,,15551,230,0,8 41 1 42 43 44,0
23300,'Semaine-53',615,,12261,230,,,0,101,,12262,230,,,0,105,,12273,230,,,0,97,,12274,230,,,0,130,,12263,230,,,0,200,,12264,230,,,0,200,,12265,230,,,0,75,,12266,230,,,0,103,,12267,230,,,0,105,,12268,230,,,0,100,,12272,230,,,0,102,,12269,230,,,0,115,,12270,230,,,0,207,,12271,230,0,8 41 1 42 43 44,0
23300,'Week-end-03',850,,15559,230,,,0,200,,15561,230,,,0,199,,15557,230,,,0,201,,15562,230,,,0,200,,15560,230,,,0,198,,15558,230,,,0,200,,15555,230,,,0,200,,15556,230,0,8 41 1 42 43 44,0
23300,'Week-end-53',850,,12279,230,,,0,200,,12281,230,,,0,199,,12277,230,,,0,201,,12282,230,,,0,200,,12280,230,,,0,198,,12278,230,,,0,200,,12275,230,,,0,200,,12276,230,0,8 41 1 42 43 44,0
23400,'Semaine-03',642,,15563,220,,,0,104,,15576,220,,,0,99,,15564,220,,,0,102,,15565,220,,,0,200,,15566,220,,,0,200,,15567,220,,,0,203,,15568,220,,,0,107,,15569,220,,,0,143,,15570,220,,,0,52,,15575,220,,,0,97,,15571,220,,,0,198,,15572,220,,,0
23400,'Semaine-53',642,,12291,220,,,0,104,,12304,220,,,0,99,,12292,220,,,0,102,,12293,220,,,0,200,,12294,220,,,0,200,,12295,220,,,0,203,,12296,220,,,0,107,,12297,220,,,0,143,,12298,220,,,0,52,,12303,220,,,0,97,,12299,220,,,0,198,,12300,220,,,0
23400,'Week-end-03',948,,15582,220,,,0,200,,15580,220,,,0,201,,15577,220,,,0,202,,15579,220,,,0,197,,15578,220,,,0,200,,15583,220,,,0,200,,15581,220,,,0
23400,'Week-end-53',948,,12310,220,,,0,200,,12308,220,,,0,201,,12305,220,,,0,202,,12307,220,,,0,197,,12306,220,,,0,200,,12311,220,,,0,200,,12309,220,,,0
