23300,'Fête-1-01',921,,18041,690,,,0,200,,18043,690,,,0,200,,18039,690,,,0,204,,18044,690,,,0,200,,18042,690,,,0,196,,18040,690,,,0,200,,18037,690,,,0
23300,'Semaine-01',656,,18045,690,,,0,82,,18046,690,,,0,120,,18056,690,,,0,268,,18047,690,,,0,200,,18048,690,,,0,202,,18049,690,,,0,175,,18050,690,,,0,103,,18051,690,,,0,102,,18055,690,,,0,103,,18052,690,,,0,115,,18053,690,,,0
23300,'Semaine-02',656,,18057,690,,,0,82,,18058,690,,,0,120,,18068,690,,,0,268,,18059,690,,,0,200,,18060,690,,,0,202,,18061,690,,,0,175,,18062,690,,,0,103,,18063,690,,,0,102,,18067,690,,,0,103,,18064,690,,,0,115,,18065,690,,,0
23300,'Week-end-01',921,,18073,690,,,0,200,,18075,690,,,0,200,,18071,690,,,0,204,,18076,690,,,0,200,,18074,690,,,0,196,,18072,690,,,0,200,,18069,690,,,0
23400,'Fête-1-01',826,,18084,470,,,0,196,,18082,700,,,0,200,,18080,700,,,0,203,,18077,700,,,0,201,,18079,700,,,0,195,,18078,700,,,0,200,,18083,700,,,0,200,,18081,700,,,0
23400,'Semaine-01',553,,18096,470,,,0,65,,18095,470,,,0,97,,18085,700,,,0,107,,18098,700,,,0,103,,18086,700,,,0,100,,18087,700,,,0,200,,18088,700,,,0,200,,18089,700,,,0,203,,18090,700,,,0,108,,18091,700,,,0,101,,18092,700,,,0,96,,18097,700,,,0,91,,18093,700,,,0,200,,18094,700,,,0
23400,'Semaine-02',553,,18110,470,,,0,65,,18109,470,,,0,97,,18099,700,,,0,107,,18112,700,,,0,103,,18100,700,,,0,100,,18101,700,,,0,200,,18102,700,,,0,200,,18103,700,,,0,203,,18104,700,,,0,108,,18105,700,,,0,101,,18106,700,,,0,96,,18111,700,,,0,91,,18107,700,,,0,200,,18108,700,,,0
23400,'Week-end-01',826,,18120,470,,,0,196,,18118,700,,,0,200,,18116,700,,,0,203,,18113,700,,,0,201,,18115,700,,,0,195,,18114,700,,,0,200,,18119,700,,,0,200,,18117,700,,,0
23900,'Fête-1-01',827,,18500,360,,,0,85,,18485,550,,,0,102,,18493,550,,,0,107,,18494,550,,,0,104,,18495,550,,,0,100,,18496,550,,,0,100,,18497,550,,,0,100,,18498,550,,,0,100,,18491,550,,,0,96,,18487,550,,,0,98,,18486,550,,,0,96,,18488,550,,,0,95,,18489,550,,,0,100,,18490,550,,,0,100,,18492,550,,,0
23900,'Semaine-01',552,,18516,360,0,31 13,0,70,,18513,360,0,31 13,0,35,,18501,550,,,0,60,,18525,550,,,0,35,,18502,550,,,0,70,,18503,550,,,0,30,,18517,550,,,0,70,,18514,550,,,0,95,,18504,550,,,0,100,,18505,550,,,0,102,,18506,550,,,0,105,,18507,550,,,0,100,,18508,550,,,0,98,,18509,550,,,0,103,,18510,550,,,0,75,,18511,550,,,0,36,,18522,550,,,0,75,,18523,550,,,0,18,,18518,550,,,0,75,,18515,550,,,0,22,,18512,550,,,0,78,,18524,550,,,0,109,,18521,550,,,0,98,,18520,550,,,0
23900,'Semaine-02',552,,18541,360,0,31 13,0,70,,18538,360,0,31 13,0,35,,18526,550,,,0,60,,18550,550,,,0,35,,18527,550,,,0,70,,18528,550,,,0,30,,18542,550,,,0,70,,18539,550,,,0,95,,18529,550,,,0,100,,18530,550,,,0,102,,18531,550,,,0,105,,18532,550,,,0,100,,18533,550,,,0,98,,18534,550,,,0,103,,18535,550,,,0,75,,18536,550,,,0,36,,18547,550,,,0,75,,18548,550,,,0,18,,18543,550,,,0,75,,18540,550,,,0,22,,18537,550,,,0,78,,18549,550,,,0,109,,18546,550,,,0,98,,18545,550,,,0
23900,'Week-end-01',827,,18566,360,,,0,85,,18551,550,,,0,102,,18559,550,,,0,107,,18560,550,,,0,104,,18561,550,,,0,100,,18562,550,,,0,100,,18563,550,,,0,100,,18564,550,,,0,100,,18557,550,,,0,96,,18553,550,,,0,98,,18552,550,,,0,96,,18554,550,,,0,95,,18555,550,,,0,100,,18556,550,,,0,100,,18558,550,,,0
