23300,'Semaine-03',604,,15541,50,,,0,99,,15542,50,,,0,105,,15553,50,,,0,99,,15554,50,,,0,130,,15543,50,,,0,200,,15544,50,,,0,200,,15545,50,,,0,75,,15546,50,,,0,101,,15547,50,,,0,105,,15548,50,,,0,100,,15552,50,,,0,104,,15549,50,,,0,115,,15550,50,,,0,207,,15551,50,0,8 41 1 42 43 44,0
23300,'Semaine-53',604,,12261,50,,,0,99,,12262,50,,,0,105,,12273,50,,,0,99,,12274,50,,,0,130,,12263,50,,,0,200,,12264,50,,,0,200,,12265,50,,,0,75,,12266,50,,,0,101,,12267,50,,,0,105,,12268,50,,,0,100,,12272,50,,,0,104,,12269,50,,,0,115,,12270,50,,,0,207,,12271,50,0,8 41 1 42 43 44,0
23300,'Week-end-03',838,,15559,50,,,0,200,,15561,50,,,0,199,,15557,50,,,0,201,,15562,50,,,0,200,,15560,50,,,0,199,,15558,50,,,0,200,,15555,50,,,0,200,,15556,50,0,8 41 1 42 43 44,0
23300,'Week-end-53',838,,12279,50,,,0,200,,12281,50,,,0,199,,12277,50,,,0,201,,12282,50,,,0,200,,12280,50,,,0,199,,12278,50,,,0,200,,12275,50,,,0,200,,12276,50,0,8 41 1 42 43 44,0
23400,'Semaine-03',632,,15563,50,,,0,102,,15576,50,,,0,99,,15564,50,,,0,104,,15565,50,,,0,200,,15566,50,,,0,200,,15567,50,,,0,201,,15568,50,,,0,107,,15569,50,,,0,103,,15570,50,,,0,94,,15575,50,,,0,97,,15571,50,,,0,198,,15572,50,,,0
23400,'Semaine-53',632,,12291,50,,,0,102,,12304,50,,,0,99,,12292,50,,,0,104,,12293,50,,,0,200,,12294,50,,,0,200,,12295,50,,,0,201,,12296,50,,,0,107,,12297,50,,,0,103,,12298,50,,,0,94,,12303,50,,,0,97,,12299,50,,,0,198,,12300,50,,,0
23400,'Week-end-03',937,,15582,50,,,0,200,,15580,50,,,0,201,,15577,50,,,0,200,,15579,50,,,0,199,,15578,50,,,0,200,,15583,50,,,0,200,,15581,50,,,0
23400,'Week-end-53',937,,12310,50,,,0,200,,12308,50,,,0,201,,12305,50,,,0,200,,12307,50,,,0,199,,12306,50,,,0,200,,12311,50,,,0,200,,12309,50,,,0
23900,'Semaine-03',619,,15771,50,,,0,18,,15772,50,,,0,71,,15773,50,,,0,29,,15774,50,,,0,73,,15788,50,,,0,27,,15785,50,,,0,100,,15775,50,,,0,100,,15776,50,,,0,100,,15777,50,,,0,101,,15778,50,,,0,100,,15779,50,,,0,100,,15780,50,,,0,100,,15781,50,,,0,75,,15782,50,,,0,25,,15793,50,,,0,80,,15794,50,,,0,23,,15789,50,,,0,81,,15786,50,,,0,22,,15783,50,,,0,93,,15795,50,,,0,100,,15792,50,,,0,100,,15791,50,,,0,107,,15790,50,0,8 35 1 36,0
23900,'Semaine-53',619,,12591,50,,,0,18,,12592,50,,,0,71,,12593,50,,,0,29,,12594,50,,,0,73,,12608,50,,,0,27,,12605,50,,,0,100,,12595,50,,,0,100,,12596,50,,,0,100,,12597,50,,,0,101,,12598,50,,,0,100,,12599,50,,,0,100,,12600,50,,,0,100,,12601,50,,,0,75,,12602,50,,,0,25,,12613,50,,,0,80,,12614,50,,,0,23,,12609,50,,,0,81,,12606,50,,,0,22,,12603,50,,,0,93,,12615,50,,,0,100,,12612,50,,,0,100,,12611,50,,,0,107,,12610,50,0,8 35 1 36,0
23900,'Week-end-03',837,,15796,50,,,0,100,,15804,50,,,0,100,,15805,50,,,0,101,,15806,50,,,0,100,,15807,50,,,0,100,,15808,50,,,0,100,,15809,50,,,0,100,,15802,50,,,0,99,,15798,50,,,0,100,,15797,50,,,0,100,,15799,50,,,0,100,,15800,50,,,0,100,,15801,50,,,0,100,,15803,50,,,0,100,,15810,50,0,8 35 1 36,0
23900,'Week-end-53',837,,12616,50,,,0,100,,12624,50,,,0,100,,12625,50,,,0,101,,12626,50,,,0,100,,12627,50,,,0,100,,12628,50,,,0,100,,12629,50,,,0,100,,12622,50,,,0,99,,12618,50,,,0,100,,12617,50,,,0,100,,12619,50,,,0,100,,12620,50,,,0,100,,12621,50,,,0,100,,12623,50,,,0,100,,12630,50,0,8 35 1 36,0
