23300,'Fête-1-01',919,,18041,670,,,0,200,,18043,670,,,0,201,,18039,670,,,0,203,,18044,670,,,0,200,,18042,670,,,0,197,,18040,670,,,0,200,,18037,670,,,0
23300,'Semaine-01',654,,18045,670,,,0,82,,18046,670,,,0,120,,18056,670,,,0,268,,18047,670,,,0,200,,18048,670,,,0,202,,18049,670,,,0,175,,18050,670,,,0,103,,18051,670,,,0,102,,18055,670,,,0,103,,18052,670,,,0,115,,18053,670,,,0
23300,'Semaine-02',654,,18057,670,,,0,82,,18058,670,,,0,120,,18068,670,,,0,268,,18059,670,,,0,200,,18060,670,,,0,202,,18061,670,,,0,175,,18062,670,,,0,103,,18063,670,,,0,102,,18067,670,,,0,103,,18064,670,,,0,115,,18065,670,,,0
23300,'Week-end-01',919,,18073,670,,,0,200,,18075,670,,,0,201,,18071,670,,,0,203,,18076,670,,,0,200,,18074,670,,,0,197,,18072,670,,,0,200,,18069,670,,,0
23400,'Fête-1-01',825,,18084,450,,,0,196,,18082,680,,,0,200,,18080,680,,,0,203,,18077,680,,,0,201,,18079,680,,,0,195,,18078,680,,,0,200,,18083,680,,,0,200,,18081,680,,,0
23400,'Semaine-01',551,,18096,450,,,0,65,,18095,450,,,0,97,,18085,680,,,0,107,,18098,680,,,0,103,,18086,680,,,0,100,,18087,680,,,0,200,,18088,680,,,0,200,,18089,680,,,0,204,,18090,680,,,0,108,,18091,680,,,0,101,,18092,680,,,0,95,,18097,680,,,0,91,,18093,680,,,0,200,,18094,680,,,0
23400,'Semaine-02',551,,18110,450,,,0,65,,18109,450,,,0,97,,18099,680,,,0,107,,18112,680,,,0,103,,18100,680,,,0,100,,18101,680,,,0,200,,18102,680,,,0,200,,18103,680,,,0,204,,18104,680,,,0,108,,18105,680,,,0,101,,18106,680,,,0,95,,18111,680,,,0,91,,18107,680,,,0,200,,18108,680,,,0
23400,'Week-end-01',825,,18120,450,,,0,196,,18118,680,,,0,200,,18116,680,,,0,203,,18113,680,,,0,201,,18115,680,,,0,195,,18114,680,,,0,200,,18119,680,,,0,200,,18117,680,,,0
23900,'Fête-1-01',826,,18500,340,,,0,85,,18485,530,,,0,103,,18493,530,,,0,106,,18494,530,,,0,104,,18495,530,,,0,100,,18496,530,,,0,100,,18497,530,,,0,100,,18498,530,,,0,100,,18491,530,,,0,96,,18487,530,,,0,98,,18486,530,,,0,96,,18488,530,,,0,96,,18489,530,,,0,100,,18490,530,,,0,100,,18492,530,,,0
23900,'Semaine-01',552,,18516,340,0,31 13,0,70,,18513,340,0,31 13,0,35,,18501,530,,,0,60,,18525,530,,,0,35,,18502,530,,,0,69,,18503,530,,,0,30,,18517,530,,,0,70,,18514,530,,,0,95,,18504,530,,,0,100,,18505,530,,,0,102,,18506,530,,,0,105,,18507,530,,,0,100,,18508,530,,,0,98,,18509,530,,,0,103,,18510,530,,,0,35,,18511,530,,,0,76,,18522,530,,,0,75,,18523,530,,,0,18,,18518,530,,,0,75,,18515,530,,,0,22,,18512,530,,,0,78,,18524,530,,,0,109,,18521,530,,,0,98,,18520,530,,,0
23900,'Semaine-02',552,,18541,340,0,31 13,0,70,,18538,340,0,31 13,0,35,,18526,530,,,0,60,,18550,530,,,0,35,,18527,530,,,0,69,,18528,530,,,0,30,,18542,530,,,0,70,,18539,530,,,0,95,,18529,530,,,0,100,,18530,530,,,0,102,,18531,530,,,0,105,,18532,530,,,0,100,,18533,530,,,0,98,,18534,530,,,0,103,,18535,530,,,0,35,,18536,530,,,0,76,,18547,530,,,0,75,,18548,530,,,0,18,,18543,530,,,0,75,,18540,530,,,0,22,,18537,530,,,0,78,,18549,530,,,0,109,,18546,530,,,0,98,,18545,530,,,0
23900,'Week-end-01',826,,18566,340,,,0,85,,18551,530,,,0,103,,18559,530,,,0,106,,18560,530,,,0,104,,18561,530,,,0,100,,18562,530,,,0,100,,18563,530,,,0,100,,18564,530,,,0,100,,18557,530,,,0,96,,18553,530,,,0,98,,18552,530,,,0,96,,18554,530,,,0,96,,18555,530,,,0,100,,18556,530,,,0,100,,18558,530,,,0
