23101,'Fête-1-01',920,,17892,540,4,,0,100,,17891,540,4,,0,100,,17893,540,4,,0,100,,17889,540,4,,0,100,,17894,540,4,,0,100,,17888,540,4,,0,100,,17895,540,4,,0,100,,17887,540,4,,0,100,,17896,540,4,,0,100,,17890,540,4,,0,100,,17897,540,4,,0,100,,17886,540,4,,0,100,,17898,540,4,,0,100,,17885,540,4,,0
23101,'Semaine-01',700,,17900,540,4,,0,24,,17901,540,4,,0,77,,17902,540,4,,0,27,,17903,540,4,,0,73,,17904,540,4,,0,53,,17905,540,4,,0,100,,17906,540,4,,0,100,,17907,540,4,,0,100,,17908,540,4,,0,100,,17909,540,4,,0,101,,17910,540,4,,0,102,,17911,540,4,,0,88,,17912,540,4,,0,72,,17913,540,4,,0,25,,17914,540,4,,0,67,,17915,540,4,,0,30,,17916,540,4,,0,67,,17917,540,4,,0,44,,17918,540,4,,0,100,,17919,540,4,,0,102,,17920,540,4,,0,99,,17921,540,4,,0
23101,'Semaine-02',700,,17923,540,4,,0,24,,17924,540,4,,0,77,,17925,540,4,,0,27,,17926,540,4,,0,73,,17927,540,4,,0,53,,17928,540,4,,0,100,,17929,540,4,,0,100,,17930,540,4,,0,100,,17931,540,4,,0,100,,17932,540,4,,0,101,,17933,540,4,,0,102,,17934,540,4,,0,88,,17935,540,4,,0,72,,17936,540,4,,0,25,,17937,540,4,,0,67,,17938,540,4,,0,30,,17939,540,4,,0,67,,17940,540,4,,0,44,,17941,540,4,,0,100,,17942,540,4,,0,102,,17943,540,4,,0,99,,17944,540,4,,0
23101,'Week-end-01',920,,17953,540,4,,0,100,,17952,540,4,,0,100,,17954,540,4,,0,100,,17950,540,4,,0,100,,17955,540,4,,0,100,,17949,540,4,,0,100,,17956,540,4,,0,100,,17948,540,4,,0,100,,17957,540,4,,0,100,,17951,540,4,,0,100,,17958,540,4,,0,100,,17947,540,4,,0,100,,17959,540,4,,0,100,,17946,540,4,,0
23200,'Fête-1-01',830,,17965,240,4,,0,123,,17969,520,4,,0,100,,17964,520,4,,0,100,,17970,520,4,,0,101,,17963,520,4,,0,101,,17971,520,4,,0,101,,17962,520,4,,0,100,,17972,520,4,,0,98,,17967,520,4,,0,99,,17973,520,4,,0,99,,17966,520,4,,0,100,,17974,520,4,,0,100,,17961,520,4,,0,100,,17975,520,4,,0,99,,17968,520,4,,0
23200,'Semaine-01',557,,17997,240,4,,0,66,,17998,240,4,,0,31,,17976,520,4,,0,66,,17977,520,4,,0,34,,17978,520,4,,0,70,,17979,520,4,,0,32,,17980,520,4,,0,70,,17981,520,4,,0,99,,17982,520,4,,0,100,,17983,520,4,,0,101,,17984,520,4,,0,100,,17985,520,4,,0,102,,17986,520,4,,0,102,,17987,520,4,,0,106,,17988,520,4,,0,77,,17989,520,4,,0,30,,17990,520,4,,0,87,,17991,520,4,,0,28,,17992,520,4,,0,73,,17993,520,4,,0,95,,17994,520,4,,0,94,,17995,520,4,,0,100,,17996,520,4,,0
23200,'Semaine-02',557,,18020,240,4,,0,66,,18021,240,4,,0,31,,17999,520,4,,0,66,,18000,520,4,,0,34,,18001,520,4,,0,70,,18002,520,4,,0,32,,18003,520,4,,0,70,,18004,520,4,,0,99,,18005,520,4,,0,100,,18006,520,4,,0,101,,18007,520,4,,0,100,,18008,520,4,,0,102,,18009,520,4,,0,102,,18010,520,4,,0,106,,18011,520,4,,0,77,,18012,520,4,,0,30,,18013,520,4,,0,87,,18014,520,4,,0,28,,18015,520,4,,0,73,,18016,520,4,,0,95,,18017,520,4,,0,94,,18018,520,4,,0,100,,18019,520,4,,0
23200,'Week-end-01',830,,18026,240,4,,0,123,,18030,520,4,,0,100,,18025,520,4,,0,100,,18031,520,4,,0,101,,18024,520,4,,0,101,,18032,520,4,,0,101,,18023,520,4,,0,100,,18033,520,4,,0,98,,18028,520,4,,0,99,,18034,520,4,,0,99,,18027,520,4,,0,100,,18035,520,4,,0,100,,18022,520,4,,0,100,,18036,520,4,,0,99,,18029,520,4,,0
23300,'Fête-1-01',925,,18041,730,4,,0,200,,18043,730,4,,0,199,,18039,730,4,,0,205,,18044,730,4,,0,200,,18042,730,4,,0,196,,18040,730,4,,0,200,,18037,730,4,,0
23300,'Semaine-01',700,,18045,730,4,,0,43,,18046,730,4,,0,159,,18056,730,4,,0,228,,18047,730,4,,0,200,,18048,730,4,,0,204,,18049,730,4,,0,175,,18050,730,4,,0,103,,18051,730,4,,0,100,,18055,730,4,,0,103,,18052,730,4,,0,115,,18053,730,4,,0
23300,'Semaine-02',700,,18057,730,4,,0,43,,18058,730,4,,0,159,,18068,730,4,,0,228,,18059,730,4,,0,200,,18060,730,4,,0,204,,18061,730,4,,0,175,,18062,730,4,,0,103,,18063,730,4,,0,100,,18067,730,4,,0,103,,18064,730,4,,0,115,,18065,730,4,,0
23300,'Week-end-01',925,,18073,730,4,,0,200,,18075,730,4,,0,199,,18071,730,4,,0,205,,18076,730,4,,0,200,,18074,730,4,,0,196,,18072,730,4,,0,200,,18069,730,4,,0
23400,'Fête-1-01',830,,18084,510,4,,0,196,,18082,740,4,,0,200,,18080,740,4,,0,204,,18077,740,4,,0,200,,18079,740,4,,0,195,,18078,740,4,,0,200,,18083,740,4,,0,200,,18081,740,4,,0
23400,'Semaine-01',558,,18096,510,4,,0,65,,18095,510,4,,0,97,,18085,740,4,,0,106,,18098,740,4,,0,103,,18086,740,4,,0,100,,18087,740,4,,0,200,,18088,740,4,,0,200,,18089,740,4,,0,203,,18090,740,4,,0,108,,18091,740,4,,0,102,,18092,740,4,,0,95,,18097,740,4,,0,91,,18093,740,4,,0,200,,18094,740,4,,0
23400,'Semaine-02',558,,18110,510,4,,0,65,,18109,510,4,,0,97,,18099,740,4,,0,106,,18112,740,4,,0,103,,18100,740,4,,0,100,,18101,740,4,,0,200,,18102,740,4,,0,200,,18103,740,4,,0,203,,18104,740,4,,0,108,,18105,740,4,,0,102,,18106,740,4,,0,95,,18111,740,4,,0,91,,18107,740,4,,0,200,,18108,740,4,,0
23400,'Week-end-01',830,,18120,510,4,,0,196,,18118,740,4,,0,200,,18116,740,4,,0,204,,18113,740,4,,0,200,,18115,740,4,,0,195,,18114,740,4,,0,200,,18119,740,4,,0,200,,18117,740,4,,0
23501,'Fête-1-01',826,,18201,350,4,,0,100,,18205,350,4,,0,100,,18198,350,4,,0,100,,18199,350,4,,0,101,,18195,350,4,,0,100,,18197,350,4,,0,100,,18196,350,4,,0,100,,18200,350,4,,0,100,,18203,350,4,,0,100,,18208,350,4,,0,100,,18209,350,4,,0,99,,18202,350,4,,0,100,,18204,350,4,,0,100,,18206,350,4,,0,100,,18207,350,4,,0
23501,'Semaine-01',559,,18210,350,4,,0,60,,18231,350,4,,0,40,,18212,350,4,,0,60,,18211,350,4,,0,81,,18214,350,4,,0,27,,18213,350,4,,0,103,,18215,350,4,,0,100,,18216,350,4,,0,100,,18217,350,4,,0,100,,18218,350,4,,0,100,,18219,350,4,,0,100,,18220,350,4,,0,107,,18221,350,4,,0,76,,18223,350,4,,0,38,,18222,350,4,,0,79,,18224,350,4,,0,29,,18226,350,4,,0,74,,18225,350,4,,0,99,,18227,350,4,,0,100,,18228,350,4,,0,99,,18229,350,4,,0,100,,18230,350,4,,0
23501,'Semaine-02',559,,18232,350,4,,0,60,,18253,350,4,,0,40,,18234,350,4,,0,60,,18233,350,4,,0,81,,18236,350,4,,0,27,,18235,350,4,,0,103,,18237,350,4,,0,100,,18238,350,4,,0,100,,18239,350,4,,0,100,,18240,350,4,,0,100,,18241,350,4,,0,100,,18242,350,4,,0,107,,18243,350,4,,0,76,,18245,350,4,,0,38,,18244,350,4,,0,79,,18246,350,4,,0,29,,18248,350,4,,0,74,,18247,350,4,,0,99,,18249,350,4,,0,100,,18250,350,4,,0,99,,18251,350,4,,0,100,,18252,350,4,,0
23501,'Week-end-01',826,,18260,350,4,,0,100,,18264,350,4,,0,100,,18257,350,4,,0,100,,18258,350,4,,0,101,,18254,350,4,,0,100,,18256,350,4,,0,100,,18255,350,4,,0,100,,18259,350,4,,0,100,,18262,350,4,,0,100,,18267,350,4,,0,100,,18268,350,4,,0,99,,18261,350,4,,0,100,,18263,350,4,,0,100,,18265,350,4,,0,100,,18266,350,4,,0
23600,'Fête-1-01',902,,18280,390,4,,0,100,,18271,390,4,,0,100,,18281,390,4,,0,101,,18269,390,4,,0,100,,18277,390,4,,0,100,,18273,390,4,,0,100,,18279,390,4,,0,100,,18270,390,4,,0,100,,18283,390,4,,0,100,,18272,390,4,,0,100,,18278,390,4,,0,100,,18274,390,4,,0,100,,18276,390,4,,0,100,,18275,390,4,,0
23600,'Semaine-01',629,,18284,390,4,,0,110,,18285,390,4,,0,81,,18302,390,4,,0,39,,18286,390,4,,0,75,,18287,390,4,,0,95,,18288,390,4,,0,99,,18289,390,4,,0,102,,18290,390,4,,0,100,,18291,390,4,,0,100,,18292,390,4,,0,100,,18293,390,4,,0,100,,18294,390,4,,0,85,,18295,390,4,,0,38,,18296,390,4,,0,83,,18297,390,4,,0,164,,18298,390,4,,0,103,,18299,390,4,,0,100,,18300,390,4,,0
23600,'Semaine-02',629,,18303,390,4,,0,110,,18304,390,4,,0,81,,18321,390,4,,0,39,,18305,390,4,,0,75,,18306,390,4,,0,95,,18307,390,4,,0,99,,18308,390,4,,0,102,,18309,390,4,,0,100,,18310,390,4,,0,100,,18311,390,4,,0,100,,18312,390,4,,0,100,,18313,390,4,,0,85,,18314,390,4,,0,38,,18315,390,4,,0,83,,18316,390,4,,0,164,,18317,390,4,,0,103,,18318,390,4,,0,100,,18319,390,4,,0
23600,'Week-end-01',902,,18333,390,4,,0,100,,18324,390,4,,0,100,,18334,390,4,,0,101,,18322,390,4,,0,100,,18330,390,4,,0,100,,18326,390,4,,0,100,,18332,390,4,,0,100,,18323,390,4,,0,100,,18336,390,4,,0,100,,18325,390,4,,0,100,,18331,390,4,,0,100,,18327,390,4,,0,100,,18329,390,4,,0,100,,18328,390,4,,0
23701,'Fête-1-01',830,,18351,230,4,,0,100,,18349,400,4,,0,100,,18340,400,4,,0,100,,18346,400,4,,0,100,,18348,400,4,,0,100,,18337,400,4,,0,100,,18339,400,4,,0,100,,18338,400,4,,0,100,,18345,400,4,,0,100,,18341,400,4,,0,100,,18343,400,4,,0,100,,18344,400,4,,0,100,,18347,400,4,,0,100,,18342,400,4,,0,100,,18350,400,4,,0
23701,'Semaine-01',550,,18368,230,4,,0,74,,18369,400,4,,0,76,,18352,400,4,,0,20,,18370,400,4,,0,84,,18365,400,4,,0,50,,18353,400,4,,0,146,,18367,400,4,,0,106,,18366,400,4,,0,100,,18354,400,4,,0,100,,18355,400,4,,0,100,,18356,400,4,,0,100,,18357,400,4,,0,97,,18358,400,4,,0,129,,18362,400,4,,0,76,,18359,400,4,,0,116,,18363,400,4,,0,105,,18360,400,4,,0,100,,18364,400,4,,0,106,,18361,400,4,,0
23701,'Semaine-02',550,,18387,230,4,,0,74,,18388,400,4,,0,76,,18371,400,4,,0,20,,18389,400,4,,0,84,,18384,400,4,,0,50,,18372,400,4,,0,146,,18386,400,4,,0,106,,18385,400,4,,0,100,,18373,400,4,,0,100,,18374,400,4,,0,100,,18375,400,4,,0,100,,18376,400,4,,0,97,,18377,400,4,,0,129,,18381,400,4,,0,76,,18378,400,4,,0,116,,18382,400,4,,0,105,,18379,400,4,,0,100,,18383,400,4,,0,106,,18380,400,4,,0
23701,'Week-end-01',830,,18404,230,4,,0,100,,18402,400,4,,0,100,,18393,400,4,,0,100,,18399,400,4,,0,100,,18401,400,4,,0,100,,18390,400,4,,0,100,,18392,400,4,,0,100,,18391,400,4,,0,100,,18398,400,4,,0,100,,18394,400,4,,0,100,,18396,400,4,,0,100,,18397,400,4,,0,100,,18400,400,4,,0,100,,18395,400,4,,0,100,,18403,400,4,,0
23801,'Fête-1-01',830,,18420,260,4,,0,93,,18413,360,4,,0,105,,18416,360,4,,0,100,,18417,360,4,,0,100,,18410,360,4,,0,100,,18418,360,4,,0,100,,18408,360,4,,0,100,,18407,360,4,,0,100,,18406,360,4,,0,100,,18405,360,4,,0,100,,18412,360,4,,0,98,,18411,360,4,,0,100,,18414,360,4,,0,98,,18415,360,4,,0,97,,18409,360,4,,0
23801,'Semaine-01',557,,18435,260,4,,0,64,,18436,260,4,,0,38,,18437,360,4,,0,62,,18438,360,4,,0,85,,18439,360,4,,0,22,,18440,360,4,,0,99,,18441,360,4,,0,103,,18421,360,4,,0,100,,18422,360,4,,0,100,,18423,360,4,,0,100,,18424,360,4,,0,100,,18425,360,4,,0,100,,18426,360,4,,0,100,,18427,360,4,,0,83,,18428,360,4,,0,32,,18429,360,4,,0,74,,18443,360,4,,0,31,,18430,360,4,,0,75,,18442,360,4,,0,105,,18431,360,4,,0,100,,18434,360,4,,0,100,,18433,360,4,,0
23801,'Semaine-02',557,,18459,260,4,,0,64,,18460,260,4,,0,38,,18461,360,4,,0,62,,18462,360,4,,0,85,,18463,360,4,,0,22,,18464,360,4,,0,99,,18465,360,4,,0,103,,18445,360,4,,0,100,,18446,360,4,,0,100,,18447,360,4,,0,100,,18448,360,4,,0,100,,18449,360,4,,0,100,,18450,360,4,,0,100,,18451,360,4,,0,83,,18452,360,4,,0,32,,18453,360,4,,0,74,,18467,360,4,,0,31,,18454,360,4,,0,75,,18466,360,4,,0,105,,18455,360,4,,0,100,,18458,360,4,,0,100,,18457,360,4,,0
23801,'Week-end-01',830,,18484,260,4,,0,93,,18477,360,4,,0,105,,18480,360,4,,0,100,,18481,360,4,,0,100,,18474,360,4,,0,100,,18482,360,4,,0,100,,18472,360,4,,0,100,,18471,360,4,,0,100,,18470,360,4,,0,100,,18469,360,4,,0,100,,18476,360,4,,0,98,,18475,360,4,,0,100,,18478,360,4,,0,98,,18479,360,4,,0,97,,18473,360,4,,0
23900,'Fête-1-01',830,,18500,400,4,,0,85,,18485,590,4,,0,102,,18493,590,4,,0,107,,18494,590,4,,0,104,,18495,590,4,,0,100,,18496,590,4,,0,100,,18497,590,4,,0,100,,18498,590,4,,0,100,,18491,590,4,,0,96,,18487,590,4,,0,98,,18486,590,4,,0,96,,18488,590,4,,0,95,,18489,590,4,,0,100,,18490,590,4,,0,100,,18492,590,4,,0
23900,'Semaine-01',555,,18516,400,4,,0,70,,18513,400,4,,0,75,,18501,590,4,,0,20,,18525,590,4,,0,35,,18502,590,4,,0,70,,18503,590,4,,0,30,,18517,590,4,,0,70,,18514,590,4,,0,95,,18504,590,4,,0,100,,18505,590,4,,0,102,,18506,590,4,,0,106,,18507,590,4,,0,100,,18508,590,4,,0,97,,18509,590,4,,0,103,,18510,590,4,,0,75,,18511,590,4,,0,37,,18522,590,4,,0,74,,18523,590,4,,0,18,,18518,590,4,,0,75,,18515,590,4,,0,23,,18512,590,4,,0,78,,18524,590,4,,0,108,,18521,590,4,,0,98,,18520,590,4,,0
23900,'Semaine-02',555,,18541,400,4,,0,70,,18538,400,4,,0,75,,18526,590,4,,0,20,,18550,590,4,,0,35,,18527,590,4,,0,70,,18528,590,4,,0,30,,18542,590,4,,0,70,,18539,590,4,,0,95,,18529,590,4,,0,100,,18530,590,4,,0,102,,18531,590,4,,0,106,,18532,590,4,,0,100,,18533,590,4,,0,97,,18534,590,4,,0,103,,18535,590,4,,0,75,,18536,590,4,,0,37,,18547,590,4,,0,74,,18548,590,4,,0,18,,18543,590,4,,0,75,,18540,590,4,,0,23,,18537,590,4,,0,78,,18549,590,4,,0,108,,18546,590,4,,0,98,,18545,590,4,,0
23900,'Week-end-01',830,,18566,400,4,,0,85,,18551,590,4,,0,102,,18559,590,4,,0,107,,18560,590,4,,0,104,,18561,590,4,,0,100,,18562,590,4,,0,100,,18563,590,4,,0,100,,18564,590,4,,0,100,,18557,590,4,,0,96,,18553,590,4,,0,98,,18552,590,4,,0,96,,18554,590,4,,0,95,,18555,590,4,,0,100,,18556,590,4,,0,100,,18558,590,4,,0
