23101,'Semaine-03',631,,15464,310,,,0,70,,15465,310,,,0,30,,15466,310,,,0,70,,15467,310,,,0,30,,15468,310,,,0,95,,15469,310,,,0,100,,15470,310,,,0,100,,15471,310,,,0,100,,15472,310,,,0,100,,15473,310,,,0,100,,15474,310,,,0,100,,15475,310,,,0,88,,15476,310,,,0,27,,15477,310,,,0,73,,15478,310,,,0,27,,15479,310,,,0,73,,15480,310,,,0,27,,15481,310,,,0,85,,15482,310,,,0,100,,15483,310,,,0,100,,15484,310,,,0,100,,15485,310,,,0
23101,'Semaine-53',631,,12161,310,,,0,70,,12162,310,,,0,30,,12163,310,,,0,70,,12164,310,,,0,30,,12165,310,,,0,95,,12166,310,,,0,100,,12167,310,,,0,100,,12168,310,,,0,100,,12169,310,,,0,100,,12170,310,,,0,100,,12171,310,,,0,100,,12172,310,,,0,88,,12173,310,,,0,27,,12174,310,,,0,73,,12175,310,,,0,27,,12176,310,,,0,73,,12177,310,,,0,27,,12178,310,,,0,85,,12179,310,,,0,100,,12180,310,,,0,100,,12181,310,,,0,100,,12182,310,,,0
23101,'Week-end-03',856,,15494,310,,,0,100,,15493,310,,,0,100,,15495,310,,,0,100,,15491,310,,,0,100,,15496,310,,,0,100,,15490,310,,,0,100,,15497,310,,,0,100,,15489,310,,,0,100,,15498,310,,,0,100,,15492,310,,,0,100,,15499,310,,,0,100,,15488,310,,,0,100,,15500,310,,,0,100,,15487,310,,,0
23101,'Week-end-53',856,,12191,310,,,0,100,,12190,310,,,0,100,,12192,310,,,0,100,,12188,310,,,0,100,,12193,310,,,0,100,,12187,310,,,0,100,,12194,310,,,0,100,,12186,310,,,0,100,,12195,310,,,0,100,,12189,310,,,0,100,,12196,310,,,0,100,,12185,310,,,0,100,,12197,310,,,0,100,,12184,310,,,0
23300,'Semaine-03',614,,15541,210,,,0,101,,15542,210,,,0,105,,15553,210,,,0,97,,15554,210,,,0,130,,15543,210,,,0,200,,15544,210,,,0,200,,15545,210,,,0,75,,15546,210,,,0,103,,15547,210,,,0,105,,15548,210,,,0,100,,15552,210,,,0,102,,15549,210,,,0,115,,15550,210,,,0,207,,15551,210,0,8 41 1 42 43 44,0
23300,'Semaine-53',614,,12261,210,,,0,101,,12262,210,,,0,105,,12273,210,,,0,97,,12274,210,,,0,130,,12263,210,,,0,200,,12264,210,,,0,200,,12265,210,,,0,75,,12266,210,,,0,103,,12267,210,,,0,105,,12268,210,,,0,100,,12272,210,,,0,102,,12269,210,,,0,115,,12270,210,,,0,207,,12271,210,0,8 41 1 42 43 44,0
23300,'Week-end-03',849,,15559,210,,,0,200,,15561,210,,,0,199,,15557,210,,,0,201,,15562,210,,,0,200,,15560,210,,,0,198,,15558,210,,,0,200,,15555,210,,,0,200,,15556,210,0,8 41 1 42 43 44,0
23300,'Week-end-53',849,,12279,210,,,0,200,,12281,210,,,0,199,,12277,210,,,0,201,,12282,210,,,0,200,,12280,210,,,0,198,,12278,210,,,0,200,,12275,210,,,0,200,,12276,210,0,8 41 1 42 43 44,0
23400,'Semaine-03',641,,15563,200,,,0,104,,15576,200,,,0,99,,15564,200,,,0,102,,15565,200,,,0,200,,15566,200,,,0,200,,15567,200,,,0,203,,15568,200,,,0,107,,15569,200,,,0,103,,15570,200,,,0,92,,15575,200,,,0,97,,15571,200,,,0,198,,15572,200,,,0
23400,'Semaine-53',641,,12291,200,,,0,104,,12304,200,,,0,99,,12292,200,,,0,102,,12293,200,,,0,200,,12294,200,,,0,200,,12295,200,,,0,203,,12296,200,,,0,107,,12297,200,,,0,103,,12298,200,,,0,92,,12303,200,,,0,97,,12299,200,,,0,198,,12300,200,,,0
23400,'Week-end-03',948,,15582,200,,,0,200,,15580,200,,,0,201,,15577,200,,,0,201,,15579,200,,,0,198,,15578,200,,,0,200,,15583,200,,,0,200,,15581,200,,,0
23400,'Week-end-53',948,,12310,200,,,0,200,,12308,200,,,0,201,,12305,200,,,0,201,,12307,200,,,0,198,,12306,200,,,0,200,,12311,200,,,0,200,,12309,200,,,0
