25000,'Fête-1-01',810,,3001,,,0,100,,2999,,,0,30,,3002,,,0,100,,3003,,,0,70,,3004,,,0,100,,3000,,,0,30,,3017,,,0,100,,3012,,,0,70,,3015,,,0,100,,3018,,,0,30,,3009,,,0,100,,3008,,,0,70,,3010,,,0,100,,3011,,,0,30,,3016,,,0,100,,3006,,,0,70,,3019,,,0,100,,3013,,,0,30,,3005,,,0,100,,3014,,,0,70,,3007,,,0
25000,'Fête-1-02',810,,3022,,,0,100,,3020,,,0,30,,3023,,,0,100,,3024,,,0,70,,3025,,,0,100,,3021,,,0,30,,3038,,,0,100,,3033,,,0,70,,3036,,,0,100,,3039,,,0,30,,3030,,,0,100,,3029,,,0,70,,3031,,,0,100,,3032,,,0,30,,3037,,,0,100,,3027,,,0,70,,3040,,,0,100,,3034,,,0,30,,3026,,,0,100,,3035,,,0,70,,3028,,,0
25000,'Fête-2-02',639,,3041,,,0,63,,3042,,,0,32,,3043,,,0,25,,3044,,,0,81,,3045,,,0,165,,3046,,,0,100,,3047,,,0,100,,3048,,,0,100,,3049,,,0,100,,3050,,,0,105,,3051,,,0,40,,3052,,,0,74,,3053,,,0,95,,3054,,,0,29,,3055,,,0,72,,3056,,,0,35,,3057,,,0,60,,3058,,,0,100,,3059,,,0,100,,3060,,,0,100,,3061,,,0,100,,3062,,,0
25000,'Semaine-01',639,,3063,,,0,63,,3064,,,0,32,,3065,,,0,25,,3066,,,0,81,,3067,,,0,65,,3068,,,0,100,,3069,,,0,100,,3070,,,0,100,,3071,,,0,100,,3072,,,0,100,,3073,,,0,105,,3074,,,0,40,,3075,,,0,74,,3076,,,0,27,,3078,,,0,68,,3077,,,0,29,,3079,,,0,72,,3080,,,0,35,,3081,,,0,60,,3082,,,0,100,,3083,,,0,100,,3084,,,0,100,,3085,,,0,100,,3086,,,0
25000,'Semaine-50',639,,3087,,,0,63,,3088,,,0,32,,3089,,,0,25,,3090,,,0,81,,3091,,,0,65,,3092,,,0,100,,3093,,,0,100,,3094,,,0,100,,3095,,,0,100,,3096,,,0,100,,3097,,,0,105,,3098,,,0,40,,3099,,,0,74,,3100,,,0,27,,3102,,,0,68,,3101,,,0,29,,3103,,,0,72,,3104,,,0,35,,3105,,,0,60,,3106,,,0,100,,3107,,,0,100,,3108,,,0,100,,3109,,,0,100,,3110,,,0
25000,'Week-end-01',810,,3113,,,0,100,,3111,,,0,30,,3114,,,0,100,,3115,,,0,70,,3116,,,0,100,,3112,,,0,30,,3129,,,0,100,,3124,,,0,70,,3127,,,0,100,,3130,,,0,30,,3121,,,0,100,,3120,,,0,70,,3122,,,0,100,,3123,,,0,30,,3128,,,0,100,,3118,,,0,70,,3131,,,0,100,,3125,,,0,30,,3117,,,0,100,,3126,,,0,70,,3119,,,0
25000,'Week-end-50',810,,3134,,,0,100,,3132,,,0,30,,3135,,,0,100,,3136,,,0,70,,3137,,,0,100,,3133,,,0,30,,3150,,,0,100,,3145,,,0,70,,3148,,,0,100,,3151,,,0,30,,3142,,,0,100,,3141,,,0,70,,3143,,,0,100,,3144,,,0,30,,3149,,,0,100,,3139,,,0,70,,3152,,,0,100,,3146,,,0,30,,3138,,,0,100,,3147,,,0,70,,3140,,,0
70900,'Fête-1-01',640,,6843,,,0,65,,6844,,,0,15,,6845,,,0,30,,6846,,,0,70,,6847,,,0,31,,6848,,,0,70,,6849,,,0,30,,6850,,,0,70,,6851,,,0,30,,6852,,,0,70,,6853,,,0,30,,6854,,,0,70,,6855,,,0,30,,6856,,,0,70,,6857,,,0,30,,6858,,,0,70,,6859,,,0,30,,6860,,,0,70,,6861,,,0,30,,6862,,,0,70,,6863,,,0,30,,6864,,,0,70,,6865,,,0,29,,6866,,,0,70,,6867,,,0,30,,6868,,,0,70,,6869,,,0,30,,6870,,,0,70,,6871,,,0,30,,6872,,,0,70,,6873,,,0,30,,6874,,,0,70,,6875,,,0,20,,6876,,,0,70,,6877,,,0,30,,6878,,,0,70,,6879,,,0,30,,6880,,,0,109,,6881,,,0
70900,'Fête-1-02',640,,6882,,,0,65,,6883,,,0,15,,6884,,,0,30,,6885,,,0,70,,6886,,,0,31,,6887,,,0,70,,6888,,,0,30,,6889,,,0,70,,6890,,,0,30,,6891,,,0,70,,6892,,,0,30,,6893,,,0,70,,6894,,,0,30,,6895,,,0,70,,6896,,,0,30,,6897,,,0,70,,6898,,,0,30,,6899,,,0,70,,6900,,,0,30,,6901,,,0,70,,6902,,,0,30,,6903,,,0,70,,6904,,,0,29,,6905,,,0,70,,6906,,,0,30,,6907,,,0,70,,6908,,,0,30,,6909,,,0,70,,6910,,,0,30,,6911,,,0,70,,6912,,,0,30,,6913,,,0,70,,6914,,,0,20,,6915,,,0,70,,6916,,,0,30,,6917,,,0,70,,6918,,,0,30,,6919,,,0,109,,6920,,,0
70900,'Fête-2-02',556,,6922,0,11 12 13,0,78,,6923,0,11 12 13,0,20,,6924,0,11 12 13,0,47,,6925,0,11 12 13,0,19,,6926,0,11 12 13,0,19,,6927,0,11 12 13,0,19,,6928,0,11 12 13,0,53,,6929,0,11 12 13,0,12,,6930,0,11 12 13,0,28,,6931,0,11 12 13,0,59,,6972,0,11 12 13,0,15,,6932,0,11 12 13,0,25,,6971,0,11 12 13,0,68,,6933,0,11 12 13,0,15,,6934,0,11 12 13,0,69,,6935,0,11 12 13,0,15,,6936,0,11 12 13,0,15,,6937,0,11 12 13,0,23,,6938,0,11 12 13,0,70,,6939,0,11 12 13,0,15,,6967,0,11 12 13,0,15,,6970,0,11 12 13,0,55,,6969,0,11 12 13,0,30,,6968,0,11 12 13,0,85,,6966,0,11 12 13,0,15,,6940,0,11 12 13,0,61,,6941,0,11 12 13,0,44,,6942,,,0,13,,6943,,,0,54,,6944,,,0,20,,6964,,,0,17,,6965,,,0,51,,6958,,,0,16,,6963,,,0,12,,6959,,,0,13,,6960,,,0,9,,6961,,,0,51,,6962,,,0,13,,6957,,,0,28,,6945,,,0,13,,6946,,,0,52,,6947,,,0,12,,6948,,,0,27,,6956,,,0,59,,6949,,,0,29,,6950,,,0,22,,6974,,,0,70,,6951,,,0,15,,6952,,,0,97,,6953,,,0,69,,6954,,,0,43,,6973,,,0,99,,6955,,,0,108,,6921,,,0
70900,'Semaine-01',556,,6976,0,11 12 13,0,52,,7034,0,11 12 13,0,26,,6977,0,11 12 13,0,10,,6978,0,11 12 13,0,10,,6979,0,11 12 13,0,47,,6980,0,11 12 13,0,19,,6981,0,11 12 13,0,19,,6982,0,11 12 13,0,10,,6983,0,11 12 13,0,9,,6984,0,11 12 13,0,53,,6985,0,11 12 13,0,12,,6986,0,11 12 13,0,17,,6987,0,11 12 13,0,11,,6988,0,11 12 13,0,59,,7032,0,11 12 13,0,15,,6989,0,11 12 13,0,25,,7031,0,11 12 13,0,55,,6990,0,11 12 13,0,13,,6991,0,11 12 13,0,15,,6992,0,11 12 13,0,69,,6993,0,11 12 13,0,15,,6994,0,11 12 13,0,15,,6995,0,11 12 13,0,23,,6996,0,11 12 13,0,70,,6997,0,11 12 13,0,15,,7027,0,11 12 13,0,15,,7030,0,11 12 13,0,55,,7029,0,11 12 13,0,30,,7028,0,11 12 13,0,85,,7026,0,11 12 13,0,15,,6998,0,11 12 13,0,61,,6999,0,11 12 13,0,44,,7000,,,0,13,,7001,,,0,54,,7002,,,0,20,,7024,,,0,17,,7025,,,0,51,,7018,,,0,16,,7023,,,0,12,,7019,,,0,13,,7020,,,0,9,,7021,,,0,51,,7022,,,0,13,,7017,,,0,14,,7003,,,0,14,,7004,,,0,13,,7005,,,0,52,,7006,,,0,12,,7007,,,0,27,,7016,,,0,59,,7008,,,0,29,,7009,,,0,22,,7035,,,0,70,,7010,,,0,15,,7011,,,0,67,,7012,,,0,30,,7013,,,0,69,,7014,,,0,43,,7033,,,0,99,,7015,,,0,108,,6975,,,0
70900,'Semaine-50',556,,7037,0,11 12 13,0,52,,7095,0,11 12 13,0,26,,7038,0,11 12 13,0,10,,7039,0,11 12 13,0,10,,7040,0,11 12 13,0,47,,7041,0,11 12 13,0,19,,7042,0,11 12 13,0,19,,7043,0,11 12 13,0,10,,7044,0,11 12 13,0,9,,7045,0,11 12 13,0,53,,7046,0,11 12 13,0,12,,7047,0,11 12 13,0,17,,7048,0,11 12 13,0,11,,7049,0,11 12 13,0,59,,7093,0,11 12 13,0,15,,7050,0,11 12 13,0,25,,7092,0,11 12 13,0,55,,7051,0,11 12 13,0,13,,7052,0,11 12 13,0,15,,7053,0,11 12 13,0,69,,7054,0,11 12 13,0,15,,7055,0,11 12 13,0,15,,7056,0,11 12 13,0,23,,7057,0,11 12 13,0,70,,7058,0,11 12 13,0,15,,7088,0,11 12 13,0,15,,7091,0,11 12 13,0,55,,7090,0,11 12 13,0,30,,7089,0,11 12 13,0,85,,7087,0,11 12 13,0,15,,7059,0,11 12 13,0,61,,7060,0,11 12 13,0,44,,7061,,,0,13,,7062,,,0,54,,7063,,,0,20,,7085,,,0,17,,7086,,,0,51,,7079,,,0,16,,7084,,,0,12,,7080,,,0,13,,7081,,,0,9,,7082,,,0,51,,7083,,,0,13,,7078,,,0,14,,7064,,,0,14,,7065,,,0,13,,7066,,,0,52,,7067,,,0,12,,7068,,,0,27,,7077,,,0,59,,7069,,,0,29,,7070,,,0,22,,7096,,,0,70,,7071,,,0,15,,7072,,,0,67,,7073,,,0,30,,7074,,,0,69,,7075,,,0,43,,7094,,,0,99,,7076,,,0,108,,7036,,,0
70900,'Week-end-01',640,,7097,,,0,65,,7098,,,0,15,,7099,,,0,30,,7100,,,0,70,,7101,,,0,31,,7102,,,0,70,,7103,,,0,30,,7104,,,0,70,,7105,,,0,30,,7106,,,0,70,,7107,,,0,30,,7108,,,0,70,,7109,,,0,30,,7110,,,0,70,,7111,,,0,30,,7112,,,0,70,,7113,,,0,30,,7114,,,0,70,,7115,,,0,30,,7116,,,0,70,,7117,,,0,30,,7118,,,0,70,,7119,,,0,29,,7120,,,0,70,,7121,,,0,30,,7122,,,0,70,,7123,,,0,30,,7124,,,0,70,,7125,,,0,30,,7126,,,0,70,,7127,,,0,30,,7128,,,0,70,,7129,,,0,20,,7130,,,0,70,,7131,,,0,30,,7132,,,0,70,,7133,,,0,30,,7134,,,0,109,,7135,,,0
70900,'Week-end-50',640,,7136,,,0,65,,7137,,,0,15,,7138,,,0,30,,7139,,,0,70,,7140,,,0,31,,7141,,,0,70,,7142,,,0,30,,7143,,,0,70,,7144,,,0,30,,7145,,,0,70,,7146,,,0,30,,7147,,,0,70,,7148,,,0,30,,7149,,,0,70,,7150,,,0,30,,7151,,,0,70,,7152,,,0,30,,7153,,,0,70,,7154,,,0,30,,7155,,,0,70,,7156,,,0,30,,7157,,,0,70,,7158,,,0,29,,7159,,,0,70,,7160,,,0,30,,7161,,,0,70,,7162,,,0,30,,7163,,,0,70,,7164,,,0,30,,7165,,,0,70,,7166,,,0,30,,7167,,,0,70,,7168,,,0,20,,7169,,,0,70,,7170,,,0,30,,7171,,,0,70,,7172,,,0,30,,7173,,,0,109,,7174,,,0
