25001,'Fête-1-02',721,,22201,280,,,0,99,,22185,280,,,0,30,,22188,280,,,0,99,,22195,280,,,0,70,,22196,280,,,0,101,,22187,280,,,0,30,,22190,280,,,0,100,,22198,280,,,0,70,,22199,280,,,0,100,,22186,280,,,0,29,,22197,280,,,0,100,,22189,280,,,0,71,,22194,280,,,0,101,,22200,280,,,0,30,,22191,280,,,0,100,,22192,280,,,0,70,,22184,280,,,0,101,,22193,280,,,0,30,,22202,280,,,0,101,,22183,280,,,0,70,,22203,280,,,0
25001,'Semaine-02',546,,19172,280,,,0,65,,19173,280,,,0,28,,19174,280,0,8 27 75,0,62,,19175,280,,,0,45,,19176,280,,,0,96,,19177,280,,,0,71,,19178,280,,,0,96,,19179,280,,,0,100,,19180,280,,,0,103,,19181,280,,,0,100,,19182,280,,,0,102,,19183,280,,,0,115,,19184,280,,,0,99,,19185,280,,,0,26,,19186,280,,,0,70,,19187,280,,,0,28,,19188,280,,,0,83,,19189,280,,,0,87,,19190,280,,,0,108,,19191,280,,,0,93,,19192,280,,,0,101,,19193,280,,,0
25001,'Semaine-03',546,,22204,280,,,0,65,,22205,280,,,0,28,,22206,280,0,8 27 75,0,62,,22207,280,,,0,45,,22208,280,,,0,96,,22209,280,,,0,71,,22210,280,,,0,96,,22211,280,,,0,100,,22212,280,,,0,103,,22213,280,,,0,100,,22214,280,,,0,102,,22215,280,,,0,115,,22216,280,,,0,99,,22217,280,,,0,26,,22218,280,,,0,70,,22219,280,,,0,28,,22220,280,,,0,83,,22221,280,,,0,87,,22222,280,,,0,108,,22223,280,,,0,93,,22224,280,,,0,101,,22225,280,,,0
25001,'Week-end-01',721,,19212,280,,,0,99,,19196,280,,,0,30,,19199,280,,,0,99,,19206,280,,,0,70,,19207,280,,,0,101,,19198,280,,,0,30,,19201,280,,,0,100,,19209,280,,,0,70,,19210,280,,,0,100,,19197,280,,,0,29,,19208,280,,,0,100,,19200,280,,,0,71,,19205,280,,,0,101,,19211,280,,,0,30,,19202,280,,,0,100,,19203,280,,,0,70,,19195,280,,,0,101,,19204,280,,,0,30,,19213,280,,,0,101,,19194,280,,,0,70,,19214,280,,,0
31700,'Semaine-02',657,,20276,240,,,0,70,,20277,240,,,0,110,,20278,240,,,0,290,,20279,240,,,0,300,,20280,240,,,0
31700,'Semaine-03',657,,22754,240,,,0,70,,22755,240,,,0,110,,22756,240,,,0,290,,22757,240,,,0,300,,22758,240,,,0
31701,'Semaine-02',1237,,20291,250,,,0,270,,20296,250,,,0,100,,20292,250,,,0,130,,20293,250,,,0,100,,20294,250,,,0,475,,20295,250,,,0
31701,'Semaine-03',1237,,22761,250,,,0,270,,22766,250,,,0,100,,22762,250,,,0,130,,22763,250,,,0,100,,22764,250,,,0,475,,22765,250,,,0
51401,'Semaine-02',536,,20310,280,,,0,95,,20311,280,,,0,74,,20312,280,,,0
51401,'Semaine-03',536,,22772,280,,,0,95,,22773,280,,,0,74,,22774,280,,,0
