23200,'Semaine-03',631,,15502,240,,,0,70,,15503,240,,,0,30,,15504,240,,,0,70,,15505,240,,,0,30,,15506,240,,,0,69,,15507,240,,,0,100,,15508,240,,,0,100,,15509,240,,,0,100,,15510,240,,,0,100,,15511,240,,,0,100,,15512,240,,,0,100,,15513,240,,,0,106,,15514,240,,,0,35,,15515,240,,,0,73,,15516,240,,,0,27,,15517,240,,,0,67,,15518,240,,,0,27,,15519,240,,,0,71,,15520,240,,,0,94,,15521,240,,,0,100,,15522,240,,,0,100,,15523,240,,,0
23200,'Semaine-53',631,,12214,240,,,0,70,,12215,240,,,0,30,,12216,240,,,0,70,,12217,240,,,0,30,,12218,240,,,0,69,,12219,240,,,0,100,,12220,240,,,0,100,,12221,240,,,0,100,,12222,240,,,0,100,,12223,240,,,0,100,,12224,240,,,0,100,,12225,240,,,0,106,,12226,240,,,0,35,,12227,240,,,0,73,,12228,240,,,0,27,,12229,240,,,0,67,,12230,240,,,0,27,,12231,240,,,0,71,,12232,240,,,0,94,,12233,240,,,0,100,,12234,240,,,0,100,,12235,240,,,0
23200,'Week-end-03',927,,15534,240,,,0,102,,15529,240,,,0,100,,15535,240,,,0,102,,15528,240,,,0,100,,15536,240,,,0,100,,15527,240,,,0,100,,15537,240,,,0,98,,15532,240,,,0,100,,15538,240,,,0,99,,15531,240,,,0,100,,15539,240,,,0,100,,15526,240,,,0,100,,15540,240,,,0,100,,15533,240,,,0
23200,'Week-end-53',927,,12246,240,,,0,102,,12241,240,,,0,100,,12247,240,,,0,102,,12240,240,,,0,100,,12248,240,,,0,100,,12239,240,,,0,100,,12249,240,,,0,98,,12244,240,,,0,100,,12250,240,,,0,99,,12243,240,,,0,100,,12251,240,,,0,100,,12238,240,,,0,100,,12252,240,,,0,100,,12245,240,,,0
23300,'Semaine-03',642,,15541,530,,,0,101,,15542,530,,,0,105,,15553,530,,,0,97,,15554,530,,,0,170,,15543,530,,,0,200,,15544,530,,,0,200,,15545,530,,,0,35,,15546,530,,,0,103,,15547,530,,,0,105,,15548,530,,,0,100,,15552,530,,,0,142,,15549,530,,,0,115,,15550,530,,,0
23300,'Semaine-53',642,,12261,530,,,0,101,,12262,530,,,0,105,,12273,530,,,0,97,,12274,530,,,0,170,,12263,530,,,0,200,,12264,530,,,0,200,,12265,530,,,0,35,,12266,530,,,0,103,,12267,530,,,0,105,,12268,530,,,0,100,,12272,530,,,0,142,,12269,530,,,0,115,,12270,530,,,0
23300,'Week-end-03',912,,15559,530,,,0,200,,15561,530,,,0,200,,15557,530,,,0,203,,15562,530,,,0,200,,15560,530,,,0,197,,15558,530,,,0,199,,15555,530,,,0
23300,'Week-end-53',912,,12279,530,,,0,200,,12281,530,,,0,200,,12277,530,,,0,203,,12282,530,,,0,200,,12280,530,,,0,197,,12278,530,,,0,199,,12275,530,,,0
23400,'Semaine-03',544,,15574,310,,,0,66,,15573,310,,,0,100,,15563,540,,,0,104,,15576,540,,,0,99,,15564,540,,,0,102,,15565,540,,,0,200,,15566,540,,,0,200,,15567,540,,,0,203,,15568,540,,,0,107,,15569,540,,,0,103,,15570,540,,,0,92,,15575,540,,,0,97,,15571,540,,,0,198,,15572,540,,,0
23400,'Semaine-53',544,,12302,310,,,0,66,,12301,310,,,0,100,,12291,540,,,0,104,,12304,540,,,0,99,,12292,540,,,0,102,,12293,540,,,0,200,,12294,540,,,0,200,,12295,540,,,0,203,,12296,540,,,0,107,,12297,540,,,0,103,,12298,540,,,0,92,,12303,540,,,0,97,,12299,540,,,0,198,,12300,540,,,0
23400,'Week-end-03',816,,15584,310,,,0,196,,15582,540,,,0,200,,15580,540,,,0,203,,15577,540,,,0,202,,15579,540,,,0,195,,15578,540,,,0,200,,15583,540,,,0,200,,15581,540,,,0
23400,'Week-end-53',816,,12312,310,,,0,196,,12310,540,,,0,200,,12308,540,,,0,203,,12305,540,,,0,202,,12307,540,,,0,195,,12306,540,,,0,200,,12311,540,,,0,200,,12309,540,,,0
