30900,'LA-H26-LA_GTFS-Fête-1-01',900,,4154,4,,0,100,,4155,4,,0,100,,4156,4,,0,100,,4157,4,,0,100,,4158,4,,0,100,,4159,4,,0,100,,4160,4,,0,100,,4161,4,,0,100,,4162,4,,0,100,,4163,4,,0,100,,4164,4,,0,100,,4165,4,,0,100,,4166,4,,0,100,,4167,4,,0,100,,4168,4,,0
30900,'LA-H26-LA_GTFS-Fête-1-02',900,,4169,4,,0,100,,4170,4,,0,100,,4171,4,,0,100,,4172,4,,0,100,,4173,4,,0,100,,4174,4,,0,100,,4175,4,,0,100,,4176,4,,0,100,,4177,4,,0,100,,4178,4,,0,100,,4179,4,,0,100,,4180,4,,0,100,,4181,4,,0,100,,4182,4,,0,100,,4183,4,,0
30900,'LA-H26-LA_GTFS-Fête-2-02',635,,4184,4,,0,70,,4185,4,,0,30,,4186,4,,0,70,,4187,4,,0,30,,4188,4,,0,70,,4189,4,,0,100,,4190,4,,0,100,,4191,4,,0,100,,4192,4,,0,100,,4193,4,,0,100,,4194,4,,0,100,,4195,4,,0,100,,4196,4,,0,30,,4197,4,,0,70,,4198,4,,0,30,,4199,4,,0,70,,4200,4,,0,30,,4201,4,,0,70,,4202,4,,0,100,,4203,4,,0,100,,4204,4,,0,100,,4205,4,,0,100,,4206,4,,0
30900,'LA-H26-LA_GTFS-Semaine-01',635,,4207,4,,0,70,,4208,4,,0,30,,4209,4,,0,70,,4210,4,,0,30,,4211,4,,0,70,,4212,4,,0,100,,4213,4,,0,100,,4214,4,,0,100,,4215,4,,0,100,,4216,4,,0,100,,4217,4,,0,100,,4218,4,,0,100,,4219,4,,0,30,,4220,4,,0,70,,4221,4,,0,30,,4222,4,,0,70,,4223,4,,0,30,,4224,4,,0,70,,4225,4,,0,100,,4226,4,,0,100,,4227,4,,0,100,,4228,4,,0,100,,4229,4,,0
30900,'LA-H26-LA_GTFS-Semaine-50',635,,4230,4,,0,70,,4231,4,,0,30,,4232,4,,0,70,,4233,4,,0,30,,4234,4,,0,70,,4235,4,,0,100,,4236,4,,0,100,,4237,4,,0,100,,4238,4,,0,100,,4239,4,,0,100,,4240,4,,0,100,,4241,4,,0,100,,4242,4,,0,30,,4243,4,,0,70,,4244,4,,0,30,,4245,4,,0,70,,4246,4,,0,30,,4247,4,,0,70,,4248,4,,0,100,,4249,4,,0,100,,4250,4,,0,100,,4251,4,,0,100,,4252,4,,0
30900,'LA-H26-LA_GTFS-Week-end-01',900,,4253,4,,0,100,,4254,4,,0,100,,4255,4,,0,100,,4256,4,,0,100,,4257,4,,0,100,,4258,4,,0,100,,4259,4,,0,100,,4260,4,,0,100,,4261,4,,0,100,,4262,4,,0,100,,4263,4,,0,100,,4264,4,,0,100,,4265,4,,0,100,,4266,4,,0,100,,4267,4,,0
30900,'LA-H26-LA_GTFS-Week-end-50',900,,4268,4,,0,100,,4269,4,,0,100,,4270,4,,0,100,,4271,4,,0,100,,4272,4,,0,100,,4273,4,,0,100,,4274,4,,0,100,,4275,4,,0,100,,4276,4,,0,100,,4277,4,,0,100,,4278,4,,0,100,,4279,4,,0,100,,4280,4,,0,100,,4281,4,,0,100,,4282,4,,0
30901,'LA-H26-LA_GTFS-Fête-1-01',753,,4283,,,0,100,,4284,,,0,100,,4285,,,0,100,,4286,,,0,101,,4287,,,0,100,,4288,,,0,100,,4289,,,0,100,,4290,,,0,100,,4291,,,0,100,,4292,,,0,100,,4293,,,0,99,,4294,,,0,100,,4295,,,0,100,,4296,,,0,100,,4297,,,0
30901,'LA-H26-LA_GTFS-Fête-1-02',753,,4298,,,0,100,,4299,,,0,100,,4300,,,0,100,,4301,,,0,101,,4302,,,0,100,,4303,,,0,100,,4304,,,0,100,,4305,,,0,100,,4306,,,0,100,,4307,,,0,100,,4308,,,0,99,,4309,,,0,100,,4310,,,0,100,,4311,,,0,100,,4312,,,0
30901,'LA-H26-LA_GTFS-Fête-2-02',530,,4313,,,0,100,,4314,,,0,70,,4315,,,0,32,,4316,,,0,70,,4317,,,0,98,,4318,,,0,100,,4319,,,0,100,,4320,,,0,100,,4321,,,0,100,,4322,,,0,100,,4323,,,0,101,,4324,,,0,30,,4325,,,0,70,,4326,,,0,30,,4327,,,0,70,,4328,,,0,30,,4329,,,0,70,,4330,,,0,58,,4334,,,0,100,,4331,,,0,99,,4332,,,0,100,,4333,,,0
30901,'LA-H26-LA_GTFS-Semaine-01',530,,4335,,,0,100,,4336,,,0,70,,4337,,,0,32,,4338,,,0,70,,4339,,,0,98,,4340,,,0,100,,4341,,,0,100,,4342,,,0,100,,4343,,,0,100,,4344,,,0,100,,4345,,,0,101,,4346,,,0,30,,4347,,,0,70,,4348,,,0,30,,4349,,,0,70,,4350,,,0,30,,4351,,,0,70,,4352,,,0,58,,4356,,,0,100,,4353,,,0,99,,4354,,,0,100,,4355,,,0
30901,'LA-H26-LA_GTFS-Semaine-50',530,,4357,,,0,100,,4358,,,0,70,,4359,,,0,32,,4360,,,0,70,,4361,,,0,98,,4362,,,0,100,,4363,,,0,100,,4364,,,0,100,,4365,,,0,100,,4366,,,0,100,,4367,,,0,101,,4368,,,0,30,,4369,,,0,70,,4370,,,0,30,,4371,,,0,70,,4372,,,0,30,,4373,,,0,70,,4374,,,0,58,,4378,,,0,100,,4375,,,0,99,,4376,,,0,100,,4377,,,0
30901,'LA-H26-LA_GTFS-Week-end-01',753,,4379,,,0,100,,4380,,,0,100,,4381,,,0,100,,4382,,,0,101,,4383,,,0,100,,4384,,,0,100,,4385,,,0,100,,4386,,,0,100,,4387,,,0,100,,4388,,,0,100,,4389,,,0,99,,4390,,,0,100,,4391,,,0,100,,4392,,,0,100,,4393,,,0
30901,'LA-H26-LA_GTFS-Week-end-50',753,,4394,,,0,100,,4395,,,0,100,,4396,,,0,100,,4397,,,0,101,,4398,,,0,100,,4399,,,0,100,,4400,,,0,100,,4401,,,0,100,,4402,,,0,100,,4403,,,0,100,,4404,,,0,99,,4405,,,0,100,,4406,,,0,100,,4407,,,0,100,,4408,,,0
