22001,'Semaine-03',550,,15160,30,,,0,70,,15161,30,,,0,30,,15162,30,,,0,70,,15163,30,,,0,30,,15164,30,,,0,70,,15165,30,,,0,100,,15166,30,,,0,100,,15167,30,,,0,100,,15168,30,,,0,100,,15169,30,,,0,100,,15170,30,,,0,100,,15171,30,,,0,100,,15172,30,,,0,100,,15173,30,,,0,30,,15174,30,,,0,70,,15175,30,,,0,30,,15176,30,,,0,70,,15177,30,,,0,30,,15178,30,,,0,70,,15179,30,,,0,100,,15180,30,,,0,100,,15181,30,,,0,100,,15182,30,,,0,100,,15183,30,0,8 20 1 21,0
22001,'Semaine-53',550,,11760,30,,,0,70,,11761,30,,,0,30,,11762,30,,,0,70,,11763,30,,,0,30,,11764,30,,,0,70,,11765,30,,,0,100,,11766,30,,,0,100,,11767,30,,,0,100,,11768,30,,,0,100,,11769,30,,,0,100,,11770,30,,,0,100,,11771,30,,,0,100,,11772,30,,,0,100,,11773,30,,,0,30,,11774,30,,,0,70,,11775,30,,,0,30,,11776,30,,,0,70,,11777,30,,,0,30,,11778,30,,,0,70,,11779,30,,,0,100,,11780,30,,,0,100,,11781,30,,,0,100,,11782,30,,,0,100,,11783,30,0,8 20 1 21,0
22001,'Week-end-03',750,,15191,30,,,0,200,,15188,30,,,0,200,,15186,30,,,0,200,,15187,30,,,0,200,,15185,30,,,0,200,,15190,30,,,0,200,,15189,30,,,0,200,,15184,30,0,8 20 1 21,0
22001,'Week-end-53',750,,11791,30,,,0,200,,11788,30,,,0,200,,11786,30,,,0,200,,11787,30,,,0,200,,11785,30,,,0,200,,11790,30,,,0,200,,11789,30,,,0,200,,11784,30,0,8 20 1 21,0
22100,'Semaine-03',605,,15195,30,,,0,30,,15192,30,,,0,70,,15196,30,,,0,30,,15197,30,,,0,70,,15198,30,,,0,45,,15199,30,,,0,100,,15200,30,,,0,100,,15201,30,,,0,100,,15202,30,,,0,100,,15203,30,,,0,100,,15204,30,,,0,100,,15205,30,,,0,100,,15206,30,,,0,85,,15207,30,,,0,70,,15208,30,,,0,30,,15209,30,,,0,70,,15210,30,,,0,30,,15211,30,,,0,70,,15212,30,,,0,45,,15213,30,,,0,100,,15214,30,,,0,100,,15215,30,,,0
22100,'Semaine-53',605,,11802,30,,,0,30,,11799,30,,,0,70,,11803,30,,,0,30,,11804,30,,,0,70,,11805,30,,,0,45,,11806,30,,,0,100,,11807,30,,,0,100,,11808,30,,,0,100,,11809,30,,,0,100,,11810,30,,,0,100,,11811,30,,,0,100,,11812,30,,,0,100,,11813,30,,,0,85,,11814,30,,,0,70,,11815,30,,,0,30,,11816,30,,,0,70,,11817,30,,,0,30,,11818,30,,,0,70,,11819,30,,,0,45,,11820,30,,,0,100,,11821,30,,,0,100,,11822,30,,,0
22100,'Week-end-03',850,,15216,30,,,0,200,,15220,30,,,0,200,,15221,30,,,0,200,,15222,30,,,0,200,,15217,30,,,0,200,,15219,30,,,0,200,,15218,30,,,0
22100,'Week-end-53',850,,11823,30,,,0,200,,11827,30,,,0,200,,11828,30,,,0,200,,11829,30,,,0,200,,11824,30,,,0,200,,11826,30,,,0,200,,11825,30,,,0
22201,'Semaine-03',535,,15240,30,,,0,80,,15223,30,,,0,30,,15241,30,,,0,80,,15224,30,,,0,80,,15225,30,,,0,110,,15226,30,,,0,100,,15227,30,,,0,100,,15228,30,,,0,100,,15229,30,,,0,100,,15230,30,,,0,100,,15231,30,,,0,100,,15232,30,,,0,100,,15233,30,,,0,40,,15242,30,,,0,75,,15234,30,,,0,80,,15235,30,,,0,105,,15236,30,,,0,100,,15237,30,,,0,100,,15238,30,,,0,100,,15239,30,0,8 6 22,0
22201,'Semaine-53',535,,11862,30,,,0,80,,11845,30,,,0,30,,11863,30,,,0,80,,11846,30,,,0,80,,11847,30,,,0,110,,11848,30,,,0,100,,11849,30,,,0,100,,11850,30,,,0,100,,11851,30,,,0,100,,11852,30,,,0,100,,11853,30,,,0,100,,11854,30,,,0,100,,11855,30,,,0,40,,11864,30,,,0,75,,11856,30,,,0,80,,11857,30,,,0,105,,11858,30,,,0,100,,11859,30,,,0,100,,11860,30,,,0,100,,11861,30,0,8 6 22,0
22201,'Week-end-03',746,,15258,30,,,0,100,,15246,30,,,0,100,,15245,30,,,0,100,,15244,30,,,0,100,,15247,30,,,0,100,,15248,30,,,0,100,,15249,30,,,0,100,,15250,30,,,0,100,,15251,30,,,0,100,,15252,30,,,0,100,,15253,30,,,0,100,,15254,30,,,0,100,,15255,30,,,0,100,,15256,30,,,0,99,,15257,30,0,8 6 22,0
22201,'Week-end-53',746,,11880,30,,,0,100,,11868,30,,,0,100,,11867,30,,,0,100,,11866,30,,,0,100,,11869,30,,,0,100,,11870,30,,,0,100,,11871,30,,,0,100,,11872,30,,,0,100,,11873,30,,,0,100,,11874,30,,,0,100,,11875,30,,,0,100,,11876,30,,,0,100,,11877,30,,,0,100,,11878,30,,,0,100,,11879,30,0,8 6 22,0
22600,'Semaine-03',605,,15289,30,,,0,30,,15290,30,,,0,70,,15291,30,,,0,30,,15292,30,,,0,85,,15293,30,,,0,100,,15294,30,,,0,100,,15295,30,,,0,100,,15296,30,,,0,100,,15297,30,,,0,100,,15298,30,,,0,100,,15299,30,,,0,100,,15300,30,,,0,100,,15301,30,,,0,30,,15302,30,,,0,70,,15303,30,,,0,30,,15304,30,,,0,70,,15305,30,,,0,30,,15306,30,,,0,70,,15307,30,,,0,100,,15308,30,,,0,100,,15309,30,,,0,100,,15310,30,,,0,100,,15311,30,,,0
22600,'Semaine-53',605,,11926,30,,,0,30,,11927,30,,,0,70,,11928,30,,,0,30,,11929,30,,,0,85,,11930,30,,,0,100,,11931,30,,,0,100,,11932,30,,,0,100,,11933,30,,,0,100,,11934,30,,,0,100,,11935,30,,,0,100,,11936,30,,,0,100,,11937,30,,,0,100,,11938,30,,,0,30,,11939,30,,,0,70,,11940,30,,,0,30,,11941,30,,,0,70,,11942,30,,,0,30,,11943,30,,,0,70,,11944,30,,,0,100,,11945,30,,,0,100,,11946,30,,,0,100,,11947,30,,,0,100,,11948,30,,,0
22600,'Week-end-03',750,,15320,30,,,0,200,,15314,30,,,0,200,,15315,30,,,0,200,,15316,30,,,0,200,,15317,30,,,0,200,,15321,30,,,0,200,,15318,30,,,0,200,,15319,30,0,8 33 1 34,0
22600,'Week-end-53',750,,11957,30,,,0,200,,11951,30,,,0,200,,11952,30,,,0,200,,11953,30,,,0,200,,11954,30,,,0,200,,11958,30,,,0,200,,11955,30,,,0,200,,11956,30,0,8 33 1 34,0
40500,'Semaine-03',645,,16726,30,,,0,100,,16727,30,,,0,910,,16728,30,,,0
40500,'Semaine-53',645,,13912,30,,,0,100,,13913,30,,,0,910,,13914,30,,,0
