30600,'Fête-1-02',834,,22378,10,,,0,100,,22379,10,,,0,100,,22380,10,,,0,100,,22381,10,,,0,100,,22382,10,,,0,100,,22383,10,,,0,100,,22384,10,,,0,100,,22385,10,,,0,100,,22386,10,,,0,100,,22387,10,,,0,100,,22388,10,,,0,100,,22389,10,,,0,100,,22390,10,,,0,100,,22391,10,,,0,100,,22392,10,,,0
30600,'Semaine-02',604,,19557,10,,,0,30,,19558,10,,,0,70,,19559,10,,,0,30,,19560,10,,,0,70,,19561,10,,,0,30,,19562,10,,,0,100,,19563,10,,,0,100,,19564,10,,,0,100,,19565,10,,,0,100,,19566,10,,,0,100,,19567,10,,,0,100,,19568,10,,,0,100,,19569,10,,,0,70,,19570,10,,,0,30,,19571,10,,,0,70,,19572,10,,,0,30,,19573,10,,,0,70,,19574,10,,,0,30,,19575,10,,,0,100,,19576,10,,,0,100,,19577,10,,,0,100,,19578,10,,,0,100,,19579,10,,,0
30600,'Semaine-03',604,,22393,10,,,0,30,,22394,10,,,0,70,,22395,10,,,0,30,,22396,10,,,0,70,,22397,10,,,0,30,,22398,10,,,0,100,,22399,10,,,0,100,,22400,10,,,0,100,,22401,10,,,0,100,,22402,10,,,0,100,,22403,10,,,0,100,,22404,10,,,0,100,,22405,10,,,0,70,,22406,10,,,0,30,,22407,10,,,0,70,,22408,10,,,0,30,,22409,10,,,0,70,,22410,10,,,0,30,,22411,10,,,0,100,,22412,10,,,0,100,,22413,10,,,0,100,,22414,10,,,0,100,,22415,10,,,0
30600,'Week-end-01',834,,19580,10,,,0,100,,19581,10,,,0,100,,19582,10,,,0,100,,19583,10,,,0,100,,19584,10,,,0,100,,19585,10,,,0,100,,19586,10,,,0,100,,19587,10,,,0,100,,19588,10,,,0,100,,19589,10,,,0,100,,19590,10,,,0,100,,19591,10,,,0,100,,19592,10,,,0,100,,19593,10,,,0,100,,19594,10,,,0
30601,'Fête-1-02',825,,22416,100,4,,0,100,,22417,100,4,,0,100,,22418,100,4,,0,100,,22419,100,4,,0,101,,22420,100,4,,0,100,,22421,100,4,,0,100,,22422,100,4,,0,100,,22423,100,4,,0,100,,22424,100,4,,0,100,,22425,100,4,,0,100,,22426,100,4,,0,99,,22427,100,4,,0,100,,22428,100,4,,0,100,,22429,100,4,,0,100,,22430,100,4,,0
30601,'Semaine-02',557,,19632,100,4,,0,100,,19633,100,4,,0,70,,19634,100,4,,0,32,,19635,100,4,,0,70,,19636,100,4,,0,98,,19637,100,4,,0,100,,19638,100,4,,0,100,,19639,100,4,,0,100,,19640,100,4,,0,100,,19641,100,4,,0,100,,19642,100,4,,0,101,,19643,100,4,,0,30,,19644,100,4,,0,70,,19645,100,4,,0,30,,19646,100,4,,0,70,,19647,100,4,,0,30,,19648,100,4,,0,70,,19649,100,4,,0,98,,19653,100,4,,0,100,,19650,100,4,,0,99,,19651,100,4,,0,100,,19652,100,4,,0
30601,'Semaine-03',557,,22431,100,4,,0,100,,22432,100,4,,0,70,,22433,100,4,,0,32,,22434,100,4,,0,70,,22435,100,4,,0,98,,22436,100,4,,0,100,,22437,100,4,,0,100,,22438,100,4,,0,100,,22439,100,4,,0,100,,22440,100,4,,0,100,,22441,100,4,,0,101,,22442,100,4,,0,30,,22443,100,4,,0,70,,22444,100,4,,0,30,,22445,100,4,,0,70,,22446,100,4,,0,30,,22447,100,4,,0,70,,22448,100,4,,0,98,,22452,100,4,,0,100,,22449,100,4,,0,99,,22450,100,4,,0,100,,22451,100,4,,0
30601,'Week-end-01',825,,19654,100,4,,0,100,,19655,100,4,,0,100,,19656,100,4,,0,100,,19657,100,4,,0,101,,19658,100,4,,0,100,,19659,100,4,,0,100,,19660,100,4,,0,100,,19661,100,4,,0,100,,19662,100,4,,0,100,,19663,100,4,,0,100,,19664,100,4,,0,99,,19665,100,4,,0,100,,19666,100,4,,0,100,,19667,100,4,,0,100,,19668,100,4,,0
30900,'Fête-1-02',836,,22453,10,,,0,100,,22454,10,,,0,100,,22455,10,,,0,100,,22456,10,,,0,100,,22457,10,,,0,100,,22458,10,,,0,100,,22459,10,,,0,100,,22460,10,,,0,100,,22461,10,,,0,100,,22462,10,,,0,100,,22463,10,,,0,100,,22464,10,,,0,100,,22465,10,,,0,100,,22466,10,,,0,100,,22467,10,,,0
30900,'Semaine-02',606,,19707,10,,,0,30,,19708,10,,,0,70,,19709,10,,,0,30,,19710,10,,,0,70,,19711,10,,,0,30,,19712,10,,,0,100,,19713,10,,,0,100,,19714,10,,,0,100,,19715,10,,,0,100,,19716,10,,,0,100,,19717,10,,,0,100,,19718,10,,,0,100,,19719,10,,,0,70,,19720,10,,,0,30,,19721,10,,,0,70,,19722,10,,,0,30,,19723,10,,,0,70,,19724,10,,,0,30,,19725,10,,,0,100,,19726,10,,,0,100,,19727,10,,,0,100,,19728,10,,,0,100,,19729,10,,,0
30900,'Semaine-03',606,,22468,10,,,0,30,,22469,10,,,0,70,,22470,10,,,0,30,,22471,10,,,0,70,,22472,10,,,0,30,,22473,10,,,0,100,,22474,10,,,0,100,,22475,10,,,0,100,,22476,10,,,0,100,,22477,10,,,0,100,,22478,10,,,0,100,,22479,10,,,0,100,,22480,10,,,0,70,,22481,10,,,0,30,,22482,10,,,0,70,,22483,10,,,0,30,,22484,10,,,0,70,,22485,10,,,0,30,,22486,10,,,0,100,,22487,10,,,0,100,,22488,10,,,0,100,,22489,10,,,0,100,,22490,10,,,0
30900,'Week-end-01',836,,19730,10,,,0,100,,19731,10,,,0,100,,19732,10,,,0,100,,19733,10,,,0,100,,19734,10,,,0,100,,19735,10,,,0,100,,19736,10,,,0,100,,19737,10,,,0,100,,19738,10,,,0,100,,19739,10,,,0,100,,19740,10,,,0,100,,19741,10,,,0,100,,19742,10,,,0,100,,19743,10,,,0,100,,19744,10,,,0
30901,'Fête-1-02',827,,22491,40,4,,0,100,,22492,40,4,,0,100,,22493,40,4,,0,100,,22494,40,4,,0,101,,22495,40,4,,0,100,,22496,40,4,,0,100,,22497,40,4,,0,100,,22498,40,4,,0,100,,22499,40,4,,0,100,,22500,40,4,,0,100,,22501,40,4,,0,99,,22502,40,4,,0,100,,22503,40,4,,0,100,,22504,40,4,,0,100,,22505,40,4,,0
30901,'Semaine-02',559,,19782,40,4,,0,100,,19783,40,4,,0,70,,19784,40,4,,0,72,,19785,40,4,,0,30,,19786,40,4,,0,98,,19787,40,4,,0,100,,19788,40,4,,0,100,,19789,40,4,,0,100,,19790,40,4,,0,100,,19791,40,4,,0,100,,19792,40,4,,0,101,,19793,40,4,,0,70,,19794,40,4,,0,30,,19795,40,4,,0,70,,19796,40,4,,0,30,,19797,40,4,,0,70,,19798,40,4,,0,30,,19799,40,4,,0,98,,19803,40,4,,0,100,,19800,40,4,,0,99,,19801,40,4,,0,100,,19802,40,4,,0
30901,'Semaine-03',559,,22506,40,4,,0,100,,22507,40,4,,0,70,,22508,40,4,,0,72,,22509,40,4,,0,30,,22510,40,4,,0,98,,22511,40,4,,0,100,,22512,40,4,,0,100,,22513,40,4,,0,100,,22514,40,4,,0,100,,22515,40,4,,0,100,,22516,40,4,,0,101,,22517,40,4,,0,70,,22518,40,4,,0,30,,22519,40,4,,0,70,,22520,40,4,,0,30,,22521,40,4,,0,70,,22522,40,4,,0,30,,22523,40,4,,0,98,,22527,40,4,,0,100,,22524,40,4,,0,99,,22525,40,4,,0,100,,22526,40,4,,0
30901,'Week-end-01',827,,19804,40,4,,0,100,,19805,40,4,,0,100,,19806,40,4,,0,100,,19807,40,4,,0,101,,19808,40,4,,0,100,,19809,40,4,,0,100,,19810,40,4,,0,100,,19811,40,4,,0,100,,19812,40,4,,0,100,,19813,40,4,,0,100,,19814,40,4,,0,99,,19815,40,4,,0,100,,19816,40,4,,0,100,,19817,40,4,,0,100,,19818,40,4,,0
