25001,'Fête-1-02',714,,22201,120,,,0,99,,22185,120,,,0,30,,22188,120,,,0,99,,22195,120,,,0,70,,22196,120,,,0,101,,22187,120,,,0,30,,22190,120,,,0,100,,22198,120,,,0,70,,22199,120,,,0,100,,22186,120,,,0,29,,22197,120,,,0,100,,22189,120,,,0,71,,22194,120,,,0,101,,22200,120,,,0,30,,22191,120,,,0,100,,22192,120,,,0,70,,22184,120,,,0,101,,22193,120,,,0,30,,22202,120,,,0,101,,22183,120,,,0,70,,22203,120,,,0
25001,'Semaine-02',538,,19172,120,,,0,65,,19173,120,,,0,28,,19174,120,0,8 27 75,0,21,,19175,120,,,0,85,,19176,120,,,0,96,,19177,120,,,0,72,,19178,120,,,0,96,,19179,120,,,0,100,,19180,120,,,0,103,,19181,120,,,0,100,,19182,120,,,0,102,,19183,120,,,0,115,,19184,120,,,0,99,,19185,120,,,0,26,,19186,120,,,0,70,,19187,120,,,0,28,,19188,120,,,0,84,,19189,120,,,0,87,,19190,120,,,0,108,,19191,120,,,0,93,,19192,120,,,0,101,,19193,120,,,0
25001,'Semaine-03',538,,22204,120,,,0,65,,22205,120,,,0,28,,22206,120,0,8 27 75,0,21,,22207,120,,,0,85,,22208,120,,,0,96,,22209,120,,,0,72,,22210,120,,,0,96,,22211,120,,,0,100,,22212,120,,,0,103,,22213,120,,,0,100,,22214,120,,,0,102,,22215,120,,,0,115,,22216,120,,,0,99,,22217,120,,,0,26,,22218,120,,,0,70,,22219,120,,,0,28,,22220,120,,,0,84,,22221,120,,,0,87,,22222,120,,,0,108,,22223,120,,,0,93,,22224,120,,,0,101,,22225,120,,,0
25001,'Week-end-01',714,,19212,120,,,0,99,,19196,120,,,0,30,,19199,120,,,0,99,,19206,120,,,0,70,,19207,120,,,0,101,,19198,120,,,0,30,,19201,120,,,0,100,,19209,120,,,0,70,,19210,120,,,0,100,,19197,120,,,0,29,,19208,120,,,0,100,,19200,120,,,0,71,,19205,120,,,0,101,,19211,120,,,0,30,,19202,120,,,0,100,,19203,120,,,0,70,,19195,120,,,0,101,,19204,120,,,0,30,,19213,120,,,0,101,,19194,120,,,0,70,,19214,120,,,0
31700,'Semaine-02',652,,20276,80,,,0,70,,20277,80,,,0,110,,20278,80,,,0,290,,20279,80,,,0,300,,20280,80,,,0
31700,'Semaine-03',652,,22754,80,,,0,70,,22755,80,,,0,110,,22756,80,,,0,290,,22757,80,,,0,300,,22758,80,,,0
31701,'Semaine-02',1232,,20291,90,,,0,270,,20296,90,,,0,100,,20292,90,,,0,130,,20293,90,,,0,100,,20294,90,,,0,475,,20295,90,,,0
31701,'Semaine-03',1232,,22761,90,,,0,270,,22766,90,,,0,100,,22762,90,,,0,130,,22763,90,,,0,100,,22764,90,,,0,475,,22765,90,,,0
51401,'Semaine-02',528,,20310,120,,,0,95,,20311,120,,,0,34,,20312,120,,,0
51401,'Semaine-03',528,,22772,120,,,0,95,,22773,120,,,0,34,,22774,120,,,0
