25001,'Semaine-03',547,,16114,290,,,0,64,,16115,290,,,0,29,,16116,290,,,0,62,,16117,290,,,0,45,,16118,290,,,0,62,,16119,290,,,0,34,,16120,290,,,0,71,,16121,290,,,0,37,,16122,290,,,0,59,,16123,290,,,0,100,,16124,290,,,0,103,,16125,290,,,0,100,,16126,290,,,0,102,,16127,290,,,0,115,,16128,290,,,0,24,,16129,290,,,0,75,,16130,290,,,0,26,,16131,290,,,0,70,,16132,290,,,0,28,,16133,290,,,0,82,,16134,290,,,0,88,,16135,290,,,0,107,,16136,290,,,0,94,,16137,290,,,0,101,,16138,290,,,0
25001,'Semaine-53',547,,13032,290,,,0,64,,13033,290,,,0,29,,13034,290,,,0,62,,13035,290,,,0,45,,13036,290,,,0,62,,13037,290,,,0,34,,13038,290,,,0,71,,13039,290,,,0,37,,13040,290,,,0,59,,13041,290,,,0,100,,13042,290,,,0,103,,13043,290,,,0,100,,13044,290,,,0,102,,13045,290,,,0,115,,13046,290,,,0,24,,13047,290,,,0,75,,13048,290,,,0,26,,13049,290,,,0,70,,13050,290,,,0,28,,13051,290,,,0,82,,13052,290,,,0,88,,13053,290,,,0,107,,13054,290,,,0,94,,13055,290,,,0,101,,13056,290,,,0
25001,'Week-end-03',722,,16157,290,,,0,99,,16141,290,,,0,30,,16144,290,,,0,99,,16151,290,,,0,70,,16152,290,,,0,101,,16143,290,,,0,30,,16146,290,,,0,100,,16154,290,,,0,70,,16155,290,,,0,100,,16142,290,,,0,29,,16153,290,,,0,100,,16145,290,,,0,71,,16150,290,,,0,101,,16156,290,,,0,30,,16147,290,,,0,100,,16148,290,,,0,70,,16140,290,,,0,101,,16149,290,,,0,30,,16158,290,,,0,101,,16139,290,,,0,70,,16159,290,,,0
25001,'Week-end-53',722,,13075,290,,,0,99,,13059,290,,,0,30,,13062,290,,,0,99,,13069,290,,,0,70,,13070,290,,,0,101,,13061,290,,,0,30,,13064,290,,,0,100,,13072,290,,,0,70,,13073,290,,,0,100,,13060,290,,,0,29,,13071,290,,,0,100,,13063,290,,,0,71,,13068,290,,,0,101,,13074,290,,,0,30,,13065,290,,,0,100,,13066,290,,,0,70,,13058,290,,,0,101,,13067,290,,,0,30,,13076,290,,,0,101,,13057,290,,,0,70,,13077,290,,,0
31700,'Semaine-03',658,,16711,250,0,11 23,0,70,,16712,250,0,11 23,0,110,,16713,250,0,11 23,0,290,,16714,250,0,11 23,0,300,,16715,250,0,11 23,0
31700,'Semaine-53',658,,13842,250,0,11 23,0,70,,13843,250,0,11 23,0,110,,13844,250,0,11 23,0,290,,13845,250,0,11 23,0,300,,13846,250,0,11 23,0
31701,'Semaine-03',1238,,16718,260,,,0,270,,16723,260,,,0,100,,16719,260,,,0,130,,16720,260,,,0,100,,16721,260,,,0,475,,16722,260,,,0
31701,'Semaine-53',1238,,13850,260,,,0,270,,13855,260,,,0,100,,13851,260,,,0,130,,13852,260,,,0,100,,13853,260,,,0,475,,13854,260,,,0
51401,'Semaine-03',537,,16742,290,,,0,95,,16743,290,,,0,74,,16744,290,,,0
51401,'Semaine-53',537,,14194,290,,,0,95,,14195,290,,,0,74,,14196,290,,,0
