22001,83884,1,0
22001,81014,2,0
22001,80198,3,0
22001,81015,4,0
22001,80139,5,0
22001,80141,6,0
22001,80215,7,0
22001,80143,8,0
22001,80036,9,0
22001,80144,10,0
22001,80145,11,0
22001,80208,12,0
22001,80190,13,0
22001,80052,14,0
22001,80054,15,0
22001,80055,16,0
22001,80056,17,0
22001,80211,18,0
22001,80057,19,0
22001,80059,20,0
22001,80060,21,0
22001,80221,22,0
22001,80222,23,0
22001,80061,24,0
22001,80063,25,0
22001,80071,26,0
22001,80072,27,0
22001,80073,28,0
22001,80070,29,0
22001,80074,30,0
22001,80075,31,0
22001,80076,32,0
22001,80077,33,0
22001,80079,34,0
22001,80080,35,0
22001,80081,36,0
22001,80082,37,0
22001,80083,38,0
22001,80084,39,0
22001,80213,40,0
22001,80239,41,0
22001,80238,42,0
22001,80237,43,0
22001,80217,44,0
22001,80218,45,0
22001,80091,46,0
22001,80092,47,0
22001,80094,48,0
22001,80095,49,0
22001,80096,50,0
22001,80097,51,0
22001,80098,52,0
22001,80099,53,0
22001,80220,54,0
22001,80101,55,0
22001,80102,56,0
22001,80103,57,0
22001,80260,58,0
22001,80261,59,0
22001,80058,60,0
22001,80262,61,0
22001,80105,62,0
22001,80263,63,0
22001,80106,64,0
22001,80107,65,0
22001,80108,66,0
22001,80110,67,0
22001,80266,68,0
22001,80150,69,0
22001,80149,70,0
22001,80151,71,0
22001,80152,72,0
22001,80153,73,0
22001,80154,74,0
22001,80199,75,0
22001,80216,76,0
22001,81120,77,0
22001,81121,78,0
22001,80200,79,0
22100,83884,1,0
22100,81014,2,0
22100,80198,3,0
22100,81015,4,0
22100,80139,5,0
22100,80141,6,0
22100,80215,7,0
22100,80143,8,0
22100,80036,9,0
22100,80144,10,0
22100,80145,11,0
22100,80208,12,0
22100,80190,13,0
22100,80052,14,0
22100,80054,15,0
22100,80055,16,0
22100,80056,17,0
22100,80211,18,0
22100,80057,19,0
22100,80059,20,0
22100,80060,21,0
22100,80221,22,0
22100,80222,23,0
22100,80123,24,0
22100,80122,25,0
22100,80019,26,0
22100,80025,27,0
22100,80026,28,0
22100,80027,29,0
22100,80034,30,0
22100,80035,31,0
22100,80037,32,0
22100,80038,33,0
22100,80040,34,0
22100,80041,35,0
22100,80043,36,0
22100,80044,37,0
22100,80062,38,0
22100,80064,39,0
22100,80080,40,0
22100,80081,41,0
22100,80082,42,0
22100,80083,43,0
22100,80084,44,0
22100,80213,45,0
22100,80065,46,0
22100,80066,47,0
22100,80067,48,0
22100,80068,49,0
22100,80069,50,0
22100,80078,51,0
22100,80089,52,0
22100,80085,53,0
22100,80086,54,0
22100,80087,55,0
22100,80088,56,0
22100,80103,57,0
22100,80260,58,0
22100,80261,59,0
22100,80058,60,0
22100,80262,61,0
22100,80105,62,0
22100,80263,63,0
22100,80106,64,0
22100,80107,65,0
22100,80108,66,0
22100,80110,67,0
22100,80266,68,0
22100,80150,69,0
22100,80149,70,0
22100,80151,71,0
22100,80152,72,0
22100,80153,73,0
22100,80154,74,0
22100,80199,75,0
22100,80216,76,0
22100,81120,77,0
22100,81121,78,0
22100,80200,79,0
22201,80241,1,0
22201,81014,2,0
22201,80198,3,0
22201,81015,4,0
22201,80139,5,0
22201,80141,6,0
22201,80142,7,0
22201,80224,8,0
22201,80223,9,0
22201,80172,10,0
22201,80173,11,0
22201,80174,12,0
22201,80175,13,0
22201,80176,14,0
22201,80187,15,0
22201,80189,16,0
22201,83762,17,0
22201,83763,18,0
22201,83764,19,0
22201,83765,20,0
22201,83766,21,0
22201,80058,22,0
22201,83682,23,0
22201,83683,24,0
22201,83859,25,0
22201,83860,26,0
22201,83861,27,0
22201,83862,28,0
22201,80181,29,0
22201,80182,30,0
22201,80183,31,0
22201,80184,32,0
22201,83622,33,0
22201,80112,34,0
22201,80113,35,0
22201,80114,36,0
22201,80115,37,0
22201,80116,38,0
22201,80267,39,0
22201,80117,40,0
22201,80118,41,0
22201,80119,42,0
22201,80042,43,0
22201,80126,44,0
22201,83699,45,0
22201,83689,46,0
22201,83690,47,0
22201,83691,48,0
22201,80124,49,0
22201,80202,50,0
22201,83692,51,0
22201,83693,52,0
22201,83694,53,0
22201,83695,54,0
22201,83697,55,0
22201,83698,56,0
22201,80023,57,0
22201,80194,58,0
22201,80045,59,0
22201,80046,60,0
22201,80205,61,0
22201,80206,62,0
22201,80047,63,0
22201,80207,64,0
22201,80048,65,0
22201,80049,66,0
22201,83623,67,0
22201,80158,68,0
22201,80159,69,0
22201,80160,70,0
22201,80161,71,0
22201,80162,72,0
22201,83867,73,0
22201,83868,74,0
22201,83684,75,0
22201,83685,76,0
22201,83686,77,0
22201,83687,78,0
22201,80059,79,0
22201,83757,80,0
22201,83758,81,0
22201,83759,82,0
22201,87360,83,0
22201,87361,84,0
22201,80193,85,0
22201,80188,86,0
22201,80240,87,0
22201,80167,88,0
22201,80168,89,0
22201,80169,90,0
22201,80170,91,0
22201,80227,92,0
22201,80228,93,0
22201,80171,94,0
22201,80154,95,0
22201,80199,96,0
22201,80216,97,0
22201,81120,98,0
22201,81121,99,0
22201,80200,100,0
22501,80241,1,0
22501,80028,2,0
22501,83818,3,0
22501,83819,4,0
22501,83820,5,0
22501,83821,6,0
22501,80191,7,0
22501,80011,8,0
22501,80130,9,0
22501,80014,10,0
22501,80202,11,0
22501,80204,12,0
22501,80214,13,0
22501,80197,14,0
22501,80201,15,0
22501,80137,16,0
22501,83792,17,0
22501,81155,18,0
22501,81156,19,0
22501,83794,20,0
22501,83795,21,0
22501,82396,22,0
22501,83743,23,0
22501,81004,24,0
22501,80000,25,0
22501,81286,26,0
22501,81172,27,0
22501,81166,28,0
22501,81033,29,0
22501,81034,30,0
22501,81097,31,0
22501,81234,32,0
22501,81099,33,0
22501,81100,34,0
22501,81101,35,0
22501,81287,36,0
22501,81102,37,0
22501,81103,38,0
22501,81288,39,0
22501,81104,40,0
22501,81105,41,0
22501,81289,42,0
22501,81106,43,0
22501,83797,44,0
22501,83760,45,0
22501,83798,46,0
22501,83799,47,0
22501,83800,48,0
22501,81112,49,0
22501,81113,50,0
22501,81114,51,0
22501,81313,52,0
22501,81115,53,0
22501,81177,54,0
22501,80940,55,0
22501,80954,56,0
22501,81138,57,0
22501,80957,58,0
22501,81139,59,0
22501,81117,60,0
22501,81055,61,0
22501,81118,62,0
22501,81119,63,0
22501,81120,64,0
22501,81121,65,0
22501,80200,66,0
22600,80241,1,0
22600,81014,2,0
22600,80198,3,0
22600,81015,4,0
22600,81016,5,0
22600,81017,6,0
22600,81056,7,0
22600,81018,8,0
22600,81019,9,0
22600,80956,10,0
22600,81137,11,0
22600,80955,12,0
22600,80941,13,0
22600,83775,14,0
22600,81020,15,0
22600,81314,16,0
22600,81116,17,0
22600,81076,18,0
22600,81077,19,0
22600,83776,20,0
22600,83777,21,0
22600,83761,22,0
22600,83778,23,0
22600,81083,24,0
22600,81084,25,0
22600,81085,26,0
22600,81086,27,0
22600,81281,28,0
22600,81441,29,0
22600,81087,30,0
22600,81088,31,0
22600,81282,32,0
22600,81089,33,0
22600,81090,34,0
22600,81091,35,0
22600,81092,36,0
22600,81093,37,0
22600,81283,38,0
22600,83226,39,0
22600,81135,40,0
22600,81284,41,0
22600,81173,42,0
22600,81285,43,0
22600,81162,44,0
22600,83863,45,0
22600,81001,46,0
22600,82399,47,0
22600,81149,48,0
22600,81150,49,0
22600,81155,50,0
22600,81156,51,0
22600,81169,52,0
22600,80195,53,0
22600,80186,54,0
22600,80196,55,0
22600,80130,56,0
22600,80014,57,0
22600,80202,58,0
22600,80204,59,0
22600,80214,60,0
22600,83779,61,0
22600,83055,62,0
22600,83056,63,0
22600,83855,64,0
22600,83857,65,0
22600,83858,66,0
22600,83856,67,0
22701,80242,1,0
22701,80028,2,0
22701,80029,3,0
22701,81124,4,0
22701,81125,5,0
22701,80030,6,0
22701,81126,7,0
22701,81219,8,0
22701,81220,9,0
22701,81221,10,0
22701,81222,11,0
22701,81228,12,0
22701,81160,13,0
22701,81172,14,0
22701,81166,15,0
22701,81292,16,0
22701,81293,17,0
22701,83851,18,0
22701,81040,19,0
22701,81298,20,0
22701,81299,21,0
22701,81300,22,0
22701,83827,23,0
22701,83828,24,0
22701,83804,25,0
22701,81046,26,0
22701,81047,27,0
22701,81048,28,0
22701,83853,29,0
22701,81068,30,0
22701,81069,31,0
22701,83829,32,0
22701,83830,33,0
22701,83822,34,0
22701,83831,35,0
22701,83832,36,0
22701,81266,37,0
22701,81267,38,0
22701,81268,39,0
22701,81269,40,0
22701,83824,41,0
22701,83833,42,0
22701,83834,43,0
22701,83835,44,0
22701,83836,45,0
22701,81167,46,0
22701,81170,47,0
22701,81276,48,0
22701,81186,49,0
22701,81187,50,0
22701,81188,51,0
22701,81189,52,0
22701,81190,53,0
22701,81054,54,0
22701,81279,55,0
22701,83854,56,0
22701,81280,57,0
22701,81218,58,0
22701,81011,59,0
22701,81012,60,0
22701,80031,61,0
22701,80032,62,0
22800,80242,1,0
22800,80028,2,0
22800,80029,3,0
22800,81124,4,0
22800,81125,5,0
22800,80030,6,0
22800,81126,7,0
22800,81127,8,0
22800,81227,9,0
22800,81053,10,0
22800,81036,11,0
22800,81182,12,0
22800,81183,13,0
22800,81184,14,0
22800,81185,15,0
22800,81232,16,0
22800,81233,17,0
22800,83837,18,0
22800,83838,19,0
22800,83839,20,0
22800,83825,21,0
22800,83840,22,0
22800,81243,23,0
22800,81244,24,0
22800,81245,25,0
22800,81246,26,0
22800,83841,27,0
22800,83823,28,0
22800,83842,29,0
22800,83843,30,0
22800,81249,31,0
22800,81250,32,0
22800,81251,33,0
22800,81252,34,0
22800,81253,35,0
22800,81254,36,0
22800,81144,37,0
22800,81351,38,0
22800,83845,39,0
22800,83846,40,0
22800,83847,41,0
22800,83848,42,0
22800,83850,43,0
22800,81384,44,0
22800,83852,45,0
22800,81385,46,0
22800,81387,47,0
22800,81284,48,0
22800,81173,49,0
22800,81285,50,0
22800,81005,51,0
22800,81006,52,0
22800,81007,53,0
22800,81008,54,0
22800,81165,55,0
22800,81009,56,0
22800,81217,57,0
22800,81010,58,0
22800,81218,59,0
22800,81011,60,0
22800,81012,61,0
22800,80031,62,0
22800,80032,63,0
23000,83174,1,0
23000,80746,2,0
23000,80747,3,0
23000,83949,4,0
23000,80748,5,0
23000,80749,6,0
23000,80697,7,0
23000,80976,8,0
23000,82516,9,0
23000,80978,10,0
23000,83627,11,0
23000,83628,12,0
23000,83057,13,0
23000,83172,14,0
23000,80414,15,0
23000,80415,16,0
23000,80416,17,0
23000,80417,18,0
23000,80418,19,0
23000,80484,20,0
23000,80485,21,0
23000,80590,22,0
23000,80591,23,0
23000,80592,24,0
23000,80711,25,1
23001,80711,1,0
23001,80478,2,0
23001,80594,3,0
23001,80595,4,0
23001,80404,5,0
23001,80405,6,0
23001,80406,7,0
23001,80878,8,0
23001,80407,9,0
23001,83630,10,0
23001,80879,11,0
23001,80408,12,0
23001,83173,13,0
23001,83629,14,0
23001,80980,15,0
23001,80981,16,0
23001,80987,17,0
23001,80974,18,0
23001,80696,19,0
23001,80698,20,0
23001,80689,21,0
23001,83895,22,0
23001,80690,23,0
23001,80691,24,0
23001,83175,25,1
23101,80316,1,0
23101,80440,2,0
23101,80560,3,0
23101,80441,4,0
23101,80442,5,0
23101,80443,6,0
23101,80444,7,0
23101,83887,8,0
23101,83888,9,0
23101,83889,10,0
23101,83890,11,0
23101,83891,12,0
23101,80447,13,0
23101,80448,14,0
23101,80449,15,0
23101,88792,16,0
23101,80712,17,0
23101,88793,18,0
23101,83892,19,0
23101,80450,20,0
23101,80451,21,0
23101,80452,22,0
23101,80804,23,0
23101,80814,24,0
23101,80824,25,0
23101,80589,26,0
23101,80590,27,0
23101,80591,28,0
23101,80592,29,0
23101,83914,30,0
23101,80462,31,0
23101,80463,32,0
23101,80464,33,0
23101,80842,34,0
23101,80853,35,0
23101,80857,36,0
23101,80843,37,0
23101,80858,38,0
23101,80844,39,0
23101,83893,40,0
23101,83894,41,0
23101,80846,42,0
23101,80745,43,0
23101,80746,44,0
23101,80747,45,0
23101,83949,46,0
23101,80748,47,0
23101,80749,48,0
23101,80697,49,0
23101,80976,50,0
23101,80695,51,0
23101,80751,52,0
23101,80699,53,0
23101,80317,54,1
23200,80316,1,0
23200,80703,2,0
23200,80685,3,0
23200,80686,4,0
23200,80694,5,0
23200,80974,6,0
23200,80696,7,0
23200,80698,8,0
23200,80689,9,0
23200,83895,10,0
23200,80690,11,0
23200,80691,12,0
23200,80692,13,0
23200,80693,14,0
23200,80834,15,0
23200,83896,16,0
23200,83897,17,0
23200,80855,18,0
23200,80474,19,0
23200,80856,20,0
23200,80836,21,0
23200,80476,22,0
23200,80841,23,0
23200,83898,24,0
23200,80478,25,0
23200,80594,26,0
23200,80595,27,0
23200,80596,28,0
23200,80597,29,0
23200,80831,30,0
23200,80833,31,0
23200,80488,32,0
23200,80840,33,0
23200,80490,34,0
23200,80491,35,0
23200,88792,36,0
23200,80712,37,0
23200,88793,38,0
23200,80492,39,0
23200,80493,40,0
23200,83899,41,0
23200,83900,42,0
23200,83901,43,0
23200,83902,44,0
23200,83903,45,0
23200,83904,46,0
23200,80497,47,0
23200,80498,48,0
23200,80499,49,0
23200,80500,50,0
23200,80411,51,0
23200,80317,52,1
23300,80315,1,0
23300,80588,2,0
23300,80624,3,0
23300,80625,4,0
23300,80880,5,0
23300,80881,6,0
23300,83905,7,0
23300,83963,8,0
23300,83907,9,0
23300,80637,10,0
23300,83908,11,0
23300,83909,12,0
23300,83910,13,0
23300,83911,14,0
23300,83912,15,0
23300,83913,16,0
23300,80889,17,0
23300,80460,18,0
23300,80461,19,0
23300,83914,20,0
23300,80462,21,0
23300,80463,22,0
23300,80464,23,0
23300,80953,24,0
23300,80892,25,0
23300,83164,26,0
23300,86067,27,0
23300,83437,28,0
23300,83919,29,0
23300,83920,30,0
23300,83921,31,0
23300,86152,32,0
23300,83922,33,0
23300,83923,34,0
23300,83924,35,0
23300,80838,36,0
23300,83927,37,0
23300,83928,38,0
23300,83929,39,0
23300,83930,40,0
23300,83931,41,0
23300,83932,42,0
23300,83933,43,0
23300,83934,44,0
23300,83935,45,0
23300,83936,46,0
23300,83937,47,0
23300,83938,48,0
23300,80920,49,0
23300,80952,50,0
23300,80921,51,0
23300,80841,52,0
23300,83898,53,0
23300,80478,54,0
23300,80850,55,0
23300,80480,56,0
23300,80481,57,0
23300,80924,58,0
23300,83939,59,0
23300,83940,60,0
23300,83941,61,0
23300,83942,62,0
23300,83943,63,0
23300,80651,64,0
23300,83944,65,0
23300,80652,66,0
23300,83945,67,0
23300,83946,68,0
23300,80931,69,0
23300,80932,70,0
23300,80719,71,0
23300,80950,72,0
23300,80317,73,1
23400,80315,1,0
23400,80588,2,0
23400,80624,3,0
23400,80625,4,0
23400,80880,5,0
23400,80881,6,0
23400,83905,7,0
23400,83907,8,0
23400,80637,9,0
23400,83908,10,0
23400,83909,11,0
23400,83910,12,0
23400,83911,13,0
23400,83912,14,0
23400,83913,15,0
23400,80889,16,0
23400,80460,17,0
23400,80461,18,0
23400,83914,19,0
23400,80462,20,0
23400,80463,21,0
23400,80464,22,0
23400,80953,23,0
23400,80892,24,0
23400,80893,25,0
23400,80894,26,0
23400,80895,27,0
23400,80896,28,0
23400,80897,29,0
23400,80898,30,0
23400,80899,31,0
23400,80900,32,0
23400,80901,33,0
23400,80902,34,0
23400,80903,35,0
23400,80837,36,0
23400,80906,37,0
23400,80907,38,0
23400,80908,39,0
23400,86150,40,0
23400,80909,41,0
23400,80910,42,0
23400,80911,43,0
23400,80912,44,0
23400,80914,45,0
23400,80915,46,0
23400,80916,47,0
23400,80917,48,0
23400,80918,49,0
23400,80920,50,0
23400,80952,51,0
23400,80921,52,0
23400,80841,53,0
23400,83898,54,0
23400,80478,55,0
23400,80850,56,0
23400,80480,57,0
23400,80481,58,0
23400,80924,59,0
23400,83939,60,0
23400,83940,61,0
23400,83941,62,0
23400,83942,63,0
23400,83943,64,0
23400,80651,65,0
23400,83944,66,0
23400,80652,67,0
23400,83945,68,0
23400,83946,69,0
23400,80931,70,0
23400,80932,71,0
23400,80719,72,0
23400,80950,73,0
23400,80317,74,1
23500,80314,1,0
23500,80440,2,0
23500,80560,3,0
23500,80441,4,0
23500,80561,5,0
23500,80562,6,0
23500,86158,7,0
23500,80564,8,0
23500,80565,9,0
23500,80566,10,0
23500,80567,11,0
23500,80568,12,0
23500,80951,13,0
23500,80570,14,0
23500,80571,15,0
23500,80572,16,0
23500,80573,17,0
23500,80574,18,0
23500,80575,19,0
23500,80576,20,0
23500,80577,21,0
23500,80301,22,0
23500,80304,23,0
23500,80580,24,0
23500,80581,25,0
23500,80582,26,0
23500,80583,27,0
23500,83245,28,0
23500,83246,29,0
23500,83247,30,0
23500,80820,31,0
23500,80590,32,0
23500,80591,33,0
23500,80592,34,0
23500,80711,35,1
23501,80711,1,0
23501,80478,2,0
23501,80594,3,0
23501,80595,4,0
23501,80422,5,0
23501,80423,6,0
23501,80424,7,0
23501,80425,8,0
23501,83244,9,0
23501,80602,10,0
23501,80603,11,0
23501,80604,12,0
23501,80605,13,0
23501,80300,14,0
23501,80305,15,0
23501,80608,16,0
23501,80609,17,0
23501,80610,18,0
23501,80611,19,0
23501,80612,20,0
23501,80613,21,0
23501,80614,22,0
23501,80942,23,0
23501,80616,24,0
23501,80617,25,0
23501,80618,26,0
23501,80619,27,0
23501,80620,28,0
23501,86159,29,0
23501,80621,30,0
23501,80622,31,0
23501,80499,32,0
23501,80500,33,0
23501,80411,34,0
23501,80317,35,1
23600,80313,1,0
23600,80502,2,0
23600,80503,3,0
23600,80504,4,0
23600,86153,5,0
23600,80505,6,0
23600,80506,7,0
23600,86154,8,0
23600,80508,9,0
23600,80509,10,0
23600,80510,11,0
23600,80511,12,0
23600,80512,13,0
23600,80513,14,0
23600,80514,15,0
23600,80515,16,0
23600,86155,17,0
23600,80517,18,0
23600,80518,19,0
23600,80701,20,0
23600,80536,21,0
23600,80537,22,0
23600,80538,23,0
23600,80539,24,0
23600,80540,25,0
23600,80541,26,0
23600,80542,27,0
23600,80543,28,0
23600,80528,29,0
23600,80529,30,0
23600,80702,31,0
23600,80975,32,0
23600,80976,33,0
23600,82516,34,0
23600,80978,35,0
23600,83627,36,0
23600,83628,37,0
23600,80950,38,0
23600,80317,39,1
23701,80313,1,0
23701,80588,2,0
23701,83629,3,0
23701,80980,4,0
23701,80981,5,0
23701,80987,6,0
23701,80974,7,0
23701,82526,8,0
23701,86157,9,0
23701,80531,10,0
23701,80532,11,0
23701,80517,12,0
23701,80518,13,0
23701,80701,14,0
23701,80536,15,0
23701,80537,16,0
23701,80538,17,0
23701,80539,18,0
23701,80540,19,0
23701,80541,20,0
23701,80542,21,0
23701,80543,22,0
23701,86156,23,0
23701,80545,24,0
23701,80546,25,0
23701,80547,26,0
23701,80548,27,0
23701,80549,28,0
23701,80550,29,0
23701,80551,30,0
23701,80802,31,0
23701,80552,32,0
23701,80553,33,0
23701,80554,34,0
23701,80555,35,0
23701,80556,36,0
23701,80557,37,0
23701,80558,38,0
23701,80559,39,0
23701,80317,40,1
23801,80312,1,0
23801,80703,2,0
23801,80685,3,0
23801,80686,4,0
23801,80694,5,0
23801,80974,6,0
23801,80696,7,0
23801,83951,8,0
23801,83953,9,0
23801,83956,10,0
23801,82678,11,0
23801,83957,12,0
23801,83958,13,0
23801,82827,14,0
23801,82825,15,0
23801,82660,16,0
23801,82661,17,0
23801,82664,18,0
23801,82906,19,0
23801,81829,20,0
23801,83959,21,0
23801,82840,22,0
23801,82841,23,0
23801,82842,24,0
23801,83960,25,0
23801,83961,26,0
23801,83207,27,0
23801,83208,28,0
23801,83954,29,0
23801,83952,30,0
23801,80697,31,0
23801,80976,32,0
23801,80695,33,0
23801,80751,34,0
23801,80699,35,0
23801,80317,36,1
23900,80311,1,0
23900,80588,2,0
23900,80624,3,0
23900,80625,4,0
23900,80880,5,0
23900,80881,6,0
23900,83905,7,0
23900,83963,8,0
23900,80653,9,0
23900,80654,10,0
23900,80655,11,0
23900,83965,12,0
23900,83967,13,0
23900,83969,14,0
23900,80629,15,0
23900,80630,16,0
23900,80691,17,0
23900,80692,18,0
23900,83973,19,0
23900,83981,20,0
23900,83975,21,0
23900,83976,22,0
23900,80320,23,0
23900,82276,24,0
23900,82275,25,0
23900,82274,26,0
23900,82824,27,0
23900,83977,28,0
23900,82724,29,0
23900,82600,30,0
23900,82599,31,0
23900,82598,32,0
23900,82625,33,0
23900,83978,34,0
23900,83979,35,0
23900,83980,36,0
23900,80739,37,0
23900,80740,38,0
23900,80742,39,0
23900,83971,40,0
23900,80745,41,0
23900,80746,42,0
23900,80659,43,0
23900,80661,44,0
23900,83970,45,0
23900,83968,46,0
23900,83966,47,0
23900,83964,48,0
23900,80634,49,0
23900,80635,50,0
23900,80636,51,0
23900,83945,52,0
23900,83946,53,0
23900,80931,54,0
23900,80932,55,0
23900,80719,56,0
23900,80950,57,0
23900,80317,58,1
24001,83726,1,0
24001,82072,2,0
24001,82074,3,0
24001,82075,4,0
24001,82076,5,0
24001,82121,6,0
24001,83225,7,0
24001,83005,8,0
24001,83006,9,0
24001,83007,10,0
24001,83008,11,0
24001,83009,12,0
24001,83010,13,0
24001,83002,14,0
24001,83110,15,0
24001,83111,16,0
24001,83112,17,0
24001,83113,18,0
24001,83114,19,0
24001,83031,20,0
24001,83032,21,0
24001,83982,22,0
24001,83983,23,0
24001,83984,24,0
24001,83985,25,0
24001,83986,26,0
24001,82233,27,0
24001,82234,28,0
24001,83987,29,0
24001,83988,30,0
24001,83994,31,0
24001,83995,32,0
24001,83996,33,0
24001,83997,34,0
24001,82239,35,0
24001,82517,36,0
24001,82519,37,0
24001,82523,38,0
24001,82243,39,0
24001,82244,40,0
24001,82245,41,0
24001,82246,42,0
24001,82247,43,0
24001,83439,44,0
24001,82248,45,0
24001,82249,46,0
24001,82250,47,0
24001,82251,48,0
24001,82252,49,0
24001,83047,50,0
24001,83082,51,0
24001,83048,52,0
24001,83046,53,0
24001,82266,54,0
24001,83237,55,0
24001,82267,56,0
24001,82268,57,0
24001,83195,58,0
24001,82269,59,0
24001,82260,60,0
24001,82525,61,0
24001,82862,62,0
24001,82261,63,0
24001,82262,64,0
24100,83724,1,0
24100,82830,2,0
24100,82209,3,0
24100,82284,4,0
24100,82210,5,0
24100,82211,6,0
24100,83022,7,0
24100,83194,8,0
24100,83023,9,0
24100,83024,10,0
24100,83238,11,0
24100,83025,12,0
24100,83045,13,0
24100,83080,14,0
24100,83044,15,0
24100,82217,16,0
24100,82218,17,0
24100,82219,18,0
24100,82220,19,0
24100,82964,20,0
24100,82221,21,0
24100,83438,22,0
24100,82222,23,0
24100,82223,24,0
24100,82224,25,0
24100,82225,26,0
24100,82226,27,0
24100,82227,28,0
24100,82228,29,0
24100,82229,30,0
24100,82726,31,0
24100,83033,32,0
24100,83273,33,0
24100,83034,34,0
24100,82273,35,0
24100,82728,36,0
24100,82729,37,0
24100,82730,38,0
24100,82235,39,0
24100,82236,40,0
24100,82237,41,0
24100,83035,42,0
24100,83036,43,0
24100,83037,44,0
24100,83038,45,0
24100,83998,46,0
24100,83670,47,0
24100,83671,48,0
24100,83672,49,0
24100,83673,50,0
24100,83674,51,0
24100,83675,52,0
24100,82242,53,0
24100,82731,54,0
24100,82270,55,0
24100,82271,56,0
24100,82272,57,0
24100,82277,58,0
24100,82278,59,0
24100,82279,60,0
24100,82122,61,0
24100,82123,62,0
24100,82124,63,0
24100,82125,64,0
24201,83725,1,0
24201,82843,2,0
24201,82036,3,0
24201,82037,4,0
24201,82038,5,0
24201,82606,6,0
24201,83676,7,0
24201,83083,8,0
24201,82819,9,0
24201,83194,10,0
24201,83023,11,0
24201,83024,12,0
24201,83238,13,0
24201,83025,14,0
24201,83026,15,0
24201,83027,16,0
24201,83028,17,0
24201,82807,18,0
24201,82265,19,0
24201,82215,20,0
24201,82851,21,0
24201,82908,22,0
24201,82853,23,0
24201,82607,24,0
24201,82608,25,0
24201,82609,26,0
24201,82610,27,0
24201,82611,28,1
24201,82612,29,1
24201,82613,30,1
24201,82614,31,1
24201,82615,32,1
24201,82616,33,1
24201,82562,34,0
24201,82587,35,0
24201,82588,36,0
24201,82589,37,0
24201,82590,38,0
24201,82591,39,0
24201,82592,40,0
24201,82593,41,0
24201,82594,42,0
24201,82368,43,0
24201,82369,44,0
24201,82370,45,0
24201,82255,46,0
24201,82259,47,0
24201,82808,48,0
24201,82257,49,0
24201,82727,50,0
24201,83218,51,0
24201,82266,52,0
24201,83237,53,0
24201,82267,54,0
24201,82268,55,0
24201,83195,56,0
24201,82269,57,0
24201,82603,58,0
24201,82604,59,0
24201,82605,60,0
24201,82032,61,0
24201,82033,62,0
24201,82034,63,0
24201,82844,64,0
24300,84718,1,0
24300,82072,2,0
24300,82074,3,0
24300,82075,4,0
24300,84697,5,0
24300,82121,6,0
24300,83225,7,0
24300,83005,8,0
24300,83006,9,0
24300,83007,10,0
24300,83108,11,0
24300,83109,12,0
24300,83000,13,0
24300,83600,14,0
24300,83602,15,0
24300,83604,16,0
24300,82891,17,0
24300,82892,18,0
24300,83150,19,0
24300,82283,20,0
24300,82193,21,0
24300,82194,22,0
24300,82195,23,0
24300,82196,24,0
24300,82197,25,0
24300,82158,26,0
24300,82996,27,0
24300,82955,28,0
24300,83608,29,0
24300,83609,30,0
24300,82977,31,0
24300,82339,32,0
24300,83116,33,0
24300,83117,34,0
24300,82280,35,0
24300,82238,36,0
24300,83118,37,0
24300,82148,38,0
24300,82208,39,0
24300,82146,40,0
24300,82153,41,0
24300,82198,42,0
24300,82159,43,0
24300,82160,44,0
24300,82161,45,0
24300,82162,46,0
24300,82163,47,0
24300,82164,48,0
24300,83607,49,0
24300,83605,50,0
24300,83606,51,0
24300,82890,52,0
24300,83603,53,0
24300,83601,54,0
24300,82679,55,0
24300,82681,56,0
24300,82682,57,0
24300,82277,58,0
24300,82278,59,0
24300,82279,60,0
24300,82122,61,0
24300,82123,62,0
24300,82124,63,0
24300,82125,64,0
24601,83725,1,0
24601,82072,2,0
24601,82074,3,0
24601,82075,4,0
24601,83249,5,0
24601,82077,6,0
24601,82078,7,0
24601,82079,8,0
24601,82080,9,0
24601,82918,10,0
24601,82919,11,0
24601,82920,12,0
24601,82921,13,0
24601,82922,14,0
24601,83327,15,0
24601,83560,16,0
24601,83155,17,0
24601,82345,18,0
24601,82346,19,0
24601,82347,20,0
24601,82926,21,0
24601,82927,22,0
24601,82928,23,0
24601,82929,24,0
24601,82930,25,0
24601,82356,26,0
24601,83296,27,0
24601,83561,28,0
24601,83562,29,0
24601,83564,30,0
24601,83374,31,0
24601,83299,32,0
24601,83646,33,0
24601,82947,34,0
24601,82113,35,0
24601,88797,36,0
24601,83314,37,0
24601,83315,38,0
24601,83430,39,0
24601,83316,40,0
24601,82313,41,0
24601,82314,42,0
24601,82117,43,0
24601,82118,44,0
24601,82119,45,0
24601,82120,46,0
24601,82121,47,0
24601,82122,48,0
24601,82123,49,0
24601,82124,50,0
24601,82125,51,0
24700,83730,1,0
24700,82072,2,0
24700,82074,3,0
24700,82075,4,0
24700,82092,5,0
24700,82121,6,0
24700,82332,7,0
24700,82333,8,0
24700,82334,9,0
24700,82335,10,0
24700,81497,11,0
24700,82336,12,0
24700,82343,13,0
24700,82344,14,0
24700,83155,15,0
24700,82345,16,0
24700,82346,17,0
24700,82347,18,0
24700,82348,19,0
24700,82349,20,0
24700,82350,21,0
24700,82351,22,0
24700,82935,23,0
24700,82845,24,0
24700,82685,25,0
24700,82686,26,0
24700,83573,27,0
24700,83379,28,0
24700,88691,29,0
24700,83378,30,0
24700,83574,31,0
24700,83575,32,0
24700,88692,33,0
24700,81893,34,0
24700,81892,35,0
24700,81891,36,0
24700,81890,37,0
24700,81889,38,0
24700,83412,39,0
24700,88729,40,0
24700,83576,41,0
24700,81887,42,0
24700,88688,43,0
24700,83577,44,0
24700,83578,45,0
24700,83579,46,0
24700,83580,47,0
24700,83581,48,0
24700,83651,49,0
24700,81316,50,0
24700,85530,51,0
24700,85503,52,0
24700,84262,53,0
24700,84876,54,1
24701,84876,1,0
24701,84877,2,0
24701,82135,3,0
24701,83652,4,0
24701,88682,5,0
24701,83714,6,0
24701,83565,7,0
24701,83566,8,0
24701,88731,9,0
24701,88690,10,0
24701,88741,11,0
24701,83567,12,0
24701,83568,13,0
24701,83416,14,0
24701,82693,15,0
24701,82694,16,0
24701,82696,17,0
24701,82697,18,0
24701,82698,19,0
24701,82699,20,0
24701,82700,21,0
24701,82701,22,0
24701,82702,23,0
24701,82703,24,0
24701,82704,25,0
24701,82705,26,0
24701,82706,27,0
24701,82707,28,0
24701,82708,29,0
24701,82709,30,0
24701,82846,31,0
24701,82710,32,0
24701,82936,33,0
24701,82937,34,0
24701,83569,35,0
24701,81843,36,0
24701,83570,37,0
24701,83571,38,0
24701,82941,39,0
24701,83162,40,0
24701,83572,41,0
24701,83066,42,0
24701,81951,43,0
24701,82286,44,0
24701,82287,45,0
24701,82288,46,0
24701,82289,47,0
24701,82075,48,0
24701,82092,49,0
24701,82121,50,0
24701,82122,51,0
24701,82123,52,0
24701,82124,53,0
24701,82125,54,0
24701,83730,55,1
24800,81831,1,0
24800,82780,2,0
24800,82781,3,0
24800,82782,4,0
24800,82783,5,0
24800,82785,6,0
24800,82786,7,0
24800,82788,8,0
24800,82789,9,0
24800,82790,10,0
24800,82791,11,0
24800,82792,12,0
24800,82618,13,0
24800,82869,14,0
24800,83393,15,0
24800,82870,16,0
24800,82871,17,0
24800,82872,18,0
24800,82873,19,0
24800,82874,20,0
24800,82875,21,0
24800,82876,22,0
24800,82877,23,0
24800,82878,24,0
24800,82467,25,1
24801,82441,1,0
24801,82442,2,0
24801,82879,3,0
24801,83148,4,0
24801,82880,5,0
24801,82881,6,0
24801,82882,7,0
24801,82883,8,0
24801,82884,9,0
24801,82885,10,0
24801,82886,11,0
24801,82887,12,0
24801,81835,13,0
24801,82630,14,0
24801,82768,15,0
24801,82769,16,0
24801,82770,17,0
24801,82771,18,0
24801,82773,19,0
24801,82774,20,0
24801,82776,21,0
24801,82777,22,0
24801,82778,23,0
24801,83272,24,0
24801,80128,25,0
24801,82024,26,1
24900,83722,1,0
24900,82072,2,0
24900,82074,3,0
24900,82075,4,0
24900,82076,5,0
24900,82121,6,0
24900,82332,7,0
24900,82333,8,0
24900,82334,9,0
24900,82335,10,0
24900,81497,11,0
24900,82336,12,0
24900,82343,13,0
24900,82344,14,0
24900,83155,15,0
24900,82345,16,0
24900,83590,17,0
24900,82804,18,0
24900,82455,19,0
24900,82456,20,0
24900,82457,21,0
24900,82458,22,0
24900,82459,23,0
24900,82460,24,0
24900,82461,25,0
24900,81938,26,0
24900,82463,27,0
24900,82464,28,0
24900,82465,29,0
24900,82466,30,0
24900,82467,31,0
24900,82057,32,0
24900,83152,33,0
24900,82440,34,0
24900,82058,35,0
24900,82468,36,0
24900,82720,37,0
24900,81974,38,0
24900,82721,39,0
24900,82722,40,0
24900,82763,41,0
24900,82764,42,0
24900,82765,43,0
24900,82471,44,0
24900,81851,45,0
24900,83592,46,0
24900,82749,47,0
24900,82751,48,0
24900,82753,49,0
24900,82848,50,0
24900,82754,51,0
24900,82755,52,0
24900,83593,53,0
24900,81868,54,0
24900,82474,55,0
24900,82475,56,0
24900,82476,57,0
24900,82477,58,0
24900,82478,59,0
24900,82479,60,0
24900,83016,61,0
24900,83019,62,0
24900,83367,63,0
24900,83595,64,0
24900,84228,65,0
24900,85521,66,0
24900,85493,67,0
24900,85808,68,0
24900,85491,69,0
24900,85501,70,0
24900,84056,71,0
24900,85492,72,0
24900,85520,73,1
24901,85520,1,0
24901,83072,2,0
24901,81600,3,0
24901,81602,4,0
24901,81603,5,0
24901,80039,6,0
24901,82134,7,0
24901,82426,8,0
24901,82427,9,0
24901,82428,10,0
24901,82429,11,0
24901,82430,12,0
24901,82431,13,0
24901,83583,14,0
24901,83584,15,0
24901,82738,16,0
24901,82847,17,0
24901,82739,18,0
24901,81878,19,0
24901,82743,20,0
24901,82744,21,0
24901,81867,22,0
24901,82434,23,0
24901,82435,24,0
24901,81916,25,0
24901,83050,26,0
24901,81915,27,0
24901,81914,28,0
24901,81979,29,0
24901,81978,30,0
24901,81977,31,0
24901,82438,32,0
24901,82439,33,0
24901,83153,34,0
24901,82014,35,0
24901,82441,36,0
24901,82442,37,0
24901,82443,38,0
24901,82444,39,0
24901,82445,40,0
24901,81943,41,0
24901,82447,42,0
24901,82448,43,0
24901,81486,44,0
24901,82450,45,0
24901,82451,46,0
24901,82452,47,0
24901,82453,48,0
24901,82454,49,0
24901,83589,50,0
24901,83162,51,0
24901,83572,52,0
24901,83066,53,0
24901,81951,54,0
24901,82286,55,0
24901,82287,56,0
24901,82288,57,0
24901,82289,58,0
24901,82075,59,0
24901,82076,60,0
24901,82121,61,0
24901,82122,62,0
24901,82123,63,0
24901,82124,64,0
24901,82125,65,0
24901,83722,66,1
25000,83729,1,0
25000,82072,2,0
25000,82074,3,0
25000,82075,4,0
25000,83249,5,0
25000,82077,6,0
25000,82078,7,0
25000,82079,8,0
25000,82080,9,0
25000,82081,10,0
25000,82083,11,0
25000,82084,12,0
25000,82946,13,0
25000,82893,14,0
25000,83040,15,0
25000,83276,16,0
25000,82085,17,0
25000,83187,18,0
25000,82086,19,0
25000,82087,20,0
25000,84260,21,0
25000,85502,22,0
25000,83222,23,0
25000,84035,24,0
25000,84036,25,0
25000,84037,26,0
25000,84256,27,0
25000,84258,28,0
25000,82088,29,0
25000,82089,30,0
25000,82090,31,0
25000,82091,32,0
25000,83257,33,0
25000,82093,34,0
25000,82094,35,0
25000,82095,36,0
25000,82096,37,0
25000,83189,38,0
25000,83190,39,0
25000,83191,40,0
25000,83192,41,0
25000,83176,42,0
25000,83177,43,0
25000,83178,44,0
25000,83179,45,0
25000,83180,46,0
25000,83181,47,0
25000,83182,48,0
25000,83183,49,0
25000,83184,50,0
25000,83185,51,0
25000,83186,52,0
25000,83596,53,0
25000,83597,54,0
25000,83598,55,0
25000,83599,56,0
25000,83610,57,0
25000,83611,58,0
25000,83197,59,1
25001,83156,1,0
25001,83157,2,0
25001,83612,3,0
25001,83613,4,0
25001,83614,5,0
25001,83615,6,0
25001,83616,7,0
25001,83617,8,0
25001,82099,9,0
25001,82811,10,0
25001,82812,11,0
25001,82813,12,0
25001,82814,13,0
25001,82815,14,0
25001,83165,15,0
25001,83166,16,0
25001,83167,17,0
25001,83168,18,0
25001,83169,19,0
25001,83170,20,0
25001,83171,21,0
25001,82818,22,0
25001,82101,23,0
25001,82103,24,0
25001,82104,25,0
25001,82105,26,0
25001,83258,27,0
25001,82138,28,0
25001,82107,29,0
25001,82108,30,0
25001,82109,31,0
25001,85545,32,0
25001,85546,33,0
25001,85547,34,0
25001,85548,35,0
25001,85549,36,0
25001,85550,37,0
25001,85552,38,0
25001,85553,39,0
25001,85554,40,0
25001,82111,41,0
25001,83188,42,0
25001,82112,43,0
25001,83277,44,0
25001,83120,45,0
25001,82894,46,0
25001,82947,47,0
25001,82113,48,0
25001,82114,49,0
25001,82116,50,0
25001,82117,51,0
25001,82118,52,0
25001,82119,53,0
25001,82120,54,0
25001,83241,55,0
25001,82121,56,0
25001,82122,57,0
25001,82123,58,0
25001,82124,59,0
25001,82125,60,0
25001,83729,61,1
25100,83728,1,0
25100,82072,2,0
25100,82074,3,0
25100,82075,4,0
25100,82092,5,0
25100,82178,6,0
25100,82179,7,0
25100,83619,8,0
25100,82180,9,0
25100,82181,10,0
25100,82182,11,0
25100,82183,12,0
25100,83648,13,0
25100,82291,14,0
25100,82292,15,0
25100,82293,16,0
25100,82294,17,0
25100,82295,18,0
25100,82297,19,0
25100,82299,20,0
25100,82301,21,0
25100,82302,22,0
25100,82342,23,0
25100,82304,24,0
25100,82305,25,0
25100,82315,26,0
25100,81493,27,0
25100,82078,28,0
25100,82079,29,0
25100,82080,30,0
25100,82307,31,0
25100,83621,32,0
25100,82309,33,0
25100,83059,34,0
25100,82310,35,0
25100,82311,36,1
25101,82311,1,0
25101,82312,2,0
25101,82313,3,0
25101,82314,4,0
25101,82117,5,0
25101,82118,6,0
25101,82119,7,0
25101,81494,8,0
25101,82306,9,0
25101,82316,10,0
25101,82317,11,0
25101,82318,12,0
25101,82319,13,0
25101,82320,14,0
25101,82322,15,0
25101,82324,16,0
25101,82326,17,0
25101,82327,18,0
25101,82328,19,0
25101,82329,20,0
25101,82401,21,0
25101,82331,22,0
25101,83647,23,0
25101,82174,24,0
25101,83240,25,0
25101,83121,26,0
25101,82176,27,0
25101,82177,28,0
25101,83248,29,0
25101,82821,30,0
25101,82121,31,0
25101,82122,32,0
25101,82123,33,0
25101,82124,34,0
25101,82125,35,0
25101,83728,36,1
25201,83728,1,0
25201,82072,2,0
25201,82074,3,0
25201,82075,4,0
25201,82076,5,0
25201,82077,6,0
25201,81494,7,0
25201,82306,8,0
25201,82316,9,0
25201,82317,10,0
25201,82318,11,0
25201,82319,12,0
25201,82320,13,0
25201,82322,14,0
25201,82324,15,0
25201,82326,16,0
25201,82327,17,0
25201,82328,18,0
25201,82329,19,0
25201,82401,20,0
25201,82331,21,0
25201,83647,22,0
25201,82174,23,0
25201,83240,24,0
25201,83121,25,0
25201,82176,26,0
25201,82177,27,0
25201,82821,28,0
25201,82121,29,0
25201,82122,30,0
25201,82123,31,0
25201,82124,32,0
25201,82125,33,0
25300,81833,1,0
25300,82047,2,0
25300,82048,3,0
25300,82049,4,0
25300,82050,5,0
25300,82051,6,0
25300,82052,7,0
25300,82053,8,0
25300,82055,9,0
25300,82056,10,0
25300,82057,11,0
25300,83152,12,0
25300,82440,13,0
25300,82058,14,0
25300,82468,15,0
25300,82366,16,0
25300,82470,17,0
25300,83431,18,0
25300,82472,19,0
25300,82473,20,0
25300,83583,21,0
25300,83584,22,0
25300,83136,23,0
25300,83288,24,0
25300,81315,25,0
25300,81316,26,0
25300,85530,27,0
25300,85503,28,0
25300,85504,29,0
25300,85505,30,0
25300,85778,31,0
25300,85506,32,1
25301,85551,1,0
25301,85779,2,0
25301,85514,3,0
25301,85515,4,0
25301,85516,5,0
25301,85529,6,0
25301,85517,7,0
25301,80948,8,0
25301,84313,9,0
25301,82737,10,0
25301,83593,11,0
25301,81868,12,0
25301,82432,13,0
25301,82433,14,0
25301,82435,15,0
25301,82436,16,0
25301,82437,17,0
25301,82438,18,0
25301,82439,19,0
25301,83153,20,0
25301,82014,21,0
25301,82015,22,0
25301,82016,23,0
25301,82017,24,0
25301,82018,25,0
25301,82019,26,0
25301,82020,27,0
25301,82021,28,0
25301,82022,29,0
25301,81479,30,0
25301,82024,31,1
25400,82560,1,0
25400,82561,2,0
25400,83090,3,0
25400,82487,4,0
25400,82489,5,0
25400,82490,6,0
25400,82491,7,0
25400,82492,8,0
25400,82493,9,0
25400,82494,10,0
25400,82495,11,0
25400,82496,12,0
25400,82497,13,0
25400,82498,14,0
25400,82500,15,0
25400,82501,16,0
25400,82502,17,0
25400,82518,18,0
25400,83256,19,0
25400,82601,20,0
25400,82577,21,0
25400,82578,22,0
25400,82579,23,0
25400,82580,24,0
25400,82581,25,0
25400,82582,26,0
25400,82820,27,0
25400,82583,28,0
25400,82584,29,0
25400,82585,30,0
25400,83085,31,0
25400,83086,32,0
25400,83087,33,0
25400,83088,34,0
25400,83089,35,0
25500,82560,1,0
25500,82561,2,0
25500,83090,3,0
25500,83091,4,0
25500,83092,5,0
25500,83093,6,0
25500,83094,7,0
25500,83095,8,0
25500,83096,9,0
25500,83097,10,0
25500,83098,11,0
25500,83099,12,0
25500,83100,13,0
25500,83101,14,0
25500,83102,15,0
25500,83103,16,0
25500,83104,17,0
25500,82566,18,0
25500,82567,19,0
25500,82568,20,0
25500,82569,21,0
25500,82570,22,0
25500,82571,23,0
25500,82572,24,0
25500,82574,25,0
25500,82575,26,0
25500,82573,27,0
25500,82576,28,0
25500,82541,29,0
25500,82542,30,0
25500,82543,31,0
25500,82544,32,0
25500,82545,33,0
25500,82546,34,0
25500,82547,35,0
25500,82549,36,0
25500,82553,37,0
25500,82551,38,0
25500,83052,39,0
25500,83053,40,0
25600,85880,1,0
25600,82108,2,1
25601,82089,1,0
25601,85880,2,1
30300,86113,1,0
30300,80935,2,0
30300,80886,3,0
30300,80593,4,0
30300,86067,5,0
30300,86073,6,0
30300,80770,7,0
30300,80769,8,0
30300,80768,9,0
30300,86074,10,0
30300,80759,11,0
30300,80764,12,0
30300,80763,13,0
30300,80762,14,0
30300,80761,15,0
30300,80760,16,0
30300,80704,17,0
30300,86066,18,0
30300,86065,19,0
30300,86071,20,1
30301,86070,1,0
30301,86065,2,0
30301,86066,3,0
30301,80704,4,0
30301,80760,5,0
30301,80761,6,0
30301,80762,7,0
30301,80763,8,0
30301,80764,9,0
30301,80759,10,0
30301,80765,11,0
30301,86072,12,0
30301,80769,13,0
30301,80770,14,0
30301,80773,15,0
30301,80623,16,0
30301,80916,17,0
30301,80593,18,0
30301,80926,19,0
30301,80409,20,0
30301,86113,21,1
30600,86112,1,0
30600,80935,2,0
30600,80593,3,0
30600,80849,4,0
30600,80868,5,0
30600,80869,6,0
30600,86076,7,0
30600,80872,8,0
30600,80875,9,0
30600,80870,10,1
30601,80870,1,0
30601,80875,2,0
30601,80872,3,0
30601,86105,4,0
30601,86106,5,0
30601,80868,6,0
30601,80849,7,0
30601,80593,8,0
30601,80409,9,0
30601,86112,10,1
30900,86112,1,0
30900,80935,2,0
30900,80593,3,0
30900,86077,4,1
30901,86077,1,0
30901,80593,2,0
30901,80409,3,0
30901,86112,4,1
31000,86111,1,0
31000,80935,2,0
31000,80593,3,0
31000,86084,4,0
31000,86080,5,0
31000,86078,6,0
31000,80677,7,0
31000,80678,8,0
31000,80679,9,0
31000,80680,10,0
31000,80681,11,0
31000,80682,12,0
31000,80684,13,0
31000,80675,14,0
31000,80676,15,0
31000,80674,16,0
31000,80673,17,0
31000,80672,18,1
31001,80672,1,0
31001,80673,2,0
31001,80674,3,0
31001,80676,4,0
31001,80675,5,0
31001,80677,6,0
31001,80678,7,0
31001,80679,8,0
31001,80680,9,0
31001,80681,10,0
31001,80682,11,0
31001,80684,12,0
31001,86079,13,0
31001,86082,14,0
31001,86083,15,0
31001,80593,16,0
31001,80409,17,0
31001,86111,18,1
31100,86111,1,0
31100,80935,2,0
31100,80593,3,0
31100,86085,4,0
31100,86086,5,0
31100,86087,6,0
31100,86088,7,0
31100,86090,8,0
31100,86089,9,0
31100,86091,10,0
31100,86093,11,0
31100,80427,12,0
31100,80428,13,0
31100,80429,14,0
31100,80430,15,0
31100,80431,16,0
31100,80432,17,0
31100,80433,18,0
31100,80434,19,0
31100,80437,20,0
31100,80438,21,1
31101,80438,1,0
31101,86099,2,0
31101,86100,3,0
31101,86108,4,0
31101,80432,5,0
31101,80431,6,0
31101,86097,7,0
31101,86107,8,0
31101,86096,9,0
31101,86095,10,0
31101,86094,11,0
31101,86092,12,0
31101,86089,13,0
31101,86090,14,0
31101,86088,15,0
31101,86087,16,0
31101,86086,17,0
31101,86085,18,0
31101,80593,19,0
31101,80409,20,0
31101,86111,21,1
31200,80708,1,0
31200,86104,2,0
31200,86109,3,0
31200,86103,4,0
31200,86261,5,0
31200,80970,6,0
31200,86262,7,0
31200,86101,8,0
31200,86263,9,0
31200,86102,10,0
31200,86264,11,0
31200,80720,12,0
31200,86265,13,0
31200,80784,14,0
31200,80783,15,0
31200,80785,16,0
31200,80786,17,0
31200,80825,18,0
31200,80788,19,0
31200,83950,20,0
31200,80593,21,0
31200,80409,22,0
31200,86075,23,1
31201,86075,1,0
31201,80935,2,0
31201,80593,3,0
31201,83915,4,0
31201,80787,5,0
31201,83916,6,0
31201,80786,7,0
31201,80785,8,0
31201,80783,9,0
31201,80784,10,0
31201,80470,11,0
31201,86110,12,0
31201,80721,13,0
31201,80722,14,0
31201,80723,15,0
31201,80724,16,0
31201,80725,17,0
31201,80726,18,0
31201,80970,19,0
31201,80727,20,0
31201,80728,21,0
31201,80729,22,0
31201,80730,23,1
31700,83156,1,0
31700,83157,2,0
31700,83214,3,0
31700,83215,4,0
31700,82099,5,0
31700,82811,6,0
31700,82812,7,0
31700,82813,8,0
31700,82814,9,0
31700,82815,10,0
31700,83165,11,0
31700,83166,12,0
31700,83167,13,0
31700,83168,14,0
31700,83169,15,0
31700,83170,16,0
31700,83171,17,0
31700,82818,18,0
31700,82101,19,0
31700,82103,20,0
31700,82104,21,0
31700,82105,22,0
31700,83258,23,0
31700,82138,24,0
31700,82107,25,0
31700,82108,26,0
31700,83229,27,0
31700,82109,28,0
31700,83275,29,1
31701,83275,1,0
31701,83156,2,0
31701,83157,3,0
31701,83214,4,0
31701,83215,5,0
31701,82099,6,0
31701,82811,7,0
31701,82812,8,0
31701,82813,9,0
31701,82814,10,0
31701,82815,11,0
31701,83165,12,0
31701,83166,13,0
31701,83167,14,0
31701,83168,15,0
31701,83169,16,0
31701,83170,17,0
31701,83171,18,0
31701,82818,19,0
31701,82101,20,0
31701,82103,21,0
31701,82104,22,0
31701,82105,23,0
31701,83258,24,0
31701,82138,25,0
31701,82107,26,0
31701,82108,27,0
31701,83229,28,0
31701,82109,29,1
40400,75261,1,0
40400,83886,2,0
40400,80255,3,0
40400,80202,4,1
40400,80124,5,1
40400,80214,6,1
40401,80202,1,0
40401,80214,2,0
40401,80203,3,0
40401,83886,4,0
40401,75261,5,1
40500,83882,1,0
40500,81014,2,0
40500,80198,3,0
40500,81015,4,0
40500,83677,5,0
40500,82515,6,0
40500,82338,7,0
40500,82987,8,0
40500,84718,9,0
40500,82072,10,0
40500,82074,11,0
40500,82075,12,0
40500,86260,13,1
40501,86260,1,0
40501,82121,2,0
40501,82122,3,0
40501,82123,4,0
40501,82124,5,0
40501,82125,6,0
40501,83720,7,0
40501,82263,8,0
40501,82264,9,0
40501,83678,10,0
40501,81120,11,0
40501,81121,12,0
40501,80200,13,0
40501,83882,14,1
49800,74212,1,0
49800,8399000,2,0
49800,83743,3,1
49800,83886,4,1
49800,81001,5,1
49801,83886,1,0
49801,81001,2,0
49801,8399000,3,0
49801,74212,4,1
49900,83991,1,0
49900,72456,2,0
49900,83993,3,0
49900,83885,4,1
49901,83885,1,0
49901,83989,2,1
49901,72455,3,1
49901,83991,4,1
50801,83883,1,0
50801,82127,2,1
50900,82097,1,0
50900,80409,2,0
50900,80310,3,1
50901,81828,1,0
50901,82759,2,0
50901,82097,3,1
51400,82126,1,0
51400,83701,2,0
51400,83703,3,0
51400,83705,4,0
51400,42719,5,0
51400,46708,6,0
51400,83733,7,0
51400,83735,8,0
51400,83707,9,0
51400,83737,10,0
51400,83739,11,0
51400,82063,12,0
51400,82128,13,0
51400,84899,14,0
51400,82130,15,0
51400,82132,16,0
51400,82133,17,0
51400,82134,18,0
51400,82963,19,0
51400,82135,20,0
51400,83219,21,0
51400,82397,22,0
51400,83223,23,0
51400,82993,24,0
51400,82086,25,0
51400,82087,26,0
51400,82088,27,0
51400,82089,28,0
51400,82090,29,0
51400,82091,30,0
51400,83257,31,0
51400,82093,32,0
51400,82094,33,0
51400,82095,34,0
51400,82096,35,0
51400,83189,36,0
51400,83190,37,0
51400,83191,38,0
51400,83192,39,0
51400,83176,40,0
51400,83177,41,0
51400,83178,42,0
51400,83179,43,0
51400,83180,44,0
51400,83181,45,0
51400,83182,46,0
51400,83183,47,0
51400,83184,48,0
51400,83185,49,0
51400,83186,50,0
51400,83596,51,0
51400,83597,52,0
51400,83598,53,0
51400,83599,54,0
51400,83610,55,0
51400,83611,56,0
51400,83197,57,1
51401,83156,1,0
51401,83157,2,0
51401,83612,3,0
51401,83613,4,0
51401,83614,5,0
51401,83615,6,0
51401,83616,7,0
51401,83617,8,0
51401,82099,9,0
51401,82811,10,0
51401,82812,11,0
51401,82813,12,0
51401,82814,13,0
51401,82815,14,0
51401,83165,15,0
51401,83166,16,0
51401,83167,17,0
51401,83168,18,0
51401,83169,19,0
51401,83170,20,0
51401,83171,21,0
51401,82818,22,0
51401,82101,23,0
51401,82103,24,0
51401,82104,25,0
51401,82105,26,0
51401,83258,27,0
51401,82138,28,0
51401,82107,29,0
51401,82108,30,0
51401,82109,31,0
51401,82110,32,0
51401,82111,33,0
51401,84038,34,0
51401,83224,35,0
51401,82602,36,0
51401,83220,37,0
51401,82139,38,0
51401,82962,39,0
51401,82715,40,0
51401,82141,41,0
51401,82142,42,0
51401,82131,43,0
51401,82144,44,0
51401,82145,45,0
51401,82008,46,0
51401,83740,47,1
51401,83738,48,1
51401,83708,49,1
51401,83736,50,1
51401,83734,51,1
51401,41492,52,1
51401,42720,53,1
51401,83706,54,1
51401,83704,55,1
51401,83702,56,1
51401,82126,57,1
60000,83882,1,0
60000,83783,2,0
60000,83784,3,0
60000,83785,4,0
60000,83786,5,0
60000,83866,6,0
60000,80255,7,0
60000,80126,8,0
60000,80127,9,0
60000,80020,10,0
60000,80192,11,0
60000,80012,12,0
60000,80156,13,0
60000,80197,14,0
60000,80201,15,0
60000,80137,16,0
60000,80135,17,0
60000,81158,18,0
60000,81216,19,0
60000,81160,20,0
60000,81161,21,0
60000,83801,22,0
60000,81037,23,0
60000,81358,24,0
60000,81359,25,0
60000,81360,26,0
60000,83802,27,0
60000,83803,28,0
60000,83804,29,0
60000,81046,30,0
60000,81047,31,0
60000,81048,32,0
60000,83805,33,0
60000,83806,34,0
60000,83807,35,0
60000,83808,36,0
60000,83809,37,0
60000,83810,38,0
60000,83811,39,0
60000,83812,40,0
60000,83813,41,0
60000,83814,42,0
60000,83815,43,0
60000,83816,44,0
60000,82418,45,0
60000,82419,46,0
60000,82420,47,0
60000,82421,48,0
60000,82960,49,0
60000,82422,50,0
60000,82850,51,0
60000,82423,52,0
60000,82247,53,0
60000,83439,54,0
60000,82248,55,0
60000,82249,56,0
60000,82250,57,0
60000,82251,58,0
60000,82252,59,0
60000,82253,60,0
60000,82254,61,0
60000,82255,62,0
60000,82259,63,0
60000,82808,64,0
60000,83681,65,0
60000,83817,66,0
60000,82260,67,0
60000,82525,68,0
60000,82862,69,0
60000,82261,70,0
60000,82262,71,0
60000,84718,72,0
60000,82072,73,0
60000,82074,74,0
60000,82075,75,0
60000,86260,76,1
60001,86260,1,0
60001,82077,2,0
60001,82078,3,0
60001,82079,4,0
60001,82080,5,0
60001,82307,6,0
60001,83105,7,0
60001,82367,8,0
60001,82956,9,0
60001,82337,10,0
60001,82033,11,0
60001,82034,12,0
60001,82844,13,0
60001,83720,14,0
60001,82830,15,0
60001,82209,16,0
60001,82284,17,0
60001,82210,18,0
60001,82211,19,0
60001,83022,20,0
60001,83440,21,0
60001,83441,22,0
60001,82807,23,0
60001,82265,24,0
60001,82215,25,0
60001,82216,26,0
60001,82217,27,0
60001,82218,28,0
60001,82219,29,0
60001,82220,30,0
60001,82964,31,0
60001,82221,32,0
60001,83438,33,0
60001,82222,34,0
60001,82372,35,0
60001,82849,36,0
60001,82373,37,0
60001,82961,38,0
60001,82374,39,0
60001,82375,40,0
60001,82376,41,0
60001,82398,42,0
60001,82377,43,0
60001,81059,44,0
60001,81302,45,0
60001,81303,46,0
60001,81060,47,0
60001,81061,48,0
60001,81062,49,0
60001,81063,50,0
60001,81065,51,0
60001,81064,52,0
60001,81066,53,0
60001,81067,54,0
60001,81252,55,0
60001,81253,56,0
60001,81254,57,0
60001,81144,58,0
60001,81143,59,0
60001,81142,60,0
60001,81141,61,0
60001,81304,62,0
60001,81042,63,0
60001,81043,64,0
60001,81045,65,0
60001,81005,66,0
60001,81006,67,0
60001,81007,68,0
60001,80002,69,0
60001,80004,70,0
60001,80195,71,0
60001,80186,72,0
60001,80196,73,0
60001,80157,74,0
60001,80010,75,0
60001,80013,76,0
60001,80272,77,0
60001,80021,78,0
60001,80022,79,0
60001,80023,80,0
60001,80133,81,0
60001,80134,82,0
60001,80146,83,0
60001,80147,84,0
60001,80200,85,0
60001,83882,86,1
60400,86001,1,0
60400,86002,2,0
60400,86032,3,0
60400,86004,4,0
60400,86049,5,0
60400,86006,6,0
60400,86025,7,0
60400,86009,8,0
60400,86010,9,0
60400,86011,10,0
60400,86012,11,0
60400,86013,12,0
60400,86014,13,0
60400,86015,14,0
60400,86026,15,0
60400,86017,16,0
60400,86018,17,0
60400,86019,18,0
60400,86020,19,0
60400,86021,20,0
60400,86022,21,0
60400,86023,22,0
60400,86024,23,0
60400,86029,24,0
60400,80242,25,1
60401,80242,1,0
60401,81014,2,0
60401,86029,3,0
60401,86030,4,0
60401,86031,5,0
60401,86022,6,0
60401,86033,7,0
60401,86034,8,0
60401,86035,9,0
60401,86036,10,0
60401,86037,11,0
60401,86027,12,0
60401,86039,13,0
60401,86040,14,0
60401,86041,15,0
60401,86042,16,0
60401,86043,17,0
60401,86044,18,0
60401,86046,19,0
60401,86047,20,0
60401,86048,21,0
60401,86049,22,0
60401,86005,23,0
60401,86050,24,0
60401,86003,25,0
60401,86052,26,0
60401,86053,27,1
60500,83882,1,0
60500,80028,2,0
60500,80029,3,0
60500,81124,4,0
60500,81125,5,0
60500,80030,6,0
60500,81126,7,0
60500,81127,8,0
60500,81227,9,0
60500,81053,10,0
60500,81036,11,0
60500,81116,12,0
60500,81076,13,0
60500,81077,14,0
60500,83776,15,0
60500,83777,16,0
60500,83761,17,0
60500,83778,18,0
60500,81083,19,0
60500,81084,20,0
60500,81085,21,0
60500,81409,22,0
60500,81425,23,0
60500,81090,24,0
60500,81091,25,0
60500,81092,26,0
60500,81093,27,0
60500,83837,28,0
60500,83838,29,0
60500,83839,30,0
60500,83825,31,0
60500,83840,32,0
60500,81243,33,0
60500,81244,34,0
60500,81245,35,0
60500,81246,36,0
60500,83841,37,0
60500,83823,38,0
60500,83842,39,0
60500,83843,40,0
60500,81249,41,0
60500,83677,42,0
60500,82515,43,0
60500,82338,44,0
60500,82987,45,0
60500,84718,46,0
60500,82072,47,0
60500,82074,48,0
60500,82075,49,0
60500,84697,50,1
60501,84697,1,0
60501,82121,2,0
60501,82122,3,0
60501,82123,4,0
60501,82124,5,0
60501,82125,6,0
60501,83720,7,0
60501,82263,8,0
60501,82264,9,0
60501,83678,10,0
60501,81069,11,0
60501,83829,12,0
60501,83830,13,0
60501,83822,14,0
60501,83831,15,0
60501,83832,16,0
60501,81266,17,0
60501,81267,18,0
60501,81268,19,0
60501,81269,20,0
60501,83824,21,0
60501,83833,22,0
60501,83834,23,0
60501,83835,24,0
60501,83836,25,0
60501,81167,26,0
60501,81097,27,0
60501,81234,28,0
60501,81099,29,0
60501,81100,30,0
60501,81101,31,0
60501,81410,32,0
60501,81447,33,0
60501,81289,34,0
60501,81106,35,0
60501,83797,36,0
60501,83760,37,0
60501,83798,38,0
60501,83799,39,0
60501,83800,40,0
60501,81112,41,0
60501,81113,42,0
60501,81193,43,0
60501,81054,44,0
60501,81279,45,0
60501,83854,46,0
60501,81280,47,0
60501,81218,48,0
60501,81011,49,0
60501,81012,50,0
60501,80031,51,0
60501,80032,52,0
60501,83882,53,1
61000,83721,1,0
61000,82843,2,0
61000,82036,3,0
61000,82037,4,0
61000,82038,5,0
61000,82039,6,0
61000,82040,7,0
61000,82041,8,0
61000,82042,9,0
61000,83106,10,0
61000,82043,11,0
61000,82044,12,0
61000,82045,13,0
61000,82046,14,0
61000,82047,15,0
61000,82048,16,0
61000,82049,17,0
61000,82050,18,0
61000,82051,19,0
61000,82052,20,0
61000,82053,21,0
61000,82055,22,0
61000,82056,23,0
61000,82057,24,0
61000,83152,25,0
61000,82440,26,0
61000,82058,27,0
61000,82059,28,0
61000,83336,29,0
61000,82060,30,0
61000,82061,31,0
61000,82062,32,0
61000,82007,33,0
61000,81913,34,0
61000,82065,35,0
61000,82066,36,0
61000,82067,37,0
61000,82068,38,0
61000,82069,39,0
61000,82854,40,0
61000,82070,41,0
61000,84966,42,0
61000,84787,43,0
61000,84785,44,0
61000,84091,45,0
61000,85070,46,0
61000,84962,47,0
61000,83680,48,0
61000,84779,49,0
61000,84855,50,0
61000,84960,51,0
61000,84856,52,0
61000,84777,53,0
61000,84956,54,0
61000,85455,55,0
61000,84100,56,0
61000,84958,57,0
61000,84774,58,0
61000,84772,59,0
61000,85785,60,0
61000,84861,61,0
61000,84863,62,0
61000,84950,63,0
61000,84770,64,0
61000,85065,65,0
61000,85539,66,0
61000,85156,67,1
61001,85156,1,0
61001,84946,2,0
61001,85064,3,0
61001,84769,4,0
61001,84949,5,0
61001,84862,6,0
61001,84860,7,0
61001,85784,8,0
61001,84771,9,0
61001,84773,10,0
61001,84957,11,0
61001,84099,12,0
61001,85454,13,0
61001,84955,14,0
61001,84776,15,0
61001,84857,16,0
61001,84959,17,0
61001,84854,18,0
61001,84778,19,0
61001,83679,20,0
61001,84961,21,0
61001,85069,22,0
61001,84090,23,0
61001,84784,24,0
61001,84786,25,0
61001,84880,26,0
61001,82868,27,0
61001,82855,28,0
61001,82002,29,0
61001,82003,30,0
61001,82004,31,0
61001,82005,32,0
61001,82006,33,0
61001,81919,34,0
61001,82064,35,0
61001,82009,36,0
61001,82010,37,0
61001,82011,38,0
61001,83337,39,0
61001,82012,40,0
61001,82013,41,0
61001,82439,42,0
61001,83153,43,0
61001,82014,44,0
61001,82015,45,0
61001,82016,46,0
61001,82017,47,0
61001,82018,48,0
61001,82019,49,0
61001,82020,50,0
61001,82021,51,0
61001,82022,52,0
61001,81479,53,0
61001,82024,54,0
61001,82025,55,0
61001,82026,56,0
61001,82027,57,0
61001,83107,58,0
61001,82028,59,0
61001,82029,60,0
61001,82030,61,0
61001,82031,62,0
61001,82032,63,0
61001,82033,64,0
61001,82034,65,0
61001,82844,66,0
61001,83721,67,1
70700,82098,1,0
70700,83003,2,0
70700,82218,3,0
70700,82219,4,0
70700,82220,5,0
70700,82964,6,0
70700,82221,7,0
70700,83438,8,0
70700,82222,9,0
70700,82223,10,0
70700,82224,11,0
70700,82225,12,0
70700,82226,13,0
70700,82227,14,0
70700,82228,15,0
70700,82229,16,0
70700,82230,17,0
70700,82997,18,0
70700,82240,19,0
70700,82949,20,0
70700,82241,21,0
70700,82242,22,0
70700,82731,23,0
70700,83004,24,0
70700,82679,25,0
70700,83425,26,0
70700,82760,27,0
70700,82767,28,0
70700,82779,29,0
70700,82866,30,0
70700,82165,31,0
70700,82166,32,0
70700,82168,33,0
70700,82169,34,0
70700,82170,35,0
70700,82171,36,0
70700,82172,37,0
70700,82184,38,0
70701,82098,1,0
70701,82173,2,0
70701,82185,3,0
70701,82186,4,0
70701,82187,5,0
70701,82188,6,0
70701,82189,7,0
70701,82191,8,0
70701,82192,9,0
70701,82863,10,0
70701,82806,11,0
70701,82809,12,0
70701,83426,13,0
70701,83000,14,0
70701,83001,15,0
70701,83002,16,0
70701,82524,17,0
70701,82948,18,0
70701,82733,19,0
70701,82998,20,0
70701,82725,21,0
70701,82517,22,0
70701,82519,23,0
70701,82523,24,0
70701,82243,25,0
70701,82244,26,0
70701,82245,27,0
70701,82246,28,0
70701,82247,29,0
70701,83439,30,0
70701,82248,31,0
70701,82249,32,0
70701,82250,33,0
70701,82251,34,0
70800,82098,1,0
70800,80015,2,0
70800,81031,3,0
70800,82377,4,0
70800,82378,5,0
70800,82380,6,0
70800,82381,7,0
70800,82382,8,0
70800,82384,9,0
70800,82386,10,0
70800,82387,11,0
70800,82388,12,0
70800,83865,13,0
70800,82390,14,0
70800,82391,15,0
70800,82392,16,0
70800,82393,17,0
70800,82395,18,0
70800,82396,19,0
70800,83743,20,0
70800,81004,21,0
70800,80000,22,0
70800,81286,23,0
70800,81172,24,0
70800,83744,25,0
70800,83745,26,0
70800,83746,27,0
70800,81025,28,0
70800,81023,29,0
70800,81280,30,0
70800,81218,31,0
70800,81011,32,0
70800,81012,33,0
70800,80031,34,0
70800,80032,35,0
70800,83883,36,1
70801,83883,1,0
70801,80028,2,0
70801,80029,3,0
70801,81124,4,0
70801,81125,5,0
70801,80030,6,0
70801,81126,7,0
70801,81127,8,0
70801,81024,9,0
70801,83741,10,0
70801,83742,11,0
70801,81284,12,0
70801,81173,13,0
70801,81285,14,0
70801,81162,15,0
70801,83863,16,0
70801,81001,17,0
70801,82399,18,0
70801,82829,19,0
70801,82402,20,0
70801,82403,21,0
70801,82404,22,0
70801,81225,23,0
70801,83864,24,0
70801,82406,25,0
70801,81226,26,0
70801,82408,27,0
70801,82410,28,0
70801,82412,29,0
70801,82413,30,0
70801,82414,31,0
70801,82416,32,0
70801,82417,33,0
70801,80016,34,1
70801,82127,35,1
70900,82097,1,0
70900,82515,2,0
70900,82338,3,0
70900,82987,4,0
70900,83727,5,0
70900,82072,6,0
70900,82074,7,0
70900,82075,8,0
70900,82076,9,0
70900,82077,10,0
70900,82078,11,0
70900,82079,12,0
70900,82080,13,0
70900,82081,14,0
70900,82480,15,0
70900,82481,16,0
70900,82482,17,0
70900,82483,18,0
70900,82484,19,0
70900,82485,20,0
70900,82486,21,0
70900,82487,22,0
70900,82489,23,0
70900,82490,24,0
70900,82491,25,0
70900,82492,26,0
70900,82493,27,0
70900,82494,28,0
70900,82495,29,0
70900,82496,30,0
70900,82497,31,0
70900,82498,32,0
70900,82500,33,0
70900,82501,34,0
70900,82502,35,0
70900,82518,36,0
70900,82503,37,0
70900,82504,38,0
70900,82505,39,0
70900,82507,40,0
70900,83624,41,0
70900,82509,42,0
70900,82510,43,0
70900,82511,44,0
70900,83625,45,0
70900,82512,46,0
70900,82520,47,0
70900,80436,48,0
70900,80435,49,0
70900,80975,50,0
70900,80976,51,0
70900,82516,52,0
70900,80978,53,0
70900,83627,54,0
70900,83628,55,0
70900,83057,56,0
70900,83172,57,0
70900,80409,58,0
70900,80410,59,0
70900,80411,60,0
70900,80310,61,1
70901,81828,1,0
70901,80588,2,0
70901,80440,3,0
70901,80943,4,0
70901,82759,5,0
70901,83173,6,0
70901,83629,7,0
70901,80980,8,0
70901,80981,9,0
70901,80987,10,0
70901,80974,11,0
70901,82526,12,0
70901,82527,13,0
70901,82528,14,0
70901,82521,15,0
70901,82529,16,0
70901,83626,17,0
70901,82530,18,0
70901,82531,19,0
70901,82532,20,0
70901,82533,21,0
70901,82534,22,0
70901,82536,23,0
70901,82537,24,0
70901,82538,25,0
70901,83151,26,0
70901,82539,27,0
70901,82810,28,0
70901,82540,29,0
70901,82541,30,0
70901,82542,31,0
70901,82543,32,0
70901,82544,33,0
70901,82545,34,0
70901,82546,35,0
70901,82547,36,0
70901,82549,37,0
70901,82553,38,0
70901,82551,39,0
70901,82552,40,0
70901,82554,41,0
70901,82555,42,0
70901,82556,43,0
70901,82557,44,0
70901,82558,45,0
70901,82559,46,0
70901,82116,47,0
70901,82117,48,0
70901,82118,49,0
70901,82119,50,0
70901,82120,51,0
70901,83241,52,0
70901,82121,53,0
70901,82122,54,0
70901,82123,55,0
70901,82124,56,0
70901,82125,57,0
70901,83723,58,0
70901,82106,59,0
70901,82264,60,0
70901,82097,61,1
90401,83884,1,0
90401,80255,2,0
90401,80202,3,0
90401,80124,4,0
90401,80214,5,0
90401,80203,6,0
2000090400,80202,1,0
2000090400,80203,2,0
2000090400,80232,3,1
2000090401,80232,1,0
2000090401,80255,2,1
2000090401,80202,3,0
2000090401,80124,4,1
2000090401,80214,5,1
2000090401,80203,6,1
3000000100,82098,1,0
3000000100,83872,2,1
3000000100,83649,3,1
3000000100,83881,4,1
3000000100,83871,5,1
3000000100,83876,6,1
3000000100,83878,7,1
3000000100,83877,8,1
3000000100,83870,9,1
3000000100,83874,10,1
3000000100,84682,11,1
3000000100,86198,12,1
3000000100,83873,13,1
3000000101,83873,1,0
3000000101,83875,2,0
3000000101,86198,3,0
3000000101,84683,4,0
3000000101,83870,5,0
3000000101,83877,6,0
3000000101,83879,7,0
3000000101,83871,8,0
3000000101,83876,9,0
3000000101,83880,10,0
3000000101,83650,11,0
3000000101,83872,12,0
3000000101,82098,13,1
