25001,'Semaine-03',537,,16114,100,,,0,64,,16115,100,,,0,29,,16116,100,,,0,21,,16117,100,,,0,85,,16118,100,,,0,22,,16119,100,,,0,74,,16120,100,,,0,72,,16121,100,,,0,37,,16122,100,,,0,59,,16123,100,,,0,100,,16124,100,,,0,103,,16125,100,,,0,100,,16126,100,,,0,102,,16127,100,,,0,115,,16128,100,,,0,24,,16129,100,,,0,75,,16130,100,,,0,26,,16131,100,,,0,70,,16132,100,,,0,28,,16133,100,,,0,82,,16134,100,,,0,88,,16135,100,,,0,107,,16136,100,,,0,94,,16137,100,,,0,101,,16138,100,,,0
25001,'Semaine-53',537,,13032,100,,,0,64,,13033,100,,,0,29,,13034,100,,,0,21,,13035,100,,,0,85,,13036,100,,,0,22,,13037,100,,,0,74,,13038,100,,,0,72,,13039,100,,,0,37,,13040,100,,,0,59,,13041,100,,,0,100,,13042,100,,,0,103,,13043,100,,,0,100,,13044,100,,,0,102,,13045,100,,,0,115,,13046,100,,,0,24,,13047,100,,,0,75,,13048,100,,,0,26,,13049,100,,,0,70,,13050,100,,,0,28,,13051,100,,,0,82,,13052,100,,,0,88,,13053,100,,,0,107,,13054,100,,,0,94,,13055,100,,,0,101,,13056,100,,,0
25001,'Week-end-03',712,,16157,100,,,0,99,,16141,100,,,0,30,,16144,100,,,0,99,,16151,100,,,0,70,,16152,100,,,0,101,,16143,100,,,0,30,,16146,100,,,0,100,,16154,100,,,0,70,,16155,100,,,0,100,,16142,100,,,0,29,,16153,100,,,0,100,,16145,100,,,0,71,,16150,100,,,0,101,,16156,100,,,0,30,,16147,100,,,0,100,,16148,100,,,0,70,,16140,100,,,0,101,,16149,100,,,0,30,,16158,100,,,0,101,,16139,100,,,0,70,,16159,100,,,0
25001,'Week-end-53',712,,13075,100,,,0,99,,13059,100,,,0,30,,13062,100,,,0,99,,13069,100,,,0,70,,13070,100,,,0,101,,13061,100,,,0,30,,13064,100,,,0,100,,13072,100,,,0,70,,13073,100,,,0,100,,13060,100,,,0,29,,13071,100,,,0,100,,13063,100,,,0,71,,13068,100,,,0,101,,13074,100,,,0,30,,13065,100,,,0,100,,13066,100,,,0,70,,13058,100,,,0,101,,13067,100,,,0,30,,13076,100,,,0,101,,13057,100,,,0,70,,13077,100,,,0
31700,'Semaine-03',651,,16711,60,0,11 23,0,70,,16712,60,0,11 23,0,110,,16713,60,0,11 23,0,290,,16714,60,0,11 23,0,300,,16715,60,0,11 23,0
31700,'Semaine-53',651,,13842,60,0,11 23,0,70,,13843,60,0,11 23,0,110,,13844,60,0,11 23,0,290,,13845,60,0,11 23,0,300,,13846,60,0,11 23,0
31701,'Semaine-03',1232,,16718,70,,,0,270,,16723,70,,,0,100,,16719,70,,,0,130,,16720,70,,,0,100,,16721,70,,,0,475,,16722,70,,,0
31701,'Semaine-53',1232,,13850,70,,,0,270,,13855,70,,,0,100,,13851,70,,,0,130,,13852,70,,,0,100,,13853,70,,,0,475,,13854,70,,,0
51401,'Semaine-03',527,,16742,100,,,0,95,,16743,100,,,0,34,,16744,100,,,0
51401,'Semaine-53',527,,14194,100,,,0,95,,14195,100,,,0,34,,14196,100,,,0
