25001,'Fête-1-02',724,,22201,320,,,0,99,,22185,320,,,0,30,,22188,320,,,0,99,,22195,320,,,0,70,,22196,320,,,0,101,,22187,320,,,0,30,,22190,320,,,0,100,,22198,320,,,0,70,,22199,320,,,0,100,,22186,320,,,0,29,,22197,320,,,0,100,,22189,320,,,0,71,,22194,320,,,0,101,,22200,320,,,0,30,,22191,320,,,0,100,,22192,320,,,0,70,,22184,320,,,0,101,,22193,320,,,0,30,,22202,320,,,0,101,,22183,320,,,0,70,,22203,320,,,0
25001,'Semaine-02',549,,19172,320,,,0,65,,19173,320,,,0,29,,19174,320,0,8 27 75,0,62,,19175,320,,,0,45,,19176,320,,,0,96,,19177,320,,,0,70,,19178,320,,,0,96,,19179,320,,,0,100,,19180,320,,,0,103,,19181,320,,,0,100,,19182,320,,,0,102,,19183,320,,,0,115,,19184,320,,,0,99,,19185,320,,,0,26,,19186,320,,,0,70,,19187,320,,,0,28,,19188,320,,,0,83,,19189,320,,,0,87,,19190,320,,,0,108,,19191,320,,,0,93,,19192,320,,,0,101,,19193,320,,,0
25001,'Semaine-03',549,,22204,320,,,0,65,,22205,320,,,0,29,,22206,320,0,8 27 75,0,62,,22207,320,,,0,45,,22208,320,,,0,96,,22209,320,,,0,70,,22210,320,,,0,96,,22211,320,,,0,100,,22212,320,,,0,103,,22213,320,,,0,100,,22214,320,,,0,102,,22215,320,,,0,115,,22216,320,,,0,99,,22217,320,,,0,26,,22218,320,,,0,70,,22219,320,,,0,28,,22220,320,,,0,83,,22221,320,,,0,87,,22222,320,,,0,108,,22223,320,,,0,93,,22224,320,,,0,101,,22225,320,,,0
25001,'Week-end-01',724,,19212,320,,,0,99,,19196,320,,,0,30,,19199,320,,,0,99,,19206,320,,,0,70,,19207,320,,,0,101,,19198,320,,,0,30,,19201,320,,,0,100,,19209,320,,,0,70,,19210,320,,,0,100,,19197,320,,,0,29,,19208,320,,,0,100,,19200,320,,,0,71,,19205,320,,,0,101,,19211,320,,,0,30,,19202,320,,,0,100,,19203,320,,,0,70,,19195,320,,,0,101,,19204,320,,,0,30,,19213,320,,,0,101,,19194,320,,,0,70,,19214,320,,,0
31700,'Semaine-02',700,,20276,290,,,0,30,,20277,290,,,0,110,,20278,290,,,0,290,,20279,290,,,0,300,,20280,290,,,0
31700,'Semaine-03',700,,22754,290,,,0,30,,22755,290,,,0,110,,22756,290,,,0,290,,22757,290,,,0,300,,22758,290,,,0
31701,'Semaine-02',1240,,20291,300,4,,0,270,,20296,300,4,,0,100,,20292,300,4,,0,130,,20293,300,4,,0,100,,20294,300,4,,0,475,,20295,300,4,,0
31701,'Semaine-03',1240,,22761,300,4,,0,270,,22766,300,4,,0,100,,22762,300,4,,0,130,,22763,300,4,,0,100,,22764,300,4,,0,475,,22765,300,4,,0
51401,'Semaine-02',539,,20310,320,,,0,95,,20311,320,,,0,74,,20312,320,,,0
51401,'Semaine-03',539,,22772,320,,,0,95,,22773,320,,,0,74,,22774,320,,,0
