22001,'LA-H26-LA_GTFS-Fête-1-01',809,,8,,,0,200,,5,,,0,200,,3,,,0,200,,4,,,0,200,,2,,,0,200,,7,,,0,200,,6,,,0
22001,'LA-H26-LA_GTFS-Fête-1-02',809,,16,,,0,200,,13,,,0,200,,11,,,0,200,,12,,,0,200,,10,,,0,200,,15,,,0,200,,14,,,0
22001,'LA-H26-LA_GTFS-Fête-2-02',518,,17,0,6 7,0,29,,18,0,6 7,0,67,,19,,,0,30,,20,,,0,71,,21,,,0,31,,22,,,0,71,,23,,,0,29,,24,,,0,99,,25,,,0,100,,26,,,0,100,,27,,,0,100,,28,,,0,100,,29,,,0,100,,30,,,0,100,,31,,,0,102,,32,,,0,70,,33,,,0,31,,34,,,0,70,,35,,,0,28,,36,,,0,68,,37,,,0,30,,38,,,0,100,,39,,,0,99,,40,,,0,100,,41,,,0,100,,42,0,8 20 1 21 19,0
22001,'LA-H26-LA_GTFS-Semaine-01',518,,43,0,6 7,0,29,,44,0,6 7,0,67,,45,,,0,30,,46,,,0,71,,47,,,0,31,,48,,,0,71,,49,,,0,29,,50,,,0,99,,51,,,0,100,,52,,,0,100,,53,,,0,100,,54,,,0,100,,55,,,0,100,,56,,,0,100,,57,,,0,102,,58,,,0,70,,59,,,0,31,,60,,,0,70,,61,,,0,28,,62,,,0,68,,63,,,0,30,,64,,,0,100,,65,,,0,99,,66,,,0,100,,67,,,0,100,,68,0,8 20 1 21 19,0
22001,'LA-H26-LA_GTFS-Semaine-50',518,,69,0,6 7,0,29,,70,0,6 7,0,67,,71,,,0,30,,72,,,0,71,,73,,,0,31,,74,,,0,71,,75,,,0,29,,76,,,0,99,,77,,,0,100,,78,,,0,100,,79,,,0,100,,80,,,0,100,,81,,,0,100,,82,,,0,100,,83,,,0,102,,84,,,0,70,,85,,,0,31,,86,,,0,70,,87,,,0,28,,88,,,0,68,,89,,,0,30,,90,,,0,100,,91,,,0,99,,92,,,0,100,,93,,,0,100,,94,0,8 20 1 21 19,0
22001,'LA-H26-LA_GTFS-Week-end-01',809,,102,,,0,200,,99,,,0,200,,97,,,0,200,,98,,,0,200,,96,,,0,200,,101,,,0,200,,100,,,0
22001,'LA-H26-LA_GTFS-Week-end-50',809,,110,,,0,200,,107,,,0,200,,105,,,0,200,,106,,,0,200,,104,,,0,200,,109,,,0,200,,108,,,0
22100,'LA-H26-LA_GTFS-Fête-1-01',913,,111,,,0,200,,115,,,0,200,,116,,,0,200,,117,,,0,200,,112,,,0,200,,114,,,0,200,,113,,,0
22100,'LA-H26-LA_GTFS-Fête-1-02',913,,118,,,0,200,,122,,,0,200,,123,,,0,200,,124,,,0,200,,119,,,0,200,,121,,,0,200,,120,,,0
22100,'LA-H26-LA_GTFS-Fête-2-02',534,,126,0,6 7,0,70,,127,0,6 7,0,31,,128,,,0,70,,125,,,0,31,,129,,,0,70,,130,,,0,30,,131,,,0,85,,132,,,0,100,,133,,,0,100,,134,,,0,100,,135,,,0,100,,136,,,0,100,,137,,,0,100,,138,,,0,100,,139,,,0,85,,140,,,0,30,,141,,,0,70,,142,,,0,31,,143,,,0,68,,144,,,0,30,,145,,,0,85,,146,,,0,99,,147,,,0,100,,148,,,0
22100,'LA-H26-LA_GTFS-Semaine-01',534,,150,0,6 7,0,70,,151,0,6 7,0,31,,152,,,0,70,,149,,,0,31,,153,,,0,70,,154,,,0,30,,155,,,0,85,,156,,,0,100,,157,,,0,100,,158,,,0,100,,159,,,0,100,,160,,,0,100,,161,,,0,100,,162,,,0,100,,163,,,0,85,,164,,,0,30,,165,,,0,70,,166,,,0,31,,167,,,0,68,,168,,,0,30,,169,,,0,85,,170,,,0,99,,171,,,0,100,,172,,,0
22100,'LA-H26-LA_GTFS-Semaine-50',534,,174,0,6 7,0,70,,175,0,6 7,0,31,,176,,,0,70,,173,,,0,31,,177,,,0,70,,178,,,0,30,,179,,,0,85,,180,,,0,100,,181,,,0,100,,182,,,0,100,,183,,,0,100,,184,,,0,100,,185,,,0,100,,186,,,0,100,,187,,,0,85,,188,,,0,30,,189,,,0,70,,190,,,0,31,,191,,,0,68,,192,,,0,30,,193,,,0,85,,194,,,0,99,,195,,,0,100,,196,,,0
22100,'LA-H26-LA_GTFS-Week-end-01',913,,197,,,0,200,,201,,,0,200,,202,,,0,200,,203,,,0,200,,198,,,0,200,,200,,,0,200,,199,,,0
22100,'LA-H26-LA_GTFS-Week-end-50',913,,204,,,0,200,,208,,,0,200,,209,,,0,200,,210,,,0,200,,205,,,0,200,,207,,,0,200,,206,,,0
