23101,'LA-H26-LA_GTFS-Fête-1-01',904,,1016,,,0,100,,1015,,,0,100,,1017,,,0,100,,1013,,,0,100,,1018,,,0,100,,1012,,,0,100,,1019,,,0,100,,1011,,,0,100,,1020,,,0,100,,1014,,,0,100,,1021,,,0,100,,1010,,,0,100,,1022,,,0,100,,1009,,,0
23101,'LA-H26-LA_GTFS-Fête-1-02',904,,1031,,,0,100,,1030,,,0,100,,1032,,,0,100,,1028,,,0,100,,1033,,,0,100,,1027,,,0,100,,1034,,,0,100,,1026,,,0,100,,1035,,,0,100,,1029,,,0,100,,1036,,,0,100,,1025,,,0,100,,1037,,,0,100,,1024,,,0
23101,'LA-H26-LA_GTFS-Fête-2-02',650,,1039,,,0,70,,1040,,,0,30,,1041,,,0,70,,1042,,,0,30,,1043,,,0,91,,1044,,,0,100,,1045,,,0,100,,1046,,,0,100,,1047,,,0,100,,1048,,,0,100,,1049,,,0,100,,1050,,,0,89,,1051,,,0,70,,1052,,,0,30,,1053,,,0,70,,1054,,,0,26,,1055,,,0,30,,1056,,,0,85,,1057,,,0,100,,1058,,,0,100,,1059,,,0,100,,1060,,,0
23101,'LA-H26-LA_GTFS-Semaine-01',650,,1062,,,0,70,,1063,,,0,30,,1064,,,0,70,,1065,,,0,30,,1066,,,0,91,,1067,,,0,100,,1068,,,0,100,,1069,,,0,100,,1070,,,0,100,,1071,,,0,100,,1072,,,0,100,,1073,,,0,92,,1074,,,0,67,,1075,,,0,33,,1076,,,0,67,,1077,,,0,29,,1078,,,0,27,,1079,,,0,85,,1080,,,0,100,,1081,,,0,100,,1082,,,0,100,,1083,,,0
23101,'LA-H26-LA_GTFS-Semaine-50',650,,1085,,,0,70,,1086,,,0,30,,1087,,,0,70,,1088,,,0,30,,1089,,,0,91,,1090,,,0,100,,1091,,,0,100,,1092,,,0,100,,1093,,,0,100,,1094,,,0,100,,1095,,,0,100,,1096,,,0,92,,1097,,,0,67,,1098,,,0,33,,1099,,,0,67,,1100,,,0,29,,1101,,,0,27,,1102,,,0,85,,1103,,,0,100,,1104,,,0,100,,1105,,,0,100,,1106,,,0
23101,'LA-H26-LA_GTFS-Week-end-01',904,,1115,,,0,100,,1114,,,0,100,,1116,,,0,100,,1112,,,0,100,,1117,,,0,100,,1111,,,0,100,,1118,,,0,100,,1110,,,0,100,,1119,,,0,100,,1113,,,0,100,,1120,,,0,100,,1109,,,0,100,,1121,,,0,100,,1108,,,0
23101,'LA-H26-LA_GTFS-Week-end-50',904,,1130,,,0,100,,1129,,,0,100,,1131,,,0,100,,1127,,,0,100,,1132,,,0,100,,1126,,,0,100,,1133,,,0,100,,1125,,,0,100,,1134,,,0,100,,1128,,,0,100,,1135,,,0,100,,1124,,,0,100,,1136,,,0,100,,1123,,,0
23900,'LA-H26-LA_GTFS-Fête-1-01',814,,2067,,,0,44,,2052,,,0,142,,2060,,,0,105,,2061,,,0,103,,2062,,,0,100,,2063,,,0,100,,2064,,,0,100,,2065,,,0,100,,2058,,,0,97,,2054,,,0,98,,2053,,,0,98,,2055,,,0,57,,2056,,,0,100,,2057,,,0,100,,2059,,,0
23900,'LA-H26-LA_GTFS-Fête-1-02',814,,2083,,,0,44,,2068,,,0,142,,2076,,,0,105,,2077,,,0,103,,2078,,,0,100,,2079,,,0,100,,2080,,,0,100,,2081,,,0,100,,2074,,,0,97,,2070,,,0,98,,2069,,,0,98,,2071,,,0,57,,2072,,,0,100,,2073,,,0,100,,2075,,,0
23900,'LA-H26-LA_GTFS-Fête-2-02',553,,2100,0,31 13,0,66,,2097,0,31 13,0,24,,2084,,,0,60,,2085,,,0,39,,2086,,,0,70,,2087,,,0,33,,2101,,,0,67,,2098,,,0,95,,2088,,,0,100,,2089,,,0,102,,2090,,,0,103,,2091,,,0,100,,2092,,,0,99,,2093,,,0,102,,2094,,,0,35,,2095,,,0,65,,2106,,,0,39,,2107,,,0,60,,2102,,,0,41,,2099,,,0,59,,2096,,,0,93,,2108,,,0,99,,2105,,,0,98,,2104,,,0
23900,'LA-H26-LA_GTFS-Semaine-01',553,,2125,0,31 13,0,66,,2122,0,31 13,0,26,,2109,,,0,58,,2110,,,0,39,,2111,,,0,70,,2112,,,0,33,,2126,,,0,67,,2123,,,0,95,,2113,,,0,100,,2114,,,0,102,,2115,,,0,103,,2116,,,0,100,,2117,,,0,99,,2118,,,0,102,,2119,,,0,35,,2120,,,0,65,,2131,,,0,39,,2132,,,0,60,,2127,,,0,41,,2124,,,0,61,,2121,,,0,91,,2133,,,0,99,,2130,,,0,98,,2129,,,0
23900,'LA-H26-LA_GTFS-Semaine-50',553,,2150,0,31 13,0,66,,2147,0,31 13,0,26,,2134,,,0,58,,2135,,,0,39,,2136,,,0,70,,2137,,,0,33,,2151,,,0,67,,2148,,,0,95,,2138,,,0,100,,2139,,,0,102,,2140,,,0,103,,2141,,,0,100,,2142,,,0,99,,2143,,,0,102,,2144,,,0,35,,2145,,,0,65,,2156,,,0,39,,2157,,,0,60,,2152,,,0,41,,2149,,,0,61,,2146,,,0,91,,2158,,,0,99,,2155,,,0,98,,2154,,,0
23900,'LA-H26-LA_GTFS-Week-end-01',814,,2174,,,0,44,,2159,,,0,142,,2167,,,0,105,,2168,,,0,103,,2169,,,0,100,,2170,,,0,100,,2171,,,0,100,,2172,,,0,100,,2165,,,0,97,,2161,,,0,98,,2160,,,0,98,,2162,,,0,57,,2163,,,0,100,,2164,,,0,100,,2166,,,0
23900,'LA-H26-LA_GTFS-Week-end-50',814,,2190,,,0,44,,2175,,,0,142,,2183,,,0,105,,2184,,,0,103,,2185,,,0,100,,2186,,,0,100,,2187,,,0,100,,2188,,,0,100,,2181,,,0,97,,2177,,,0,98,,2176,,,0,98,,2178,,,0,57,,2179,,,0,100,,2180,,,0,100,,2182,,,0
