23300,'Fête-1-02',838,,21641,60,,,0,200,,21643,60,,,0,200,,21639,60,,,0,200,,21644,60,,,0,200,,21642,60,,,0,200,,21640,60,,,0,200,,21637,60,,,0,200,,21638,60,0,8 41 1 42 43 44,0
23300,'Semaine-02',608,,18057,60,,,0,38,,18058,60,,,0,162,,18068,60,,,0,230,,18059,60,,,0,200,,18060,60,,,0,200,,18061,60,,,0,175,,18062,60,,,0,105,,18063,60,,,0,100,,18067,60,,,0,105,,18064,60,,,0,115,,18065,60,,,0,207,,18066,60,0,8 41 1 42 43 44,0
23300,'Semaine-03',608,,21645,60,,,0,38,,21646,60,,,0,162,,21656,60,,,0,230,,21647,60,,,0,200,,21648,60,,,0,200,,21649,60,,,0,175,,21650,60,,,0,105,,21651,60,,,0,100,,21655,60,,,0,105,,21652,60,,,0,115,,21653,60,,,0,207,,21654,60,0,8 41 1 42 43 44,0
23300,'Week-end-01',838,,18073,60,,,0,200,,18075,60,,,0,200,,18071,60,,,0,200,,18076,60,,,0,200,,18074,60,,,0,200,,18072,60,,,0,200,,18069,60,,,0,200,,18070,60,0,8 41 1 42 43 44,0
23400,'Fête-1-02',938,,21662,60,,,0,200,,21660,60,,,0,200,,21657,60,,,0,200,,21659,60,,,0,200,,21658,60,,,0,200,,21663,60,,,0,200,,21661,60,,,0
23400,'Semaine-02',627,,18099,60,,,0,106,,18112,60,,,0,103,,18100,60,,,0,102,,18101,60,,,0,200,,18102,60,,,0,200,,18103,60,,,0,200,,18104,60,,,0,108,,18105,60,,,0,102,,18106,60,,,0,98,,18111,60,,,0,92,,18107,60,,,0,200,,18108,60,,,0
23400,'Semaine-03',627,,21665,60,,,0,106,,21678,60,,,0,103,,21666,60,,,0,102,,21667,60,,,0,200,,21668,60,,,0,200,,21669,60,,,0,200,,21670,60,,,0,108,,21671,60,,,0,102,,21672,60,,,0,98,,21677,60,,,0,92,,21673,60,,,0,200,,21674,60,,,0
23400,'Week-end-01',938,,18118,60,,,0,200,,18116,60,,,0,200,,18113,60,,,0,200,,18115,60,,,0,200,,18114,60,,,0,200,,18119,60,,,0,200,,18117,60,,,0
23900,'Fête-1-02',837,,21861,60,,,0,101,,21869,60,,,0,100,,21870,60,,,0,100,,21871,60,,,0,100,,21872,60,,,0,100,,21873,60,,,0,100,,21874,60,,,0,100,,21867,60,,,0,100,,21863,60,,,0,100,,21862,60,,,0,100,,21864,60,,,0,99,,21865,60,,,0,100,,21866,60,,,0,100,,21868,60,,,0,100,,21875,60,0,8 35 1 36,0
23900,'Semaine-02',624,,18526,60,,,0,20,,18550,60,,,0,68,,18527,60,,,0,27,,18528,60,,,0,69,,18542,60,,,0,30,,18539,60,,,0,100,,18529,60,,,0,100,,18530,60,,,0,99,,18531,60,,,0,101,,18532,60,,,0,100,,18533,60,,,0,100,,18534,60,,,0,100,,18535,60,,,0,75,,18536,60,,,0,35,,18547,60,,,0,80,,18548,60,,,0,19,,18543,60,,,0,76,,18540,60,,,0,22,,18537,60,,,0,78,,18549,60,,,0,114,,18546,60,,,0,100,,18545,60,,,0,107,,18544,60,0,8 35 1 36,0
23900,'Semaine-03',624,,21877,60,,,0,20,,21901,60,,,0,68,,21878,60,,,0,27,,21879,60,,,0,69,,21893,60,,,0,30,,21890,60,,,0,100,,21880,60,,,0,100,,21881,60,,,0,99,,21882,60,,,0,101,,21883,60,,,0,100,,21884,60,,,0,100,,21885,60,,,0,100,,21886,60,,,0,75,,21887,60,,,0,35,,21898,60,,,0,80,,21899,60,,,0,19,,21894,60,,,0,76,,21891,60,,,0,22,,21888,60,,,0,78,,21900,60,,,0,114,,21897,60,,,0,100,,21896,60,,,0,107,,21895,60,0,8 35 1 36,0
23900,'Week-end-01',837,,18551,60,,,0,101,,18559,60,,,0,100,,18560,60,,,0,100,,18561,60,,,0,100,,18562,60,,,0,100,,18563,60,,,0,100,,18564,60,,,0,100,,18557,60,,,0,100,,18553,60,,,0,100,,18552,60,,,0,100,,18554,60,,,0,99,,18555,60,,,0,100,,18556,60,,,0,100,,18558,60,,,0,100,,18565,60,0,8 35 1 36,0
