800,81000,1,0
800,82829,2,0
800,82402,3,0
800,82403,4,0
800,82406,5,0
800,82410,6,0
800,82412,7,0
800,82414,8,0
800,82417,9,0
800,80015,10,0
800,82127,11,1
801,82127,1,0
801,80015,2,0
801,81031,3,0
801,82377,4,0
801,82380,5,0
801,82382,6,0
801,82384,7,0
801,82388,8,0
801,82392,9,0
801,82393,10,0
801,82395,11,0
801,81000,12,1
900,80426,1,0
900,80400,2,0
900,80401,3,0
900,80402,4,0
900,80403,5,0
900,80876,6,0
900,80404,7,0
900,80405,8,0
900,80406,9,0
900,80878,10,0
900,80407,11,0
900,80879,12,0
900,80408,13,0
900,80797,14,0
900,80798,15,0
900,80409,16,0
900,80410,17,0
900,80411,18,0
900,80501,19,0
900,80588,20,0
900,80971,21,0
900,82522,22,0
900,80985,23,0
900,80986,24,0
900,80987,25,0
900,80974,26,0
900,82526,27,0
900,82527,28,0
900,82528,29,0
900,82521,30,0
900,82529,31,0
900,82530,32,0
900,82531,33,0
900,82532,34,0
900,82533,35,0
900,82534,36,0
900,82535,37,0
900,82536,38,0
900,82537,39,0
900,82538,40,0
900,83151,41,0
900,82539,42,0
900,82810,43,0
900,82540,44,0
900,82541,45,0
900,82542,46,0
900,82543,47,0
900,82544,48,0
900,82545,49,0
900,82546,50,0
900,82547,51,0
900,82548,52,0
900,82549,53,0
900,82553,54,0
900,82551,55,0
900,82552,56,0
900,82554,57,0
900,82555,58,0
900,82556,59,0
900,82557,60,0
900,82558,61,0
900,82559,62,0
900,82116,63,0
900,82117,64,0
900,82118,65,0
900,82119,66,0
900,82120,67,0
900,82121,68,0
900,82122,69,0
900,82123,70,0
900,82124,71,0
900,82125,72,0
900,82035,73,0
900,82263,74,0
900,82264,75,0
900,82127,76,1
901,82127,1,0
901,82515,2,0
901,82338,3,0
901,82987,4,0
901,82035,5,0
901,82072,6,0
901,82073,7,0
901,82074,8,0
901,82075,9,0
901,82076,10,0
901,82077,11,0
901,82078,12,0
901,82079,13,0
901,82080,14,0
901,82081,15,0
901,82480,16,0
901,82481,17,0
901,82482,18,0
901,82483,19,0
901,82484,20,0
901,82485,21,0
901,82486,22,0
901,82487,23,0
901,82488,24,0
901,82489,25,0
901,82490,26,0
901,82491,27,0
901,82492,28,0
901,82493,29,0
901,82494,30,0
901,82495,31,0
901,82496,32,0
901,82497,33,0
901,82498,34,0
901,82499,35,0
901,82500,36,0
901,82501,37,0
901,82502,38,0
901,82518,39,0
901,82503,40,0
901,82504,41,0
901,82505,42,0
901,82506,43,0
901,82507,44,0
901,82508,45,0
901,82509,46,0
901,82510,47,0
901,82511,48,0
901,82512,49,0
901,82520,50,0
901,80436,51,0
901,80435,52,0
901,80975,53,0
901,80976,54,0
901,82516,55,0
901,80978,56,0
901,80979,57,0
901,80944,58,0
901,80501,59,0
901,80440,60,0
901,82759,61,0
901,80413,62,0
901,80796,63,0
901,80797,64,0
901,80798,65,0
901,80414,66,0
901,80415,67,0
901,80416,68,0
901,80417,69,0
901,80418,70,0
901,80419,71,0
901,80484,72,0
901,80485,73,0
901,80795,74,0
901,80422,75,0
901,80423,76,0
901,80424,77,0
901,80425,78,0
901,80426,79,1
1100,82035,1,0
1100,82830,2,0
1100,82209,3,0
1100,82284,4,0
1100,82210,5,0
1100,82211,6,0
1100,82603,7,0
1100,82604,8,0
1100,82597,9,0
1100,82605,10,0
1100,82039,11,0
1100,82040,12,0
1100,82041,13,0
1100,82607,14,0
1100,82608,15,0
1100,82609,16,0
1100,82610,17,0
1100,82611,18,0
1100,82612,19,0
1100,82613,20,0
1100,82614,21,0
1100,82615,22,0
1100,82616,23,1
1101,82562,1,0
1101,82587,2,0
1101,82588,3,0
1101,82589,4,0
1101,82590,5,0
1101,82591,6,0
1101,82592,7,0
1101,82593,8,0
1101,82594,9,0
1101,82029,10,0
1101,82030,11,0
1101,82606,12,0
1101,82597,13,0
1101,83083,14,0
1101,82819,15,0
1101,82260,16,0
1101,82525,17,0
1101,82862,18,0
1101,82261,19,0
1101,82262,20,0
1101,82035,21,1
1200,82617,1,0
1200,82792,2,0
1200,82618,3,0
1200,82619,4,0
1200,82514,5,0
1200,82471,6,0
1200,82472,7,0
1200,82747,8,0
1200,82748,9,0
1200,82749,10,0
1200,82750,11,0
1200,82751,12,0
1200,82752,13,0
1200,82753,14,0
1200,82848,15,0
1200,82754,16,0
1200,82755,17,0
1200,83135,18,0
1200,83136,19,0
1200,83137,20,0
1200,83138,21,0
1200,83139,22,0
1200,83140,23,0
1200,82756,24,0
1200,82757,25,0
1200,82758,26,0
1200,82958,27,0
1200,82621,28,0
1200,82429,29,0
1200,83141,30,0
1200,83142,31,0
1200,83143,32,1
1201,83144,1,0
1201,83145,2,0
1201,83146,3,0
1201,83147,4,0
1201,82476,5,0
1201,82996,6,0
1201,82734,7,0
1201,82735,8,0
1201,82736,9,0
1201,83135,10,0
1201,83136,11,0
1201,83137,12,0
1201,83138,13,0
1201,83139,14,0
1201,83140,15,0
1201,82737,16,0
1201,82738,17,0
1201,82847,18,0
1201,82739,19,0
1201,82740,20,0
1201,82741,21,0
1201,82742,22,0
1201,82743,23,0
1201,82744,24,0
1201,82745,25,0
1201,82746,26,0
1201,82433,27,0
1201,82434,28,0
1201,82620,29,0
1201,83154,30,0
1201,82628,31,0
1201,82629,32,0
1201,82630,33,0
1201,82024,34,1
1500,82895,1,0
1500,82896,2,0
1500,82897,3,0
1500,82898,4,0
1500,82899,5,0
1500,82900,6,0
1500,82901,7,0
1500,82852,8,0
1500,82853,9,0
1500,82042,10,0
1500,83106,11,0
1500,82043,12,0
1500,82044,13,0
1500,82902,14,0
1500,82903,15,0
1500,82904,16,0
1500,82905,17,0
1500,82906,18,0
1500,82907,19,0
1500,82908,20,0
1500,82909,21,0
1500,82910,22,0
1500,82045,23,0
1500,82617,24,1
1501,82617,1,0
1501,82025,2,0
1501,82902,3,0
1501,82903,4,0
1501,82904,5,0
1501,82905,6,0
1501,82906,7,0
1501,82907,8,0
1501,82908,9,0
1501,82909,10,0
1501,82910,11,0
1501,82027,12,0
1501,83107,13,0
1501,82028,14,0
1501,82368,15,0
1501,82369,16,0
1501,82911,17,0
1501,82912,18,0
1501,82913,19,0
1501,82914,20,0
1501,82915,21,0
1501,82916,22,0
1501,82917,23,1
1700,82617,1,0
1700,82047,2,0
1700,82048,3,0
1700,82049,4,0
1700,82050,5,0
1700,82051,6,0
1700,82052,7,0
1700,82053,8,0
1700,82054,9,0
1700,82055,10,0
1700,82056,11,0
1700,82057,12,0
1700,82440,13,0
1700,82058,14,0
1700,82468,15,0
1700,82720,16,0
1700,82761,17,0
1700,82762,18,0
1700,82721,19,0
1700,82722,20,0
1700,82763,21,0
1700,82764,22,0
1700,82765,23,0
1700,82436,24,0
1700,82437,25,0
1700,82438,26,0
1700,82059,27,0
1700,82060,28,0
1700,82061,29,0
1700,82062,30,0
1700,82007,31,0
1700,82065,32,0
1700,82066,33,0
1700,82067,34,0
1700,82068,35,0
1700,82069,36,0
1700,82854,37,0
1700,82070,38,0
1700,82867,39,0
1700,82071,40,1
1701,82000,1,0
1701,82001,2,0
1701,82868,3,0
1701,82855,4,0
1701,82002,5,0
1701,82003,6,0
1701,82004,7,0
1701,82005,8,0
1701,82006,9,0
1701,82064,10,0
1701,82009,11,0
1701,82010,12,0
1701,82011,13,0
1701,82012,14,0
1701,82013,15,0
1701,82468,16,0
1701,82720,17,0
1701,82761,18,0
1701,82762,19,0
1701,82721,20,0
1701,82722,21,0
1701,82763,22,0
1701,82764,23,0
1701,82765,24,0
1701,82436,25,0
1701,82437,26,0
1701,82438,27,0
1701,82439,28,0
1701,82014,29,0
1701,82766,30,0
1701,82015,31,0
1701,82016,32,0
1701,82712,33,0
1701,82017,34,0
1701,82018,35,0
1701,82019,36,0
1701,82020,37,0
1701,82021,38,0
1701,82022,39,0
1701,82023,40,0
1701,82024,41,1
2000,82617,1,0
2000,82781,2,0
2000,82782,3,0
2000,82783,4,0
2000,82784,5,0
2000,82785,6,0
2000,82786,7,0
2000,82787,8,0
2000,82788,9,0
2000,82789,10,0
2000,82790,11,0
2000,82791,12,0
2000,82792,13,0
2000,82465,14,0
2000,82466,15,0
2000,82879,16,0
2000,83148,17,0
2000,82880,18,0
2000,82881,19,0
2000,82882,20,0
2000,82883,21,0
2000,82884,22,0
2000,82885,23,0
2000,82886,24,0
2000,82887,25,1
2001,82869,1,0
2001,82870,2,0
2001,82871,3,0
2001,82872,4,0
2001,82873,5,0
2001,82874,6,0
2001,82875,7,0
2001,82876,8,0
2001,82877,9,0
2001,82878,10,0
2001,82443,11,0
2001,82444,12,0
2001,82768,13,0
2001,82769,14,0
2001,82770,15,0
2001,82771,16,0
2001,82772,17,0
2001,82773,18,0
2001,82774,19,0
2001,82775,20,0
2001,82776,21,0
2001,82777,22,0
2001,82778,23,0
2001,82024,24,1
2200,82035,1,0
2200,82843,2,0
2200,82036,3,0
2200,82037,4,0
2200,82038,5,0
2200,82039,6,0
2200,82040,7,0
2200,82041,8,0
2200,82042,9,0
2200,83106,10,0
2200,82043,11,0
2200,82044,12,0
2200,82045,13,0
2200,82046,14,0
2200,82047,15,0
2200,82048,16,0
2200,82049,17,0
2200,82050,18,0
2200,82051,19,0
2200,82052,20,0
2200,82053,21,0
2200,82054,22,0
2200,82055,23,0
2200,82056,24,0
2200,82057,25,0
2200,82440,26,0
2200,82058,27,0
2200,82059,28,0
2200,82060,29,0
2200,82061,30,0
2200,82062,31,0
2200,82007,32,0
2200,82065,33,0
2200,82066,34,0
2200,82067,35,0
2200,82068,36,0
2200,82069,37,0
2200,82854,38,0
2200,82070,39,0
2200,82867,40,0
2200,82071,41,1
2201,82000,1,0
2201,82001,2,0
2201,82868,3,0
2201,82855,4,0
2201,82002,5,0
2201,82003,6,0
2201,82004,7,0
2201,82005,8,0
2201,82006,9,0
2201,82064,10,0
2201,82009,11,0
2201,82010,12,0
2201,82011,13,0
2201,82012,14,0
2201,82013,15,0
2201,82439,16,0
2201,82014,17,0
2201,82766,18,0
2201,82015,19,0
2201,82016,20,0
2201,82712,21,0
2201,82017,22,0
2201,82018,23,0
2201,82019,24,0
2201,82020,25,0
2201,82021,26,0
2201,82022,27,0
2201,82023,28,0
2201,82024,29,0
2201,82025,30,0
2201,82026,31,0
2201,82027,32,0
2201,83107,33,0
2201,82028,34,0
2201,82029,35,0
2201,82030,36,0
2201,82031,37,0
2201,82032,38,0
2201,82033,39,0
2201,82034,40,0
2201,82844,41,0
2201,82035,42,1
2300,82035,1,0
2300,82072,2,0
2300,82073,3,0
2300,82074,4,0
2300,82075,5,0
2300,82076,6,0
2300,82077,7,0
2300,82078,8,0
2300,82079,9,0
2300,82080,10,0
2300,82081,11,0
2300,82082,12,0
2300,82083,13,0
2300,82084,14,0
2300,82946,15,0
2300,82893,16,0
2300,83040,17,0
2300,82085,18,0
2300,82086,19,0
2300,82087,20,0
2300,82088,21,0
2300,82089,22,0
2300,82090,23,0
2300,82091,24,0
2300,82092,25,0
2300,82093,26,0
2300,82094,27,0
2300,82095,28,0
2300,82096,29,0
2300,83172,30,0
2300,83173,31,0
2300,83174,32,0
2300,83175,33,0
2300,83176,34,0
2300,83177,35,0
2300,83178,36,0
2300,83179,37,0
2300,83180,38,0
2300,83181,39,0
2300,83182,40,0
2300,83183,41,0
2300,83184,42,0
2300,83185,43,0
2300,83186,44,0
2300,83187,45,0
2300,83188,46,0
2300,83189,47,0
2300,83190,48,0
2300,83191,49,0
2300,83192,50,0
2300,83193,51,0
2300,83197,52,1
2301,83156,1,0
2301,83157,2,0
2301,83158,3,0
2301,83159,4,0
2301,83160,5,0
2301,83161,6,0
2301,83162,7,0
2301,83163,8,0
2301,83164,9,0
2301,82099,10,0
2301,82811,11,0
2301,82812,12,0
2301,82813,13,0
2301,82814,14,0
2301,82815,15,0
2301,83165,16,0
2301,83166,17,0
2301,83167,18,0
2301,83168,19,0
2301,83169,20,0
2301,83170,21,0
2301,83171,22,0
2301,82818,23,0
2301,82101,24,0
2301,82102,25,0
2301,82103,26,0
2301,82104,27,0
2301,82105,28,0
2301,82138,29,0
2301,82106,30,0
2301,82107,31,0
2301,82108,32,0
2301,82109,33,0
2301,82110,34,0
2301,82111,35,0
2301,82112,36,0
2301,83120,37,0
2301,82894,38,0
2301,82947,39,0
2301,82113,40,0
2301,82114,41,0
2301,82115,42,0
2301,82116,43,0
2301,82117,44,0
2301,82118,45,0
2301,82119,46,0
2301,82120,47,0
2301,82121,48,0
2301,82122,49,0
2301,82123,50,0
2301,82124,51,0
2301,82125,52,0
2301,82035,53,1
2400,83156,1,0
2400,83157,2,0
2400,83158,3,0
2400,83159,4,0
2400,83160,5,0
2400,83161,6,0
2400,83162,7,0
2400,83163,8,0
2400,83164,9,0
2400,82099,10,0
2400,82811,11,0
2400,82812,12,0
2400,82813,13,0
2400,82814,14,0
2400,82815,15,0
2400,83165,16,0
2400,83166,17,0
2400,83167,18,0
2400,83168,19,0
2400,83169,20,0
2400,83170,21,0
2400,83171,22,0
2400,82818,23,0
2400,82101,24,0
2400,82102,25,0
2400,82103,26,0
2400,82104,27,0
2400,82105,28,0
2400,82138,29,0
2400,82107,30,0
2400,82108,31,0
2400,82137,32,0
2400,82109,33,0
2400,82110,34,0
2400,82111,35,0
2400,84038,36,0
2400,82602,37,0
2400,82139,38,0
2400,82962,39,0
2400,82715,40,0
2400,82141,41,0
2400,82142,42,0
2400,82131,43,0
2400,82144,44,0
2400,82145,45,0
2400,82008,46,0
2400,83708,47,0
2400,83710,48,0
2400,83732,49,0
2400,83706,50,0
2400,82126,51,1
2401,82126,1,0
2401,83705,2,0
2401,83731,3,0
2401,83709,4,0
2401,83707,5,0
2401,82063,6,0
2401,82128,7,0
2401,82130,8,0
2401,82143,9,0
2401,82132,10,0
2401,82133,11,0
2401,82134,12,0
2401,82963,13,0
2401,82135,14,0
2401,82397,15,0
2401,82993,16,0
2401,82086,17,0
2401,82087,18,0
2401,82088,19,0
2401,82089,20,0
2401,82137,21,0
2401,82090,22,0
2401,82091,23,0
2401,82093,24,0
2401,82094,25,0
2401,82095,26,0
2401,82096,27,0
2401,83172,28,0
2401,83173,29,0
2401,83174,30,0
2401,83175,31,0
2401,83176,32,0
2401,83177,33,0
2401,83178,34,0
2401,83179,35,0
2401,83180,36,0
2401,83181,37,0
2401,83182,38,0
2401,83183,39,0
2401,83184,40,0
2401,83185,41,0
2401,83186,42,0
2401,83187,43,0
2401,83188,44,0
2401,83189,45,0
2401,83190,46,0
2401,83191,47,0
2401,83192,48,0
2401,83193,49,0
2401,83197,50,1
2700,82035,1,0
2700,82843,2,0
2700,82036,3,0
2700,82037,4,0
2700,82804,5,0
2700,82455,6,0
2700,82456,7,0
2700,82457,8,0
2700,82458,9,0
2700,82459,10,0
2700,82460,11,0
2700,82461,12,0
2700,82462,13,0
2700,82463,14,0
2700,82464,15,0
2700,82465,16,0
2700,82466,17,0
2700,82467,18,0
2700,82057,19,0
2700,82440,20,0
2700,82058,21,0
2700,82468,22,0
2700,82366,23,0
2700,82470,24,0
2700,82471,25,0
2700,82472,26,0
2700,82473,27,0
2700,82474,28,0
2700,82475,29,0
2700,82476,30,0
2700,82477,31,0
2700,82478,32,0
2700,82479,33,0
2700,82141,34,0
2700,82142,35,0
2700,82131,36,0
2700,82144,37,0
2700,82145,38,0
2700,82008,39,1
2701,82063,1,0
2701,82128,2,0
2701,82130,3,0
2701,82143,4,0
2701,82132,5,0
2701,82133,6,0
2701,82134,7,0
2701,82425,8,0
2701,82426,9,0
2701,82427,10,0
2701,82428,11,0
2701,82429,12,0
2701,82430,13,0
2701,82431,14,0
2701,82432,15,0
2701,82433,16,0
2701,82434,17,0
2701,82435,18,0
2701,82436,19,0
2701,82437,20,0
2701,82438,21,0
2701,82439,22,0
2701,82014,23,0
2701,82441,24,0
2701,82442,25,0
2701,82443,26,0
2701,82444,27,0
2701,82445,28,0
2701,82446,29,0
2701,82447,30,0
2701,82448,31,0
2701,82449,32,0
2701,82450,33,0
2701,82451,34,0
2701,82452,35,0
2701,82453,36,0
2701,82454,37,0
2701,82033,38,0
2701,82034,39,0
2701,82844,40,0
2701,82035,41,1
2800,85509,1,0
2800,85511,2,0
2800,85532,3,0
2800,84035,4,0
2800,84036,5,0
2800,84037,6,0
2800,84256,7,0
2800,84258,8,0
2800,82110,9,0
2800,82111,10,0
2800,84038,11,0
2800,85533,12,0
2800,85534,13,0
2800,85551,14,0
2800,85779,15,0
2800,85514,16,0
2800,85515,17,0
2800,85516,18,0
2800,85529,19,0
2800,85517,20,0
2800,82962,21,0
2800,82715,22,0
2800,82141,23,0
2800,82142,24,0
2800,82131,25,0
2800,82144,26,0
2800,82145,27,0
2800,82008,28,0
2800,82126,29,1
2801,82126,1,0
2801,82063,2,0
2801,82128,3,0
2801,82130,4,0
2801,82143,5,0
2801,82132,6,0
2801,82133,7,0
2801,82134,8,0
2801,82963,9,0
2801,82135,10,0
2801,85530,11,0
2801,85503,12,0
2801,85504,13,0
2801,85505,14,0
2801,85778,15,0
2801,85506,16,0
2801,85542,17,0
2801,85543,18,0
2801,85544,19,0
2801,82086,20,0
2801,82087,21,0
2801,85545,22,0
2801,85546,23,0
2801,85547,24,0
2801,85548,25,0
2801,85549,26,0
2801,85550,27,0
2801,85510,28,0
2801,85508,29,0
2801,85509,30,1
5101,82035,1,0
5101,82072,2,0
5101,82073,3,0
5101,82074,4,0
5101,82075,5,0
5101,82076,6,0
5101,82121,7,0
5101,83005,8,0
5101,83006,9,0
5101,83007,10,0
5101,83008,11,0
5101,83009,12,0
5101,83010,13,0
5101,83108,14,0
5101,83109,15,0
5101,83000,16,0
5101,83001,17,0
5101,83002,18,0
5101,83110,19,0
5101,83111,20,0
5101,83112,21,0
5101,83113,22,0
5101,83114,23,0
5101,83031,24,0
5101,83032,25,0
5101,82725,26,0
5101,82726,27,0
5101,83075,28,0
5101,82233,29,0
5101,82234,30,0
5101,82235,31,0
5101,82236,32,0
5101,82237,33,0
5101,83115,34,0
5101,82239,35,0
5101,82517,36,0
5101,82519,37,0
5101,82523,38,0
5101,82243,39,0
5101,82244,40,0
5101,82245,41,0
5101,82246,42,0
5101,82247,43,0
5101,82248,44,0
5101,82249,45,0
5101,82250,46,0
5101,82251,47,0
5101,82252,48,0
5101,82253,49,0
5101,82254,50,0
5101,82255,51,0
5101,82259,52,0
5101,82256,53,0
5101,82808,54,0
5101,82257,55,0
5101,82727,56,0
5101,82266,57,0
5101,82267,58,0
5101,82268,59,0
5101,83195,60,0
5101,82269,61,0
5101,82260,62,0
5101,82525,63,0
5101,82862,64,0
5101,82261,65,0
5101,82262,66,1
5201,82035,1,0
5201,82830,2,0
5201,82209,3,0
5201,82284,4,0
5201,82210,5,0
5201,82211,6,0
5201,83022,7,0
5201,83194,8,0
5201,83023,9,0
5201,83024,10,0
5201,83025,11,0
5201,83026,12,0
5201,83027,13,0
5201,83028,14,0
5201,82807,15,0
5201,82214,16,0
5201,82265,17,0
5201,82215,18,0
5201,83029,19,0
5201,82216,20,0
5201,82217,21,0
5201,82218,22,0
5201,82219,23,0
5201,82220,24,0
5201,82964,25,0
5201,82221,26,0
5201,82222,27,0
5201,82223,28,0
5201,82224,29,0
5201,82225,30,0
5201,82226,31,0
5201,82227,32,0
5201,82228,33,0
5201,82229,34,0
5201,83030,35,0
5201,82856,36,0
5201,83031,37,0
5201,83032,38,0
5201,82725,39,0
5201,82726,40,0
5201,83033,41,0
5201,83034,42,0
5201,82273,43,0
5201,82728,44,0
5201,82729,45,0
5201,82730,46,0
5201,82235,47,0
5201,82236,48,0
5201,82237,49,0
5201,83035,50,0
5201,83036,51,0
5201,83037,52,0
5201,83038,53,0
5201,82949,54,0
5201,82241,55,0
5201,82242,56,0
5201,82731,57,0
5201,82270,58,0
5201,82271,59,0
5201,82272,60,0
5201,83039,61,0
5201,82679,62,0
5201,82681,63,0
5201,82682,64,0
5201,82277,65,0
5201,82278,66,0
5201,82279,67,0
5201,82122,68,0
5201,82123,69,0
5201,82124,70,0
5201,82125,71,1
5900,83000,1,0
5900,83001,2,0
5900,83002,3,0
5900,82524,4,0
5900,82948,5,0
5900,82733,6,0
5900,82998,7,0
5900,82725,8,0
5900,82517,9,0
5900,82519,10,0
5900,82523,11,0
5900,82243,12,0
5900,82244,13,0
5900,82245,14,0
5900,82246,15,0
5900,82247,16,0
5900,82248,17,0
5900,82249,18,0
5900,82250,19,0
5900,82251,20,0
5900,83004,21,0
5900,82127,22,1
5901,82127,1,0
5901,83003,2,0
5901,82218,3,0
5901,82219,4,0
5901,82220,5,0
5901,82964,6,0
5901,82221,7,0
5901,82222,8,0
5901,82223,9,0
5901,82224,10,0
5901,82225,11,0
5901,82226,12,0
5901,82227,13,0
5901,82228,14,0
5901,82229,15,0
5901,82230,16,0
5901,82997,17,0
5901,82240,18,0
5901,82949,19,0
5901,82241,20,0
5901,82242,21,0
5901,82731,22,0
5901,83004,23,0
5901,83000,24,1
6000,82035,1,0
6000,82843,2,0
6000,82036,3,0
6000,82037,4,0
6000,82285,5,0
6000,82286,6,0
6000,82287,7,0
6000,82288,8,0
6000,82289,9,0
6000,82075,10,0
6000,82076,11,0
6000,82178,12,0
6000,82179,13,0
6000,82180,14,0
6000,82181,15,0
6000,82182,16,0
6000,82183,17,0
6000,82290,18,0
6000,82341,19,0
6000,82340,20,0
6000,82291,21,0
6000,82292,22,0
6000,82293,23,0
6000,82294,24,0
6000,82295,25,0
6000,82296,26,0
6000,82297,27,0
6000,82298,28,0
6000,82299,29,0
6000,82300,30,0
6000,82301,31,0
6000,82302,32,0
6000,82342,33,0
6000,82304,34,0
6000,82305,35,0
6000,82315,36,0
6000,82078,37,0
6000,82079,38,0
6000,82080,39,0
6000,82307,40,0
6000,82308,41,0
6000,82309,42,0
6000,82310,43,0
6000,82311,44,1
6001,82311,1,0
6001,82312,2,0
6001,82313,3,0
6001,82314,4,0
6001,82117,5,0
6001,82118,6,0
6001,82119,7,0
6001,82306,8,0
6001,82316,9,0
6001,82317,10,0
6001,82318,11,0
6001,82319,12,0
6001,82320,13,0
6001,82321,14,0
6001,82323,15,0
6001,82324,16,0
6001,82325,17,0
6001,82326,18,0
6001,82327,19,0
6001,82328,20,0
6001,82329,21,0
6001,82330,22,0
6001,82331,23,0
6001,82303,24,0
6001,82595,25,0
6001,82732,26,0
6001,82174,27,0
6001,83121,28,0
6001,82176,29,0
6001,82177,30,0
6001,82821,31,0
6001,82121,32,0
6001,82332,33,0
6001,82333,34,0
6001,82334,35,0
6001,82335,36,0
6001,82336,37,0
6001,82337,38,0
6001,82033,39,0
6001,82034,40,0
6001,82844,41,0
6001,82035,42,1
6100,82035,1,0
6100,82072,2,0
6100,82951,3,0
6100,82959,4,0
6100,82335,5,0
6100,82336,6,0
6100,82343,7,0
6100,82344,8,0
6100,83155,9,0
6100,82345,10,0
6100,82346,11,0
6100,82347,12,0
6100,82348,13,0
6100,82349,14,0
6100,82350,15,0
6100,82351,16,0
6100,82352,17,0
6100,82353,18,0
6100,82354,19,0
6100,82355,20,0
6100,82356,21,0
6100,82357,22,0
6100,82358,23,0
6100,82359,24,0
6100,82360,25,0
6100,82361,26,0
6100,82362,27,0
6100,82363,28,0
6100,82938,29,0
6100,82364,30,0
6100,82365,31,0
6100,82310,32,0
6100,82311,33,0
6100,82312,34,0
6100,82313,35,0
6100,82314,36,0
6100,82307,37,0
6100,82952,38,0
6100,82953,39,0
6100,82982,40,0
6100,82954,41,0
6100,82988,42,1
6200,82035,1,0
6200,82072,2,0
6200,82073,3,0
6200,82074,4,0
6200,82075,5,0
6200,82076,6,0
6200,82077,7,0
6200,82306,8,0
6200,82316,9,0
6200,82317,10,0
6200,82318,11,0
6200,82319,12,0
6200,82320,13,0
6200,82321,14,0
6200,82322,15,0
6200,82323,16,0
6200,82324,17,0
6200,82325,18,0
6200,82326,19,0
6200,82327,20,0
6200,82328,21,0
6200,82329,22,0
6200,82330,23,0
6200,82331,24,0
6200,82174,25,0
6200,83121,26,0
6200,82176,27,0
6200,82177,28,0
6200,82821,29,0
6200,82121,30,0
6200,82122,31,0
6200,82123,32,0
6200,82124,33,0
6200,82125,34,1
7001,82989,1,0
7001,83041,2,0
7001,83042,3,0
7001,83043,4,0
7001,83044,5,0
7001,83045,6,0
7001,83198,7,0
7001,83046,8,0
7001,83047,9,0
7001,83048,10,0
7001,83049,11,0
7001,83050,12,0
7001,83051,13,0
7001,83052,14,0
7001,83053,15,0
7001,83054,16,0
7001,83055,17,0
7001,82539,18,0
7001,82810,19,0
7001,82540,20,0
7001,83056,21,0
7001,83057,22,0
7001,83058,23,0
7001,83059,24,0
7001,83060,25,0
7001,83061,26,0
7001,83062,27,0
7001,83063,28,0
7001,83064,29,0
7001,83065,30,0
7001,83066,31,0
7001,83067,32,0
7001,83068,33,0
7001,83069,34,0
7001,83070,35,0
7001,83071,36,0
7001,83072,37,0
7001,83073,38,0
7001,83074,39,0
7001,83076,40,0
7001,83077,41,0
7001,83078,42,0
7001,83079,43,0
7001,83080,44,0
7001,83081,45,1
7101,82560,1,0
7101,82561,2,0
7101,82487,3,0
7101,82488,4,0
7101,82489,5,0
7101,82490,6,0
7101,82491,7,0
7101,82492,8,0
7101,82493,9,0
7101,82494,10,0
7101,82495,11,0
7101,82496,12,0
7101,82497,13,0
7101,82498,14,0
7101,82499,15,0
7101,82500,16,0
7101,82501,17,0
7101,82502,18,0
7101,82518,19,0
7101,82601,20,0
7101,82577,21,0
7101,82578,22,0
7101,82579,23,0
7101,82580,24,0
7101,82581,25,0
7101,82582,26,0
7101,82820,27,0
7101,82583,28,0
7101,82584,29,0
7101,82585,30,0
7101,83085,31,0
7101,83086,32,0
7101,83087,33,0
7101,83088,34,0
7101,83089,35,0
7101,103315,36,1
7201,82560,1,0
7201,82561,2,0
7201,83090,3,0
7201,83091,4,0
7201,83092,5,0
7201,83093,6,0
7201,83094,7,0
7201,83095,8,0
7201,83096,9,0
7201,83097,10,0
7201,83098,11,0
7201,83099,12,0
7201,83100,13,0
7201,83101,14,0
7201,83102,15,0
7201,83103,16,0
7201,83104,17,0
7201,82566,18,0
7201,82567,19,0
7201,82568,20,0
7201,82569,21,0
7201,82570,22,0
7201,82571,23,0
7201,82572,24,0
7201,82574,25,0
7201,82575,26,0
7201,82573,27,0
7201,82576,28,0
7201,82541,29,0
7201,82542,30,0
7201,82543,31,0
7201,82544,32,0
7201,82545,33,0
7201,82546,34,0
7201,82547,35,0
7201,82548,36,0
7201,82549,37,0
7201,82553,38,0
7201,82551,39,0
7201,82552,40,0
7201,83081,41,1
7300,82035,1,0
7300,82843,2,0
7300,82036,3,0
7300,82037,4,0
7300,82845,5,0
7300,82685,6,0
7300,82686,7,0
7300,82687,8,0
7300,82688,9,0
7300,82690,10,0
7300,82689,11,0
7300,82691,12,0
7300,82692,13,0
7300,82693,14,0
7300,82694,15,0
7300,82695,16,0
7300,82696,17,0
7300,82697,18,0
7300,82698,19,0
7300,82699,20,0
7300,82700,21,0
7300,82701,22,0
7300,82702,23,0
7300,82703,24,0
7300,82704,25,0
7300,82705,26,0
7300,82706,27,0
7300,82707,28,0
7300,82708,29,0
7300,82709,30,0
7300,82846,31,0
7300,82710,32,0
7300,82033,33,0
7300,82034,34,0
7300,82844,35,1
7400,82035,1,0
7400,82072,2,0
7400,82073,3,0
7400,82074,4,0
7400,82075,5,0
7400,82857,6,0
7400,82858,7,0
7400,82859,8,0
7400,82080,9,0
7400,82918,10,0
7400,82919,11,0
7400,82920,12,0
7400,82921,13,0
7400,82922,14,0
7400,82923,15,0
7400,82924,16,0
7400,82925,17,0
7400,82346,18,0
7400,82347,19,0
7400,82926,20,0
7400,82927,21,0
7400,82928,22,0
7400,82929,23,0
7400,82930,24,0
7400,82931,25,0
7400,82932,26,0
7400,82933,27,0
7400,82934,28,0
7400,82935,29,0
7400,82845,30,0
7400,82685,31,0
7400,82686,32,0
7400,82687,33,0
7400,82688,34,0
7400,82690,35,0
7400,82689,36,0
7400,82691,37,0
7400,82692,38,0
7400,82693,39,0
7400,82694,40,0
7400,82695,41,0
7400,82696,42,0
7400,82697,43,0
7400,82698,44,0
7400,82699,45,0
7400,82700,46,0
7400,82701,47,0
7400,82702,48,0
7400,82703,49,0
7400,82704,50,0
7400,82705,51,0
7400,82706,52,0
7400,82707,53,0
7400,82708,54,0
7400,82709,55,0
7400,82846,56,0
7400,82710,57,0
7400,82936,58,0
7400,82937,59,0
7400,82352,60,0
7400,82353,61,0
7400,82354,62,0
7400,82355,63,0
7400,82356,64,0
7400,82357,65,0
7400,82358,66,0
7400,82359,67,0
7400,82360,68,0
7400,82361,69,0
7400,82362,70,0
7400,82363,71,0
7400,82938,72,0
7400,82939,73,0
7400,82940,74,0
7400,82941,75,0
7400,82942,76,0
7400,82943,77,0
7400,82365,78,0
7400,82310,79,0
7400,82311,80,0
7400,82312,81,0
7400,82313,82,0
7400,82314,83,0
7400,82117,84,0
7400,82860,85,0
7400,82950,86,0
7400,82076,87,0
7400,82121,88,0
7400,82122,89,0
7400,82123,90,0
7400,82124,91,0
7400,82125,92,1
8000,80079,1,0
8000,80080,2,0
8000,80081,3,0
8000,80082,4,0
8000,80083,5,0
8000,80084,6,0
8000,80213,7,0
8000,80239,8,0
8000,80238,9,0
8000,80237,10,0
8000,80217,11,0
8000,80218,12,0
8000,80091,13,0
8000,80092,14,0
8000,80094,15,0
8000,80095,16,0
8000,80096,17,0
8000,80097,18,0
8000,80098,19,0
8000,80090,20,0
8000,80099,21,0
8000,80100,22,0
8000,80220,23,0
8000,80101,24,0
8000,80102,25,0
8000,80103,26,0
8000,80259,27,0
8000,80260,28,0
8000,80261,29,0
8000,80058,30,0
8000,80262,31,0
8000,80105,32,0
8000,80263,33,0
8000,80106,34,0
8000,80107,35,0
8000,80265,36,0
8000,80108,37,0
8000,80109,38,0
8000,80110,39,0
8000,80266,40,0
8000,80150,41,0
8000,80149,42,0
8000,80151,43,0
8000,80152,44,0
8000,80153,45,0
8000,80154,46,0
8000,80033,47,0
8000,80240,48,0
8000,80199,49,0
8000,81120,50,0
8000,81121,51,0
8000,80148,52,0
8000,81013,53,0
8000,80028,54,0
8000,80029,55,0
8000,81124,56,0
8000,81125,57,0
8000,80030,58,0
8000,81126,59,0
8000,81219,60,0
8000,81220,61,0
8000,81221,62,0
8000,81222,63,0
8000,81228,64,0
8000,81160,65,0
8000,81161,66,0
8000,81162,67,0
8000,81163,68,0
8000,81000,69,1
8001,81000,1,0
8001,81004,2,0
8001,81005,3,0
8001,81006,4,0
8001,81007,5,0
8001,81008,6,0
8001,81165,7,0
8001,81009,8,0
8001,81217,9,0
8001,81010,10,0
8001,81218,11,0
8001,81011,12,0
8001,81012,13,0
8001,80031,14,0
8001,80032,15,0
8001,81013,16,0
8001,81014,17,0
8001,80198,18,0
8001,81015,19,0
8001,80139,20,0
8001,80240,21,0
8001,80033,22,0
8001,80138,23,0
8001,80140,24,0
8001,80141,25,0
8001,80142,26,0
8001,80143,27,0
8001,80036,28,0
8001,80144,29,0
8001,80145,30,0
8001,80208,31,0
8001,80051,32,0
8001,80052,33,0
8001,80053,34,0
8001,80210,35,0
8001,80054,36,0
8001,80055,37,0
8001,80056,38,0
8001,80211,39,0
8001,80057,40,0
8001,80104,41,0
8001,80059,42,0
8001,80060,43,0
8001,80212,44,0
8001,80221,45,0
8001,80222,46,0
8001,80061,47,0
8001,80063,48,0
8001,80071,49,0
8001,80072,50,0
8001,80073,51,0
8001,80070,52,0
8001,80074,53,0
8001,80075,54,0
8001,80076,55,0
8001,80077,56,0
8001,80079,57,1
8100,80064,1,0
8100,80080,2,0
8100,80081,3,0
8100,80082,4,0
8100,80083,5,0
8100,80084,6,0
8100,80213,7,0
8100,80065,8,0
8100,80066,9,0
8100,80067,10,0
8100,80068,11,0
8100,80069,12,0
8100,80078,13,0
8100,80089,14,0
8100,80085,15,0
8100,80086,16,0
8100,80087,17,0
8100,80088,18,0
8100,80103,19,0
8100,80259,20,0
8100,80260,21,0
8100,80261,22,0
8100,80058,23,0
8100,80262,24,0
8100,80105,25,0
8100,80263,26,0
8100,80106,27,0
8100,80107,28,0
8100,80265,29,0
8100,80108,30,0
8100,80109,31,0
8100,80110,32,0
8100,80266,33,0
8100,80150,34,0
8100,80149,35,0
8100,80151,36,0
8100,80152,37,0
8100,80153,38,0
8100,80154,39,0
8100,80033,40,0
8100,80240,41,0
8100,80199,42,0
8100,81120,43,0
8100,81121,44,0
8100,80148,45,0
8100,81013,46,0
8100,80028,47,0
8100,80029,48,0
8100,81124,49,0
8100,81125,50,0
8100,80030,51,0
8100,81126,52,0
8100,81219,53,0
8100,81220,54,0
8100,81221,55,0
8100,81222,56,0
8100,81228,57,0
8100,81160,58,0
8100,81161,59,0
8100,81162,60,0
8100,81163,61,0
8100,81000,62,1
8101,81000,1,0
8101,81004,2,0
8101,81005,3,0
8101,81006,4,0
8101,81007,5,0
8101,81008,6,0
8101,81165,7,0
8101,81009,8,0
8101,81217,9,0
8101,81010,10,0
8101,81218,11,0
8101,81011,12,0
8101,81012,13,0
8101,80031,14,0
8101,80032,15,0
8101,81013,16,0
8101,81014,17,0
8101,80198,18,0
8101,81015,19,0
8101,80139,20,0
8101,80240,21,0
8101,80033,22,0
8101,80138,23,0
8101,80140,24,0
8101,80141,25,0
8101,80142,26,0
8101,80143,27,0
8101,80036,28,0
8101,80144,29,0
8101,80145,30,0
8101,80208,31,0
8101,80051,32,0
8101,80052,33,0
8101,80053,34,0
8101,80210,35,0
8101,80054,36,0
8101,80055,37,0
8101,80056,38,0
8101,80211,39,0
8101,80057,40,0
8101,80104,41,0
8101,80059,42,0
8101,80060,43,0
8101,80212,44,0
8101,80221,45,0
8101,80222,46,0
8101,80123,47,0
8101,80122,48,0
8101,80093,49,0
8101,80019,50,0
8101,80024,51,0
8101,80025,52,0
8101,80026,53,0
8101,80027,54,0
8101,80034,55,0
8101,80035,56,0
8101,80037,57,0
8101,80038,58,0
8101,80040,59,0
8101,80041,60,0
8101,80043,61,0
8101,80044,62,0
8101,80062,63,0
8101,80064,64,1
8800,81000,1,0
8800,82399,2,0
8800,82829,3,0
8800,82401,4,0
8800,82402,5,0
8800,82403,6,0
8800,82404,7,0
8800,81225,8,0
8800,82405,9,0
8800,82406,10,0
8800,81052,11,0
8800,82407,12,0
8800,81226,13,0
8800,82408,14,0
8800,82409,15,0
8800,82410,16,0
8800,82411,17,0
8800,82412,18,0
8800,82413,19,0
8800,82414,20,0
8800,82415,21,0
8800,82416,22,0
8800,82417,23,0
8800,82418,24,0
8800,82419,25,0
8800,82420,26,0
8800,82714,27,0
8800,82421,28,0
8800,82422,29,0
8800,82850,30,0
8800,82423,31,0
8800,82247,32,0
8800,82248,33,0
8800,82249,34,0
8800,82250,35,0
8800,82251,36,0
8800,82252,37,0
8800,82253,38,0
8800,82254,39,0
8800,82851,40,0
8800,82852,41,0
8800,82853,42,0
8800,82029,43,0
8800,82030,44,0
8800,82031,45,0
8800,82032,46,0
8800,82033,47,0
8800,82034,48,0
8800,82844,49,0
8800,82035,50,0
8800,82072,51,0
8800,82073,52,0
8800,82074,53,0
8800,82075,54,0
8800,82076,55,1
8801,82076,1,0
8801,82077,2,0
8801,82078,3,0
8801,82079,4,0
8801,82080,5,0
8801,82307,6,0
8801,83105,7,0
8801,82367,8,0
8801,82956,9,0
8801,82337,10,0
8801,82038,11,0
8801,82039,12,0
8801,82040,13,0
8801,82041,14,0
8801,82368,15,0
8801,82369,16,0
8801,82370,17,0
8801,82371,18,0
8801,82216,19,0
8801,82217,20,0
8801,82218,21,0
8801,82219,22,0
8801,82220,23,0
8801,82964,24,0
8801,82221,25,0
8801,82222,26,0
8801,82372,27,0
8801,82849,28,0
8801,82373,29,0
8801,82961,30,0
8801,82374,31,0
8801,82823,32,0
8801,82375,33,0
8801,82376,34,0
8801,82398,35,0
8801,82377,36,0
8801,82378,37,0
8801,82379,38,0
8801,82380,39,0
8801,82381,40,0
8801,82382,41,0
8801,82383,42,0
8801,82384,43,0
8801,82385,44,0
8801,82386,45,0
8801,82387,46,0
8801,82388,47,0
8801,82389,48,0
8801,82390,49,0
8801,82391,50,0
8801,82392,51,0
8801,82393,52,0
8801,82394,53,0
8801,82395,54,0
8801,82396,55,0
8801,81000,56,1
8900,81013,1,0
8900,80028,2,0
8900,80029,3,0
8900,81124,4,0
8900,81125,5,0
8900,80030,6,0
8900,81126,7,0
8900,81127,8,0
8900,81227,9,0
8900,81053,10,0
8900,81036,11,0
8900,81229,12,0
8900,81075,13,0
8900,81230,14,0
8900,81231,15,0
8900,81232,16,0
8900,81233,17,0
8900,81097,18,0
8900,81234,19,0
8900,81235,20,0
8900,81236,21,0
8900,81237,22,0
8900,81238,23,0
8900,81174,24,0
8900,81239,25,0
8900,81240,26,0
8900,81241,27,0
8900,81180,28,0
8900,81242,29,0
8900,81243,30,0
8900,81244,31,0
8900,81245,32,0
8900,81246,33,0
8900,81247,34,0
8900,81248,35,0
8900,81223,36,0
8900,81249,37,0
8900,81250,38,0
8900,81251,39,0
8900,81255,40,0
8900,81252,41,0
8900,81253,42,0
8900,81254,43,0
8900,81144,44,0
8900,81145,45,0
8900,81256,46,0
8900,81257,47,0
8900,81258,48,0
8900,81000,49,1
8901,81000,1,0
8901,81259,2,0
8901,81260,3,0
8901,81261,4,0
8901,81262,5,0
8901,81044,6,0
8901,81046,7,0
8901,81047,8,0
8901,81048,9,0
8901,81049,10,0
8901,81264,11,0
8901,81068,12,0
8901,81057,13,0
8901,81069,14,0
8901,81224,15,0
8901,81070,16,0
8901,81071,17,0
8901,81265,18,0
8901,81266,19,0
8901,81267,20,0
8901,81268,21,0
8901,81269,22,0
8901,81179,23,0
8901,81072,24,0
8901,81270,25,0
8901,81271,26,0
8901,81073,27,0
8901,81074,28,0
8901,81272,29,0
8901,81273,30,0
8901,81274,31,0
8901,81275,32,0
8901,81093,33,0
8901,81170,34,0
8901,81276,35,0
8901,81277,36,0
8901,81171,37,0
8901,81167,38,0
8901,81114,39,0
8901,81278,40,0
8901,81039,41,0
8901,81054,42,0
8901,81279,43,0
8901,81023,44,0
8901,81280,45,0
8901,81218,46,0
8901,81011,47,0
8901,81012,48,0
8901,80031,49,0
8901,80032,50,0
8901,81013,51,1
9000,81013,1,0
9000,81014,2,0
9000,80198,3,0
9000,81015,4,0
9000,81169,5,0
9000,81016,6,0
9000,81017,7,0
9000,81056,8,0
9000,81018,9,0
9000,81019,10,0
9000,81032,11,0
9000,81020,12,0
9000,81314,13,0
9000,81021,14,0
9000,81076,15,0
9000,81077,16,0
9000,81078,17,0
9000,81079,18,0
9000,81080,19,0
9000,81081,20,0
9000,81082,21,0
9000,81083,22,0
9000,81084,23,0
9000,81085,24,0
9000,81086,25,0
9000,81281,26,0
9000,81087,27,0
9000,81088,28,0
9000,81282,29,0
9000,81089,30,0
9000,81090,31,0
9000,81091,32,0
9000,81092,33,0
9000,81093,34,0
9000,81283,35,0
9000,81135,36,0
9000,81284,37,0
9000,81173,38,0
9000,81285,39,0
9000,81162,40,0
9000,81163,41,0
9000,81000,42,1
9001,81000,1,0
9001,81004,2,0
9001,80000,3,0
9001,81286,4,0
9001,81172,5,0
9001,81166,6,0
9001,81033,7,0
9001,81034,8,0
9001,81164,9,0
9001,81097,10,0
9001,81234,11,0
9001,81099,12,0
9001,81100,13,0
9001,81101,14,0
9001,81287,15,0
9001,81102,16,0
9001,81103,17,0
9001,81288,18,0
9001,81104,19,0
9001,81105,20,0
9001,81289,21,0
9001,81106,22,0
9001,81107,23,0
9001,81108,24,0
9001,81290,25,0
9001,81109,26,0
9001,81110,27,0
9001,81111,28,0
9001,81112,29,0
9001,81113,30,0
9001,81114,31,0
9001,81313,32,0
9001,81115,33,0
9001,81035,34,0
9001,81116,35,0
9001,81117,36,0
9001,81055,37,0
9001,81118,38,0
9001,81119,39,0
9001,81120,40,0
9001,81121,41,0
9001,81122,42,0
9001,81013,43,1
9100,81000,1,0
9100,81004,2,0
9100,80000,3,0
9100,81037,4,0
9100,81038,5,0
9100,81136,6,0
9100,81292,7,0
9100,81293,8,0
9100,81294,9,0
9100,81295,10,0
9100,81040,11,0
9100,81296,12,0
9100,81298,13,0
9100,81299,14,0
9100,81300,15,0
9100,81301,16,0
9100,81041,17,0
9100,81297,18,0
9100,81250,19,0
9100,81251,20,0
9100,81255,21,0
9100,81050,22,0
9100,81051,23,0
9100,81052,24,0
9100,82407,25,0
9100,81226,26,0
9100,82408,27,0
9100,82409,28,0
9100,82410,29,0
9100,82411,30,0
9100,82412,31,0
9100,82413,32,0
9100,82414,33,0
9100,82415,34,0
9100,82416,35,0
9100,82417,36,0
9100,81059,37,0
9100,81302,38,0
9100,81303,39,0
9100,81060,40,0
9100,81061,41,0
9100,81062,42,0
9100,81063,43,0
9100,81065,44,0
9100,81064,45,0
9100,81066,46,0
9100,81067,47,0
9100,81252,48,0
9100,81253,49,0
9100,81254,50,0
9100,81144,51,0
9100,81143,52,0
9100,81142,53,0
9100,81141,54,0
9100,81304,55,0
9100,81042,56,0
9100,81043,57,0
9100,81045,58,0
9100,81163,59,1
9201,81000,1,0
9201,81305,2,0
9201,81306,3,0
9201,81149,4,0
9201,81150,5,0
9201,81151,6,0
9201,81152,7,0
9201,81153,8,0
9201,81155,9,0
9201,80005,10,0
9201,80006,11,0
9201,80007,12,0
9201,80008,13,0
9201,80009,14,0
9201,81307,15,0
9201,81308,16,0
9201,81312,17,0
9201,81309,18,0
9201,81311,19,0
9201,81013,20,0
9201,80028,21,0
9201,80029,22,0
9201,81124,23,0
9201,81125,24,0
9201,81126,25,0
9201,81127,26,0
9201,81024,27,0
9201,81026,28,0
9201,81028,29,0
9201,81027,30,0
9201,81029,31,0
9201,81030,32,0
9201,81025,33,0
9201,81128,34,0
9201,81129,35,0
9201,81130,36,0
9201,81131,37,0
9201,81132,38,0
9201,81134,39,0
9201,81133,40,0
9201,81154,41,1
9300,81013,1,0
9300,81014,2,0
9300,80198,3,0
9300,81015,4,0
9300,80139,5,0
9300,80240,6,0
9300,80033,7,0
9300,80138,8,0
9300,80140,9,0
9300,80141,10,0
9300,80142,11,0
9300,80143,12,0
9300,80036,13,0
9300,80144,14,0
9300,80145,15,0
9300,80121,16,0
9300,80111,17,0
9300,80112,18,0
9300,80113,19,0
9300,80114,20,0
9300,80115,21,0
9300,80116,22,0
9300,80267,23,0
9300,80117,24,0
9300,80118,25,0
9300,80119,26,0
9300,80042,27,0
9300,80126,28,0
9300,80127,29,0
9300,80020,30,0
9300,80192,31,0
9300,80012,32,0
9300,80130,33,0
9300,80014,34,0
9300,80276,35,0
9300,80016,36,0
9300,80193,37,0
9300,80017,38,0
9300,80018,39,0
9300,80131,40,0
9300,80277,41,0
9300,80278,42,0
9300,80279,43,0
9300,80280,44,0
9300,80136,45,0
9300,80137,46,0
9300,80135,47,0
9300,81168,48,0
9300,81158,49,0
9300,81159,50,0
9300,81216,51,0
9300,81160,52,0
9300,81161,53,0
9300,81162,54,0
9300,81163,55,0
9300,81000,56,1
9301,81000,1,0
9301,81004,2,0
9301,81005,3,0
9301,81006,4,0
9301,81007,5,0
9301,80001,6,0
9301,80002,7,0
9301,80003,8,0
9301,80004,9,0
9301,80005,10,0
9301,80006,11,0
9301,80007,12,0
9301,80008,13,0
9301,80009,14,0
9301,80191,15,0
9301,80011,16,0
9301,80130,17,0
9301,80014,18,0
9301,80276,19,0
9301,80016,20,0
9301,80193,21,0
9301,80017,22,0
9301,80018,23,0
9301,80010,24,0
9301,80013,25,0
9301,80272,26,0
9301,80021,27,0
9301,80022,28,0
9301,80023,29,0
9301,80194,30,0
9301,80045,31,0
9301,80046,32,0
9301,80205,33,0
9301,80206,34,0
9301,80047,35,0
9301,80207,36,0
9301,80048,37,0
9301,80049,38,0
9301,80050,39,0
9301,80120,40,0
9301,80150,41,0
9301,80149,42,0
9301,80151,43,0
9301,80152,44,0
9301,80153,45,0
9301,80154,46,0
9301,80240,47,0
9301,80033,48,0
9301,80199,49,0
9301,81120,50,0
9301,81121,51,0
9301,80148,52,0
9301,81013,53,1
10000,80470,1,0
10000,80800,2,0
10000,80471,3,0
10000,80472,4,0
10000,80473,5,0
10000,80474,6,0
10000,80836,7,0
10000,80476,8,0
10000,80477,9,0
10000,80478,10,0
10000,80479,11,0
10000,80480,12,0
10000,80481,13,0
10000,80482,14,0
10000,80483,15,0
10000,80808,16,0
10000,80809,17,0
10000,80806,18,0
10000,80488,19,0
10000,80489,20,0
10000,80490,21,0
10000,80491,22,0
10000,80492,23,0
10000,80493,24,0
10000,80494,25,0
10000,80495,26,0
10000,80496,27,0
10000,80497,28,0
10000,80498,29,0
10000,80499,30,0
10000,80500,31,0
10000,80411,32,0
10000,80501,33,1
10001,80501,1,0
10001,80440,2,0
10001,80560,3,0
10001,80441,4,0
10001,80442,5,0
10001,80443,6,0
10001,80444,7,0
10001,80445,8,0
10001,80446,9,0
10001,80447,10,0
10001,80448,11,0
10001,80449,12,0
10001,80450,13,0
10001,80451,14,0
10001,80452,15,0
10001,80804,16,0
10001,80806,17,0
10001,80805,18,0
10001,80807,19,0
10001,80457,20,0
10001,80458,21,0
10001,80459,22,0
10001,80460,23,0
10001,80461,24,0
10001,80462,25,0
10001,80463,26,0
10001,80464,27,0
10001,80465,28,0
10001,80843,29,0
10001,80467,30,0
10001,80468,31,0
10001,80469,32,0
10001,80799,33,0
10001,80470,34,1
10100,80501,1,0
10100,80502,2,0
10100,80503,3,0
10100,80504,4,0
10100,80505,5,0
10100,80506,6,0
10100,80507,7,0
10100,80508,8,0
10100,80509,9,0
10100,80510,10,0
10100,80511,11,0
10100,80512,12,0
10100,80513,13,0
10100,80514,14,0
10100,80515,15,0
10100,80516,16,0
10100,80517,17,0
10100,80518,18,0
10100,80519,19,0
10100,80520,20,0
10100,80521,21,0
10100,80522,22,0
10100,80523,23,0
10100,80803,24,0
10100,80524,25,0
10100,80525,26,0
10100,80526,27,0
10100,80527,28,0
10100,80528,29,0
10100,80529,30,0
10100,80975,31,0
10100,80530,32,1
10101,80530,1,0
10101,82526,2,0
10101,80531,3,0
10101,80532,4,0
10101,80533,5,0
10101,80534,6,0
10101,80535,7,0
10101,80536,8,0
10101,80537,9,0
10101,80538,10,0
10101,80539,11,0
10101,80540,12,0
10101,80541,13,0
10101,80542,14,0
10101,80543,15,0
10101,80544,16,0
10101,80545,17,0
10101,80546,18,0
10101,80547,19,0
10101,80548,20,0
10101,80549,21,0
10101,80550,22,0
10101,80551,23,0
10101,80802,24,0
10101,80552,25,0
10101,80553,26,0
10101,80554,27,0
10101,80555,28,0
10101,80556,29,0
10101,80557,30,0
10101,80558,31,0
10101,80559,32,0
10101,80501,33,1
10200,80593,1,0
10200,80478,2,0
10200,80594,3,0
10200,80595,4,0
10200,80596,5,0
10200,80597,6,0
10200,80598,7,0
10200,80599,8,0
10200,80600,9,0
10200,80601,10,0
10200,80602,11,0
10200,80603,12,0
10200,80604,13,0
10200,80605,14,0
10200,80606,15,0
10200,80607,16,0
10200,80608,17,0
10200,80609,18,0
10200,80610,19,0
10200,80611,20,0
10200,80612,21,0
10200,80613,22,0
10200,80614,23,0
10200,80615,24,0
10200,80616,25,0
10200,80617,26,0
10200,80618,27,0
10200,80619,28,0
10200,80620,29,0
10200,80621,30,0
10200,80622,31,0
10200,80499,32,0
10200,80500,33,0
10200,80411,34,0
10200,80501,35,1
10201,80501,1,0
10201,80440,2,0
10201,80560,3,0
10201,80441,4,0
10201,80561,5,0
10201,80562,6,0
10201,80563,7,0
10201,80564,8,0
10201,80565,9,0
10201,80566,10,0
10201,80567,11,0
10201,80568,12,0
10201,80569,13,0
10201,80570,14,0
10201,80571,15,0
10201,80572,16,0
10201,80573,17,0
10201,80574,18,0
10201,80575,19,0
10201,80576,20,0
10201,80577,21,0
10201,80578,22,0
10201,80579,23,0
10201,80580,24,0
10201,80581,25,0
10201,80582,26,0
10201,80583,27,0
10201,80584,28,0
10201,80585,29,0
10201,80586,30,0
10201,80587,31,0
10201,80589,32,0
10201,80590,33,0
10201,80591,34,0
10201,80592,35,0
10201,80593,36,1
10300,80593,1,0
10300,80462,2,0
10300,80645,3,0
10300,80646,4,0
10300,80647,5,0
10300,80648,6,0
10300,80649,7,0
10300,80650,8,0
10300,80651,9,0
10300,80652,10,0
10300,80653,11,0
10300,80654,12,0
10300,80655,13,0
10300,80656,14,0
10300,80657,15,0
10300,80658,16,0
10300,80659,17,0
10300,80660,18,0
10300,80661,19,0
10300,80662,20,0
10300,80663,21,0
10300,80664,22,0
10300,80665,23,0
10300,80719,24,0
10300,80501,25,1
10301,80501,1,0
10301,80588,2,0
10301,80624,3,0
10301,80625,4,0
10301,80626,5,0
10301,80627,6,0
10301,80628,7,0
10301,80629,8,0
10301,80630,9,0
10301,80631,10,0
10301,80632,11,0
10301,80633,12,0
10301,80634,13,0
10301,80635,14,0
10301,80636,15,0
10301,80637,16,0
10301,80638,17,0
10301,80639,18,0
10301,80640,19,0
10301,80641,20,0
10301,80801,21,0
10301,80642,22,0
10301,80643,23,0
10301,80644,24,0
10301,80461,25,0
10301,80593,26,1
10500,80893,1,0
10500,80894,2,0
10500,80895,3,0
10500,80896,4,0
10500,80897,5,0
10500,80898,6,0
10500,80899,7,0
10500,80900,8,0
10500,80901,9,0
10500,80902,10,0
10500,80903,11,0
10500,80904,12,0
10500,80905,13,0
10500,80906,14,0
10500,80907,15,0
10500,80908,16,0
10500,80909,17,0
10500,80910,18,0
10500,80911,19,0
10500,80912,20,0
10500,80913,21,0
10500,80914,22,0
10500,80915,23,0
10500,80916,24,0
10500,80917,25,0
10500,80918,26,0
10500,80919,27,0
10500,80920,28,0
10500,80921,29,0
10500,80477,30,0
10500,80478,31,0
10500,80594,32,0
10500,80922,33,0
10500,80923,34,0
10500,80924,35,0
10500,80925,36,0
10500,80926,37,0
10500,80927,38,0
10500,80928,39,0
10500,80929,40,0
10500,80930,41,0
10500,80931,42,0
10500,80932,43,0
10500,80665,44,0
10500,80719,45,0
10500,80501,46,1
10501,80501,1,0
10501,80588,2,0
10501,80624,3,0
10501,80625,4,0
10501,80880,5,0
10501,80881,6,0
10501,80882,7,0
10501,80883,8,0
10501,80884,9,0
10501,80885,10,0
10501,80886,11,0
10501,80887,12,0
10501,80888,13,0
10501,80889,14,0
10501,80890,15,0
10501,80891,16,0
10501,80592,17,0
10501,80462,18,0
10501,80463,19,0
10501,80464,20,0
10501,80892,21,0
10501,80893,22,0
10501,80894,23,0
10501,80895,24,0
10501,80896,25,0
10501,80897,26,0
10501,80898,27,0
10501,80899,28,0
10501,80900,29,0
10501,80901,30,0
10501,80902,31,0
10501,80903,32,1
10700,80470,1,0
10700,80720,2,0
10700,80721,3,0
10700,80722,4,0
10700,80723,5,0
10700,80724,6,0
10700,80725,7,0
10700,80726,8,0
10700,80727,9,0
10700,80728,10,0
10700,80729,11,0
10700,80730,12,0
10700,80731,13,0
10700,80732,14,0
10700,80733,15,0
10700,80734,16,0
10700,80845,17,0
10700,80735,18,0
10700,80736,19,0
10700,80737,20,0
10700,80738,21,0
10700,80739,22,0
10700,80421,23,0
10700,80740,24,0
10700,80741,25,0
10700,80742,26,0
10700,80743,27,0
10700,80744,28,0
10700,80745,29,0
10700,80746,30,0
10700,80747,31,0
10700,80748,32,0
10700,80749,33,0
10700,80750,34,0
10700,80751,35,0
10700,80685,36,0
10700,80501,37,1
10701,80501,1,0
10701,80685,2,0
10701,80686,3,0
10701,80687,4,0
10701,80688,5,0
10701,80689,6,0
10701,80690,7,0
10701,80691,8,0
10701,80692,9,0
10701,80693,10,0
10701,80694,11,0
10701,80695,12,0
10701,80696,13,0
10701,80697,14,0
10701,80698,15,0
10701,80420,16,0
10701,80699,17,0
10701,80700,18,0
10701,80701,19,0
10701,80702,20,0
10701,80703,21,0
10701,80734,22,0
10701,80705,23,0
10701,80706,24,0
10701,80707,25,0
10701,80708,26,0
10701,80709,27,0
10701,80710,28,0
10701,80711,29,0
10701,80712,30,0
10701,80713,31,0
10701,80714,32,0
10701,80715,33,0
10701,80716,34,0
10701,80717,35,0
10701,80718,36,0
10701,80470,37,1
